-3.1415926535897931e+00	 1.6274046039391954e-16	-6.6387395453236528e-03
-3.1354567304382504e+00	-2.0032340462038524e-04	-6.6387395438931339e-03
-3.1293208072867080e+00	-4.0064680916537376e-04	-6.6387395395994800e-03
-3.1231848841351653e+00	-6.0097021355915749e-04	-6.6387395324373584e-03
-3.1170489609836229e+00	-8.0129361772595872e-04	-6.6387395223974450e-03
-3.1109130378320802e+00	-1.0016170215897107e-03	-6.6387395094667408e-03
-3.1047771146805379e+00	-1.2019404250737907e-03	-6.6387394936284500e-03
-3.0986411915289951e+00	-1.4022638281012134e-03	-6.6387394748621620e-03
-3.0925052683774528e+00	-1.6025872305943240e-03	-6.6387394531436991e-03
-3.0863693452259100e+00	-1.8029106324750459e-03	-6.6387394284449300e-03
-3.0802334220743677e+00	-2.0032340336640711e-03	-6.6387394007338483e-03
-3.0740974989228249e+00	-2.2035574340816474e-03	-6.6387393699747404e-03
-3.0679615757712821e+00	-2.4038808336465517e-03	-6.6387393361276598e-03
-3.0618256526197398e+00	-2.6042042322768910e-03	-6.6387392991491380e-03
-3.0556897294681971e+00	-2.8045276298893571e-03	-6.6387392589910563e-03
-3.0495538063166547e+00	-3.0048510263992537e-03	-6.6387392156017676e-03
-3.0434178831651120e+00	-3.2051744217207502e-03	-6.6387391689250036e-03
-3.0372819600135696e+00	-3.4054978157661113e-03	-6.6387391189004705e-03
-3.0311460368620269e+00	-3.6058212084462103e-03	-6.6387390654635047e-03
-3.0250101137104846e+00	-3.8061445996700645e-03	-6.6387390085450321e-03
-3.0188741905589418e+00	-4.0064679893448349e-03	-6.6387389480714295e-03
-3.0127382674073995e+00	-4.2067913773756113e-03	-6.6387388839645248e-03
-3.0066023442558567e+00	-4.4071147636654331e-03	-6.6387388161414955e-03
-3.0004664211043139e+00	-4.6074381481151019e-03	-6.6387387445145741e-03
-2.9943304979527716e+00	-4.8077615306229074e-03	-6.6387386689912278e-03
-2.9881945748012289e+00	-5.0080849110849118e-03	-6.6387385894738681e-03
-2.9820586516496865e+00	-5.2084082893942008e-03	-6.6387385058594931e-03
-2.9759227284981438e+00	-5.4087316654412333e-03	-6.6387384180401779e-03
-2.9697868053466014e+00	-5.6090550391135127e-03	-6.6387383259023111e-03
-2.9636508821950587e+00	-5.8093784102955445e-03	-6.6387382293269298e-03
-2.9575149590435164e+00	-6.0097017788686667e-03	-6.6387381281889741e-03
-2.9513790358919736e+00	-6.2100251447104807e-03	-6.6387380223577345e-03
-2.9452431127404308e+00	-6.4103485076955373e-03	-6.6387379116965408e-03
-2.9391071895888885e+00	-6.6106718676944096e-03	-6.6387377960621229e-03
-2.9329712664373457e+00	-6.8109952245738259e-03	-6.6387376753051525e-03
-2.9268353432858034e+00	-7.0113185781965955e-03	-6.6387375492693605e-03
-2.9206994201342606e+00	-7.2116419284211607e-03	-6.6387374177920219e-03
-2.9145634969827183e+00	-7.4119652751018410e-03	-6.6387372807029449e-03
-2.9084275738311756e+00	-7.6122886180879602e-03	-6.6387371378250322e-03
-2.9022916506796332e+00	-7.8126119572245953e-03	-6.6387369889734675e-03
-2.8961557275280905e+00	-8.0129352923511664e-03	-6.6387368339558498e-03
-2.8900198043765482e+00	-8.2132586233026206e-03	-6.6387366725718750e-03
-2.8838838812250054e+00	-8.4135819499079733e-03	-6.6387365046128161e-03
-2.8777479580734626e+00	-8.6139052719911118e-03	-6.6387363298615783e-03
-2.8716120349219203e+00	-8.8142285893694772e-03	-6.6387361480920518e-03
-2.8654761117703775e+00	-9.0145519018549371e-03	-6.6387359590694963e-03
-2.8593401886188352e+00	-9.2148752092526820e-03	-6.6387357625493247e-03
-2.8532042654672924e+00	-9.4151985113615951e-03	-6.6387355582777424e-03
-2.8470683423157501e+00	-9.6155218079736482e-03	-6.6387353459904635e-03
-2.8409324191642074e+00	-9.8158450988736871e-03	-6.6387351254131163e-03
-2.8347964960126650e+00	-1.0016168383839039e-02	-6.6387348962603874e-03
-2.8286605728611223e+00	-1.0216491662639545e-02	-6.6387346582362210e-03
-2.8225246497095799e+00	-1.0416814935036925e-02	-6.6387344110327507e-03
-2.8163887265580372e+00	-1.0617138200784818e-02	-6.6387341543305816e-03
-2.8102528034064944e+00	-1.0817461459628117e-02	-6.6387338877976080e-03
-2.8041168802549521e+00	-1.1017784711302768e-02	-6.6387336110894828e-03
-2.7979809571034093e+00	-1.1218107955535643e-02	-6.6387333238482858e-03
-2.7918450339518670e+00	-1.1418431192043752e-02	-6.6387330257027507e-03
-2.7857091108003242e+00	-1.1618754420534189e-02	-6.6387327162672968e-03
-2.7795731876487819e+00	-1.1819077640703614e-02	-6.6387323951421860e-03
-2.7734372644972392e+00	-1.2019400852238373e-02	-6.6387320619121226e-03
-2.7673013413456968e+00	-1.2219724054813126e-02	-6.6387317161461590e-03
-2.7611654181941541e+00	-1.2420047248091041e-02	-6.6387313573973653e-03
-2.7550294950426117e+00	-1.2620370431723413e-02	-6.6387309852020057e-03
-2.7488935718910690e+00	-1.2820693605349003e-02	-6.6387305990788540e-03
-2.7427576487395262e+00	-1.3021016768593626e-02	-6.6387301985288191e-03
-2.7366217255879839e+00	-1.3221339921069860e-02	-6.6387297830340069e-03
-2.7304858024364411e+00	-1.3421663062376080e-02	-6.6387293520571459e-03
-2.7243498792848988e+00	-1.3621986192096244e-02	-6.6387289050411540e-03
-2.7182139561333560e+00	-1.3822309309799437e-02	-6.6387284414081227e-03
-2.7120780329818137e+00	-1.4022632415039232e-02	-6.6387279605588058e-03
-2.7059421098302709e+00	-1.4222955507353245e-02	-6.6387274618713698e-03
-2.6998061866787286e+00	-1.4423278586261912e-02	-6.6387269447010936e-03
-2.6936702635271859e+00	-1.4623601651268775e-02	-6.6387264083794632e-03
-2.6875343403756435e+00	-1.4823924701859064e-02	-6.6387258522130612e-03
-2.6813984172241008e+00	-1.5024247737499748e-02	-6.6387252754829635e-03
-2.6752624940725580e+00	-1.5224570757638084e-02	-6.6387246774434854e-03
-2.6691265709210157e+00	-1.5424893761701775e-02	-6.6387240573215420e-03
-2.6629906477694729e+00	-1.5625216749097091e-02	-6.6387234143152106e-03
-2.6568547246179306e+00	-1.5825539719209275e-02	-6.6387227475935761e-03
-2.6507188014663878e+00	-1.6025862671401082e-02	-6.6387220562943508e-03
-2.6445828783148455e+00	-1.6226185605011958e-02	-6.6387213395240306e-03
-2.6384469551633027e+00	-1.6426508519357501e-02	-6.6387205963558578e-03
-2.6323110320117604e+00	-1.6626831413728373e-02	-6.6387198258291771e-03
-2.6261751088602177e+00	-1.6827154287389377e-02	-6.6387190269476875e-03
-2.6200391857086753e+00	-1.7027477139578539e-02	-6.6387181986786899e-03
-2.6139032625571326e+00	-1.7227799969506064e-02	-6.6387173399512752e-03
-2.6077673394055898e+00	-1.7428122776353486e-02	-6.6387164496554615e-03
-2.6016314162540475e+00	-1.7628445559272503e-02	-6.6387155266401029e-03
-2.5954954931025047e+00	-1.7828768317383809e-02	-6.6387145697120089e-03
-2.5893595699509624e+00	-1.8029091049776062e-02	-6.6387135776339642e-03
-2.5832236467994196e+00	-1.8229413755504638e-02	-6.6387125491235077e-03
-2.5770877236478773e+00	-1.8429736433590506e-02	-6.6387114828508785e-03
-2.5709518004963345e+00	-1.8630059083018888e-02	-6.6387103774376071e-03
-2.5648158773447922e+00	-1.8830381702737729e-02	-6.6387092314545027e-03
-2.5586799541932495e+00	-1.9030704291656892e-02	-6.6387080434203742e-03
-2.5525440310417071e+00	-1.9231026848646457e-02	-6.6387068117989452e-03
-2.5464081078901644e+00	-1.9431349372534813e-02	-6.6387055349981785e-03
-2.5402721847386216e+00	-1.9631671862108010e-02	-6.6387042113672376e-03
-2.5341362615870793e+00	-1.9831994316107316e-02	-6.6387028391950275e-03
-2.5280003384355365e+00	-2.0032316733228361e-02	-6.6387014167075837e-03
-2.5218644152839942e+00	-2.0232639112118842e-02	-6.6386999420658867e-03
-2.5157284921324514e+00	-2.0432961451377265e-02	-6.6386984133635831e-03
-2.5095925689809091e+00	-2.0633283749550830e-02	-6.6386968286242598e-03
-2.5034566458293663e+00	-2.0833606005133457e-02	-6.6386951857990593e-03
-2.4973207226778240e+00	-2.1033928216564107e-02	-6.6386934827642905e-03
-2.4911847995262812e+00	-2.1234250382224752e-02	-6.6386917173181601e-03
-2.4850488763747385e+00	-2.1434572500438034e-02	-6.6386898871783470e-03
-2.4789129532231962e+00	-2.1634894569465445e-02	-6.6386879899787594e-03
-2.4727770300716534e+00	-2.1835216587504671e-02	-6.6386860232667015e-03
-2.4666411069201111e+00	-2.2035538552687643e-02	-6.6386839844996106e-03
-2.4605051837685683e+00	-2.2235860463077940e-02	-6.6386818710417505e-03
-2.4543692606170260e+00	-2.2436182316668239e-02	-6.6386796801606749e-03
-2.4482333374654832e+00	-2.2636504111377680e-02	-6.6386774090241530e-03
-2.4420974143139409e+00	-2.2836825845049535e-02	-6.6386750546960317e-03
-2.4359614911623981e+00	-2.3037147515448112e-02	-6.6386726141326683e-03
-2.4298255680108558e+00	-2.3237469120255871e-02	-6.6386700841786538e-03
-2.4236896448593130e+00	-2.3437790657070287e-02	-6.6386674615633440e-03
-2.4175537217077703e+00	-2.3638112123401167e-02	-6.6386647428961889e-03
-2.4114177985562280e+00	-2.3838433516667087e-02	-6.6386619246626092e-03
-2.4052818754046852e+00	-2.4038754834192405e-02	-6.6386590032189736e-03
-2.3991459522531429e+00	-2.4239076073203122e-02	-6.6386559747885158e-03
-2.3930100291016001e+00	-2.4439397230824236e-02	-6.6386528354560378e-03
-2.3868741059500578e+00	-2.4639718304075034e-02	-6.6386495811628643e-03
-2.3807381827985150e+00	-2.4840039289866001e-02	-6.6386462077019067e-03
-2.3746022596469727e+00	-2.5040360184994545e-02	-6.6386427107119894e-03
-2.3684663364954299e+00	-2.5240680986140879e-02	-6.6386390856720883e-03
-2.3623304133438876e+00	-2.5441001689863629e-02	-6.6386353278957005e-03
-2.3561944901923448e+00	-2.5641322292595477e-02	-6.6386314325247069e-03
-2.3500585670408021e+00	-2.5841642790638546e-02	-6.6386273945232581e-03
-2.3439226438892597e+00	-2.6041963180159784e-02	-6.6386232086708581e-03
-2.3377867207377170e+00	-2.6242283457185538e-02	-6.6386188695560676e-03
-2.3316507975861747e+00	-2.6442603617596955e-02	-6.6386143715691723e-03
-2.3255148744346319e+00	-2.6642923657124295e-02	-6.6386097088952396e-03
-2.3193789512830896e+00	-2.6843243571341713e-02	-6.6386048755062302e-03
-2.3132430281315468e+00	-2.7043563355661108e-02	-6.6385998651534847e-03
-2.3071071049800045e+00	-2.7243883005326666e-02	-6.6385946713595568e-03
-2.3009711818284617e+00	-2.7444202515408293e-02	-6.6385892874099859e-03
-2.2948352586769194e+00	-2.7644521880795716e-02	-6.6385837063442036e-03
-2.2886993355253766e+00	-2.7844841096191196e-02	-6.6385779209470665e-03
-2.2825634123738339e+00	-2.8045160156103602e-02	-6.6385719237391123e-03
-2.2764274892222915e+00	-2.8245479054840292e-02	-6.6385657069669762e-03
-2.2702915660707488e+00	-2.8445797786500474e-02	-6.6385592625936999e-03
-2.2641556429192065e+00	-2.8646116344967377e-02	-6.6385525822879989e-03
-2.2580197197676637e+00	-2.8846434723900513e-02	-6.6385456574133929e-03
-2.2518837966161214e+00	-2.9046752916726742e-02	-6.6385384790173104e-03
-2.2457478734645786e+00	-2.9247070916632936e-02	-6.6385310378195457e-03
-2.2396119503130363e+00	-2.9447388716556003e-02	-6.6385233241999233e-03
-2.2334760271614935e+00	-2.9647706309174821e-02	-6.6385153281864531e-03
-2.2273401040099512e+00	-2.9848023686899920e-02	-6.6385070394415482e-03
-2.2212041808584084e+00	-3.0048340841864158e-02	-6.6384984472496623e-03
-2.2150682577068657e+00	-3.0248657765912366e-02	-6.6384895405025386e-03
-2.2089323345553233e+00	-3.0448974450590808e-02	-6.6384803076855875e-03
-2.2027964114037806e+00	-3.0649290887136332e-02	-6.6384707368624674e-03
-2.1966604882522383e+00	-3.0849607066464953e-02	-6.6384608156600444e-03
-2.1905245651006955e+00	-3.1049922979160309e-02	-6.6384505312520655e-03
-2.1843886419491532e+00	-3.1250238615461119e-02	-6.6384398703426932e-03
-2.1782527187976104e+00	-3.1450553965248929e-02	-6.6384288191494749e-03
-2.1721167956460681e+00	-3.1650869018034704e-02	-6.6384173633852296e-03
-2.1659808724945253e+00	-3.1851183762945524e-02	-6.6384054882400725e-03
-2.1598449493429825e+00	-3.2051498188710663e-02	-6.6383931783616009e-03
-2.1537090261914402e+00	-3.2251812283646465e-02	-6.6383804178355319e-03
-2.1475731030398975e+00	-3.2452126035641855e-02	-6.6383671901648822e-03
-2.1414371798883551e+00	-3.2652439432141987e-02	-6.6383534782488455e-03
-2.1353012567368124e+00	-3.2852752460132903e-02	-6.6383392643607321e-03
-2.1291653335852700e+00	-3.3053065106124047e-02	-6.6383245301245104e-03
-2.1230294104337273e+00	-3.3253377356130875e-02	-6.6383092564917248e-03
-2.1168934872821850e+00	-3.3453689195657034e-02	-6.6382934237166034e-03
-2.1107575641306422e+00	-3.3654000609675619e-02	-6.6382770113302984e-03
-2.1046216409790999e+00	-3.3854311582609230e-02	-6.6382599981148248e-03
-2.0984857178275571e+00	-3.4054622098310755e-02	-6.6382423620755223e-03
-2.0923497946760143e+00	-3.4254932140041501e-02	-6.6382240804121785e-03
-2.0862138715244720e+00	-3.4455241690450306e-02	-6.6382051294903103e-03
-2.0800779483729293e+00	-3.4655550731550647e-02	-6.6381854848099843e-03
-2.0739420252213869e+00	-3.4855859244697654e-02	-6.6381651209745035e-03
-2.0678061020698442e+00	-3.5056167210563871e-02	-6.6381440116573863e-03
-2.0616701789183018e+00	-3.5256474609114463e-02	-6.6381221295684191e-03
-2.0555342557667591e+00	-3.5456781419580828e-02	-6.6380994464182485e-03
-2.0493983326152168e+00	-3.5657087620434409e-02	-6.6380759328820878e-03
-2.0432624094636740e+00	-3.5857393189358322e-02	-6.6380515585614166e-03
-2.0371264863121317e+00	-3.6057698103218745e-02	-6.6380262919451677e-03
-2.0309905631605889e+00	-3.6258002338035153e-02	-6.6380001003685137e-03
-2.0248546400090461e+00	-3.6458305868948965e-02	-6.6379729499708925e-03
-2.0187187168575038e+00	-3.6658608670191599e-02	-6.6379448056520683e-03
-2.0125827937059610e+00	-3.6858910715051096e-02	-6.6379156310270955e-03
-2.0064468705544187e+00	-3.7059211975837808e-02	-6.6378853883789519e-03
-2.0003109474028760e+00	-3.7259512423848291e-02	-6.6378540386098413e-03
-1.9941750242513334e+00	-3.7459812029328327e-02	-6.6378215411907696e-03
-1.9880391010997909e+00	-3.7660110761434551e-02	-6.6377878541088843e-03
-1.9819031779482483e+00	-3.7860408588194297e-02	-6.6377529338136256e-03
-1.9757672547967058e+00	-3.8060705476464743e-02	-6.6377167351599790e-03
-1.9696313316451632e+00	-3.8261001391889420e-02	-6.6376792113501211e-03
-1.9634954084936207e+00	-3.8461296298854322e-02	-6.6376403138735888e-03
-1.9573594853420782e+00	-3.8661590160441871e-02	-6.6375999924435459e-03
-1.9512235621905356e+00	-3.8861882938382684e-02	-6.6375581949324504e-03
-1.9450876390389933e+00	-3.9062174593006600e-02	-6.6375148673045387e-03
-1.9389517158874505e+00	-3.9262465083190957e-02	-6.6374699535459714e-03
-1.9328157927359080e+00	-3.9462754366308174e-02	-6.6374233955923982e-03
-1.9266798695843652e+00	-3.9663042398169694e-02	-6.6373751332535974e-03
-1.9205439464328224e+00	-3.9863329132969437e-02	-6.6373251041363657e-03
-1.9144080232812801e+00	-4.0063614523224531e-02	-6.6372732435631323e-03
-1.9082721001297376e+00	-4.0263898519713820e-02	-6.6372194844889236e-03
-1.9021361769781950e+00	-4.0464181071414279e-02	-6.6371637574139724e-03
-1.8960002538266525e+00	-4.0664462125434730e-02	-6.6371059902947784e-03
-1.8898643306751099e+00	-4.0864741626948149e-02	-6.6370461084503569e-03
-1.8837284075235674e+00	-4.1065019519120220e-02	-6.6369840344658940e-03
-1.8775924843720246e+00	-4.1265295743036140e-02	-6.6369196880924596e-03
-1.8714565612204823e+00	-4.1465570237624066e-02	-6.6368529861436246e-03
-1.8653206380689393e+00	-4.1665842939576828e-02	-6.6367838423876425e-03
-1.8591847149173970e+00	-4.1866113783269189e-02	-6.6367121674360879e-03
-1.8530487917658545e+00	-4.2066382700673907e-02	-6.6366378686283532e-03
-1.8469128686143119e+00	-4.2266649621273258e-02	-6.6365608499118480e-03
-1.8407769454627694e+00	-4.2466914471968153e-02	-6.6364810117174869e-03
-1.8346410223112268e+00	-4.2667177176983040e-02	-6.6363982508313626e-03
-1.8285050991596843e+00	-4.2867437657768612e-02	-6.6363124602614402e-03
-1.8223691760081417e+00	-4.3067695832900030e-02	-6.6362235290989401e-03
-1.8162332528565992e+00	-4.3267951617971770e-02	-6.6361313423749192e-03
-1.8100973297050564e+00	-4.3468204925487981e-02	-6.6360357809118389e-03
-1.8039614065535141e+00	-4.3668455664750180e-02	-6.6359367211695367e-03
-1.7978254834019713e+00	-4.3868703741739144e-02	-6.6358340350852049e-03
-1.7916895602504286e+00	-4.4068949058993924e-02	-6.6357275899083575e-03
-1.7855536370988863e+00	-4.4269191515485799e-02	-6.6356172480289037e-03
-1.7794177139473437e+00	-4.4469431006487446e-02	-6.6355028667990723e-03
-1.7732817907958012e+00	-4.4669667423437552e-02	-6.6353842983495146e-03
-1.7671458676442586e+00	-4.4869900653800858e-02	-6.6352613893976842e-03
-1.7610099444927161e+00	-4.5070130580921831e-02	-6.6351339810499224e-03
-1.7548740213411735e+00	-4.5270357083874807e-02	-6.6350019085962084e-03
-1.7487380981896310e+00	-4.5470580037307050e-02	-6.6348650012969671e-03
-1.7426021750380882e+00	-4.5670799311276884e-02	-6.6347230821623459e-03
-1.7364662518865459e+00	-4.5871014771085579e-02	-6.6345759677237208e-03
-1.7303303287350031e+00	-4.6071226277103416e-02	-6.6344234677961720e-03
-1.7241944055834606e+00	-4.6271433684588623e-02	-6.6342653852330862e-03
-1.7180584824319181e+00	-4.6471636843501328e-02	-6.6341015156710171e-03
-1.7119225592803755e+00	-4.6671835598308210e-02	-6.6339316472653178e-03
-1.7057866361288330e+00	-4.6872029787782626e-02	-6.6337555604168517e-03
-1.6996507129772904e+00	-4.7072219244795023e-02	-6.6335730274875741e-03
-1.6935147898257479e+00	-4.7272403796097998e-02	-6.6333838125070413e-03
-1.6873788666742053e+00	-4.7472583262101527e-02	-6.6331876708662996e-03
-1.6812429435226628e+00	-4.7672757456641041e-02	-6.6329843490028160e-03
-1.6751070203711202e+00	-4.7872926186736650e-02	-6.6327735840718332e-03
-1.6689710972195775e+00	-4.8073089252343770e-02	-6.6325551036073979e-03
-1.6628351740680349e+00	-4.8273246446094195e-02	-6.6323286251694915e-03
-1.6566992509164924e+00	-4.8473397553028423e-02	-6.6320938559796391e-03
-1.6505633277649499e+00	-4.8673542350317435e-02	-6.6318504925417096e-03
-1.6444274046134073e+00	-4.8873680606974605e-02	-6.6315982202504254e-03
-1.6382914814618650e+00	-4.9073812083557190e-02	-6.6313367129839287e-03
-1.6321555583103224e+00	-4.9273936531856306e-02	-6.6310656326830147e-03
-1.6260196351587797e+00	-4.9474053694576671e-02	-6.6307846289138852e-03
-1.6198837120072371e+00	-4.9674163305003731e-02	-6.6304933384150923e-03
-1.6137477888556946e+00	-4.9874265086658362e-02	-6.6301913846279377e-03
-1.6076118657041520e+00	-5.0074358752939904e-02	-6.6298783772103667e-03
-1.6014759425526093e+00	-5.0274444006755445e-02	-6.6295539115317726e-03
-1.5953400194010667e+00	-5.0474520540135549e-02	-6.6292175681503954e-03
-1.5892040962495240e+00	-5.0674588033836204e-02	-6.6288689122712399e-03
-1.5830681730979816e+00	-5.0874646156925996e-02	-6.6285074931841503e-03
-1.5769322499464391e+00	-5.1074694566358353e-02	-6.6281328436810921e-03
-1.5707963267948966e+00	-5.1274732906527815e-02	-6.6277444794525164e-03
-1.5646604036433540e+00	-5.1474760808810166e-02	-6.6273418984614790e-03
-1.5585244804918115e+00	-5.1674777891086189e-02	-6.6269245802946901e-03
-1.5523885573402689e+00	-5.1874783757246995e-02	-6.6264919854900142e-03
-1.5462526341887264e+00	-5.2074777996682302e-02	-6.6260435548396003e-03
-1.5401167110371838e+00	-5.2274760183749491e-02	-6.6255787086667069e-03
-1.5339807878856411e+00	-5.2474729877222945e-02	-6.6250968460769936e-03
-1.5278448647340985e+00	-5.2674686619723736e-02	-6.6245973441818110e-03
-1.5217089415825558e+00	-5.2874629937128187e-02	-6.6240795572933666e-03
-1.5155730184310134e+00	-5.3074559337954762e-02	-6.6235428160903919e-03
-1.5094370952794709e+00	-5.3274474312728512e-02	-6.6229864267530400e-03
-1.5033011721279284e+00	-5.3474374333322278e-02	-6.6224096700667010e-03
-1.4971652489763858e+00	-5.3674258852274052e-02	-6.6218118004923027e-03
-1.4910293258248433e+00	-5.3874127302078467e-02	-6.6211920452030511e-03
-1.4848934026733007e+00	-5.4073979094453502e-02	-6.6205496030863073e-03
-1.4787574795217582e+00	-5.4273813619579531e-02	-6.6198836437078171e-03
-1.4726215563702154e+00	-5.4473630245310878e-02	-6.6191933062392195e-03
-1.4664856332186729e+00	-5.4673428316358019e-02	-6.6184776983454346e-03
-1.4603497100671303e+00	-5.4873207153440441e-02	-6.6177358950323022e-03
-1.4542137869155878e+00	-5.5072966052408259e-02	-6.6169669374511100e-03
-1.4480778637640452e+00	-5.5272704283331586e-02	-6.6161698316600367e-03
-1.4419419406125029e+00	-5.5472421089556412e-02	-6.6153435473398055e-03
-1.4358060174609601e+00	-5.5672115686726226e-02	-6.6144870164631117e-03
-1.4296700943094176e+00	-5.5871787261767725e-02	-6.6135991319144494e-03
-1.4235341711578751e+00	-5.6071434971839230e-02	-6.6126787460602209e-03
-1.4173982480063327e+00	-5.6271057943240547e-02	-6.6117246692660569e-03
-1.4112623248547900e+00	-5.6470655270283207e-02	-6.6107356683604603e-03
-1.4051264017032472e+00	-5.6670226014119071e-02	-6.6097104650416393e-03
-1.3989904785517047e+00	-5.6869769201526130e-02	-6.6086477342265889e-03
-1.3928545554001621e+00	-5.7069283823649723e-02	-6.6075461023395237e-03
-1.3867186322486196e+00	-5.7268768834697892e-02	-6.6064041455379096e-03
-1.3805827090970770e+00	-5.7468223150588596e-02	-6.6052203878733569e-03
-1.3744467859455345e+00	-5.7667645647547630e-02	-6.6039932993858588e-03
-1.3683108627939919e+00	-5.7867035160655174e-02	-6.6027212941277063e-03
-1.3621749396424494e+00	-5.8066390482338956e-02	-6.6014027281155064e-03
-1.3560390164909069e+00	-5.8265710360812260e-02	-6.6000358972074400e-03
-1.3499030933393643e+00	-5.8464993498455055e-02	-6.5986190349028280e-03
-1.3437671701878215e+00	-5.8664238550135139e-02	-6.5971503100607015e-03
-1.3376312470362790e+00	-5.8863444121468218e-02	-6.5956278245364744e-03
-1.3314953238847365e+00	-5.9062608767014545e-02	-6.5940496107304786e-03
-1.3253594007331939e+00	-5.9261730988408472e-02	-6.5924136290482251e-03
-1.3192234775816516e+00	-5.9460809232420773e-02	-6.5907177652673827e-03
-1.3130875544301088e+00	-5.9659841888948795e-02	-6.5889598278084278e-03
-1.3069516312785661e+00	-5.9858827288933832e-02	-6.5871375449060281e-03
-1.3008157081270237e+00	-6.0057763702201873e-02	-6.5852485616764616e-03
-1.2946797849754810e+00	-6.0256649335224718e-02	-6.5832904370784519e-03
-1.2885438618239387e+00	-6.0455482328800006e-02	-6.5812606407631372e-03
-1.2824079386723961e+00	-6.0654260755645735e-02	-6.5791565498081617e-03
-1.2762720155208533e+00	-6.0852982617906184e-02	-6.5769754453333506e-03
-1.2701360923693108e+00	-6.1051645844567334e-02	-6.5747145089927210e-03
-1.2640001692177683e+00	-6.1250248288777058e-02	-6.5723708193376517e-03
-1.2578642460662257e+00	-6.1448787725066838e-02	-6.5699413480483472e-03
-1.2517283229146834e+00	-6.1647261846472352e-02	-6.5674229560269129e-03
-1.2455923997631406e+00	-6.1845668261547707e-02	-6.5648123893483814e-03
-1.2394564766115981e+00	-6.2044004491271003e-02	-6.5621062750634918e-03
-1.2333205534600555e+00	-6.2242267965835485e-02	-6.5593011168488691e-03
-1.2271846303085130e+00	-6.2440456021324621e-02	-6.5563932904981167e-03
-1.2210487071569704e+00	-6.2638565896263279e-02	-6.5533790392481202e-03
-1.2149127840054279e+00	-6.2836594728044065e-02	-6.5502544689358235e-03
-1.2087768608538849e+00	-6.3034539549221780e-02	-6.5470155429773911e-03
-1.2026409377023426e+00	-6.3232397283672415e-02	-6.5436580771647147e-03
-1.1965050145507998e+00	-6.3430164742610734e-02	-6.5401777342724158e-03
-1.1903690913992575e+00	-6.3627838620462923e-02	-6.5365700184676842e-03
-1.1842331682477150e+00	-6.3825415490586096e-02	-6.5328302695165114e-03
-1.1780972450961724e+00	-6.4022891800832593e-02	-6.5289536567794786e-03
-1.1719613219446299e+00	-6.4220263868950467e-02	-6.5249351729875331e-03
-1.1658253987930873e+00	-6.4417527877815434e-02	-6.5207696277919452e-03
-1.1596894756415448e+00	-6.4614679870488162e-02	-6.5164516410792725e-03
-1.1535535524900022e+00	-6.4811715745090079e-02	-6.5119756360419636e-03
-1.1474176293384595e+00	-6.5008631249490675e-02	-6.5073358319977879e-03
-1.1412817061869169e+00	-6.5205421975800870e-02	-6.5025262369473322e-03
-1.1351457830353744e+00	-6.5402083354662993e-02	-6.4975406398601809e-03
-1.1290098598838318e+00	-6.5598610649332256e-02	-6.4923726026814886e-03
-1.1228739367322893e+00	-6.5794998949540287e-02	-6.4870154520465491e-03
-1.1167380135807468e+00	-6.5991243165133773e-02	-6.4814622706950336e-03
-1.1106020904292042e+00	-6.6187338019479236e-02	-6.4757058885717865e-03
-1.1044661672776617e+00	-6.6383278042625588e-02	-6.4697388736057043e-03
-1.0983302441261191e+00	-6.6579057564215977e-02	-6.4635535221517510e-03
-1.0921943209745768e+00	-6.6774670706138600e-02	-6.4571418490873347e-03
-1.0860583978230340e+00	-6.6970111374908561e-02	-6.4504955775472475e-03
-1.0799224746714913e+00	-6.7165373253768285e-02	-6.4436061282871580e-03
-1.0737865515199487e+00	-6.7360449794499247e-02	-6.4364646086604695e-03
-1.0676506283684062e+00	-6.7555334208931769e-02	-6.4290618011947969e-03
-1.0615147052168636e+00	-6.7750019460142932e-02	-6.4213881517543271e-03
-1.0553787820653213e+00	-6.7944498253330751e-02	-6.4134337572729723e-03
-1.0492428589137786e+00	-6.8138763026353397e-02	-6.4051883530426507e-03
-1.0431069357622360e+00	-6.8332805939919777e-02	-6.3966412995402648e-03
-1.0369710126106935e+00	-6.8526618867419301e-02	-6.3877815687783815e-03
-1.0308350894591509e+00	-6.8720193384378001e-02	-6.3785977301610763e-03
-1.0246991663076084e+00	-6.8913520757526228e-02	-6.3690779358275898e-03
-1.0185632431560658e+00	-6.9106591933463843e-02	-6.3592099054660184e-03
-1.0124273200045231e+00	-6.9299397526908724e-02	-6.3489809105774994e-03
-1.0062913968529805e+00	-6.9491927808511433e-02	-6.3383777581710148e-03
-1.0001554737014380e+00	-6.9684172692222032e-02	-6.3273867738705882e-03
-9.9401955054989533e-01	-6.9876121722191292e-02	-6.3159937844101339e-03
-9.8788362739835278e-01	-7.0067764059188631e-02	-6.3041840994981918e-03
-9.8174770424681035e-01	-7.0259088466520070e-02	-6.2919424930271261e-03
-9.7561178109526792e-01	-7.0450083295426180e-02	-6.2792531836055356e-03
-9.6947585794372526e-01	-7.0640736469942234e-02	-6.2660998143884671e-03
-9.6333993479218272e-01	-7.0831035471198969e-02	-6.2524654321815913e-03
-9.5720401164064017e-01	-7.1020967321144768e-02	-6.2383324657926840e-03
-9.5106808848909752e-01	-7.1210518565665695e-02	-6.2236827036046185e-03
-9.4493216533755497e-01	-7.1399675257083087e-02	-6.2084972703423018e-03
-9.3879624218601254e-01	-7.1588422936003496e-02	-6.1927566030047267e-03
-9.3266031903446978e-01	-7.1776746612498776e-02	-6.1764404259332349e-03
-9.2652439588292723e-01	-7.1964630746589084e-02	-6.1595277249851957e-03
-9.2038847273138458e-01	-7.2152059228004786e-02	-6.1419967207826005e-03
-9.1425254957984214e-01	-7.2339015355198655e-02	-6.1238248410014056e-03
-9.0811662642829971e-01	-7.2525481813580803e-02	-6.1049886916708989e-03
-9.0198070327675706e-01	-7.2711440652948003e-02	-6.0854640274455724e-03
-8.9584478012521440e-01	-7.2896873264074624e-02	-6.0652257208158701e-03
-8.8970885697367186e-01	-7.3081760354437225e-02	-6.0442477302208317e-03
-8.8357293382212931e-01	-7.3266081923037130e-02	-6.0225030670224078e-03
-8.7743701067058666e-01	-7.3449817234287562e-02	-5.9999637613055391e-03
-8.7130108751904423e-01	-7.3632944790931826e-02	-5.9766008264604282e-03
-8.6516516436750157e-01	-7.3815442305952841e-02	-5.9523842225073500e-03
-8.5902924121595903e-01	-7.3997286673439203e-02	-5.9272828181189336e-03
-8.5289331806441637e-01	-7.4178453938364003e-02	-5.9012643512966981e-03
-8.4675739491287394e-01	-7.4358919265239243e-02	-5.8742953886560222e-03
-8.4062147176133140e-01	-7.4538656905599687e-02	-5.8463412832711970e-03
-8.3448554860978885e-01	-7.4717640164274263e-02	-5.8173661310325173e-03
-8.2834962545824620e-01	-7.4895841364394852e-02	-5.7873327254648575e-03
-8.2221370230670354e-01	-7.5073231811099150e-02	-5.7562025109563781e-03
-8.1607777915516100e-01	-7.5249781753871287e-02	-5.7239355343425141e-03
-8.0994185600361845e-01	-7.5425460347473813e-02	-5.6904903947935332e-03
-8.0380593285207591e-01	-7.5600235611411715e-02	-5.6558241919442446e-03
-7.9767000970053337e-01	-7.5774074387874049e-02	-5.6198924722134398e-03
-7.9153408654899082e-01	-7.5946942298094150e-02	-5.5826491732478582e-03
-7.8539816339744839e-01	-7.6118803697065140e-02	-5.5440465664331872e-03
-7.7926224024590574e-01	-7.6289621626547746e-02	-5.5040351974063586e-03
-7.7312631709436319e-01	-7.6459357766303471e-02	-5.4625638245064424e-03
-7.6699039394282054e-01	-7.6627972383482318e-02	-5.4195793550941770e-03
-7.6085447079127788e-01	-7.6795424280092575e-02	-5.3750267796762695e-03
-7.5471854763973545e-01	-7.6961670738477553e-02	-5.3288491037593866e-03
-7.4858262448819290e-01	-7.7126667464717233e-02	-5.2809872773661752e-03
-7.4244670133665036e-01	-7.7290368529875586e-02	-5.2313801221370625e-03
-7.3631077818510771e-01	-7.7452726309003933e-02	-5.1799642559427102e-03
-7.3017485503356516e-01	-7.7613691417810174e-02	-5.1266740149305554e-03
-7.2403893188202262e-01	-7.7773212646901096e-02	-5.0714413729270524e-03
-7.1790300873048007e-01	-7.7931236893496736e-02	-5.0141958581123615e-03
-7.1176708557893753e-01	-7.8087709090513449e-02	-4.9548644668889162e-03
-7.0563116242739499e-01	-7.8242572132908306e-02	-4.8933715748562864e-03
-6.9949523927585233e-01	-7.8395766801169373e-02	-4.8296388448105017e-03
-6.9335931612430979e-01	-7.8547231681835347e-02	-4.7635851316762817e-03
-6.8722339297276724e-01	-7.8696903084914629e-02	-4.6951263842884916e-03
-6.8108746982122470e-01	-7.8844714958079862e-02	-4.6241755439302779e-03
-6.7495154666968216e-01	-7.8990598797493344e-02	-4.5506424395361893e-03
-6.6881562351813950e-01	-7.9134483555122523e-02	-4.4744336794706021e-03
-6.6267970036659696e-01	-7.9276295542392031e-02	-4.3954525397866834e-03
-6.5654377721505441e-01	-7.9415958330013206e-02	-4.3135988488720899e-03
-6.5040785406351198e-01	-7.9553392643820858e-02	-4.2287688683873524e-03
-6.4427193091196933e-01	-7.9688516256441702e-02	-4.1408551704017063e-03
-6.3813600776042678e-01	-7.9821243874605319e-02	-4.0497465106310989e-03
-6.3200008460888413e-01	-7.9951487021901413e-02	-3.9553276976837734e-03
-6.2586416145734158e-01	-8.0079153916773047e-02	-3.8574794582183500e-03
-6.1972823830579904e-01	-8.0204149345526818e-02	-3.7560782979217276e-03
-6.1359231515425650e-01	-8.0326374530125449e-02	-3.6509963582125838e-03
-6.0745639200271395e-01	-8.0445726990515318e-02	-3.5421012685799246e-03
-6.0132046885117130e-01	-8.0562100401226036e-02	-3.4292559944688840e-03
-5.9518454569962886e-01	-8.0675384441966549e-02	-3.3123186806263351e-03
-5.8904862254808610e-01	-8.0785464641918187e-02	-3.1911424898219184e-03
-5.8291269939654355e-01	-8.0892222217412754e-02	-3.0655754368688476e-03
-5.7677677624500112e-01	-8.0995533902661176e-02	-2.9354602178663265e-03
-5.7064085309345847e-01	-8.1095271773174354e-02	-2.8006340345963156e-03
-5.6450492994191592e-01	-8.1191303061497591e-02	-2.6609284140124904e-03
-5.5836900679037338e-01	-8.1283489964851699e-02	-2.5161690227643385e-03
-5.5223308363883084e-01	-8.1371689444245873e-02	-2.3661754767123283e-03
-5.4609716048728829e-01	-8.1455753014598883e-02	-2.2107611453957110e-03
-5.3996123733574575e-01	-8.1535526525368759e-02	-2.0497329514287308e-03
-5.3382531418420309e-01	-8.1610849931158316e-02	-1.8828911648131829e-03
-5.2768939103266055e-01	-8.1681557051721324e-02	-1.7100291921689340e-03
-5.2155346788111800e-01	-8.1747475320752300e-02	-1.5309333609019285e-03
-5.1541754472957546e-01	-8.1808425522795519e-02	-1.3453826983490524e-03
-5.0928162157803292e-01	-8.1864221517558358e-02	-1.1531487059571373e-03
-5.0314569842649037e-01	-8.1914669950853419e-02	-9.5399512858033303e-04
-4.9700977527494766e-01	-8.1959569951336672e-02	-7.4767771900719848e-04
-4.9087385212340517e-01	-8.1998712812137692e-02	-5.3394399785715286e-04
-4.8473792897186263e-01	-8.2031881656404140e-02	-3.1253300902202774e-04
-4.7860200582032003e-01	-8.2058851085700171e-02	-8.3175070865599036e-05
-4.7246608266877754e-01	-8.2079386810107693e-02	 1.5440847656211529e-04
-4.6633015951723489e-01	-8.2093245258779771e-02	 4.0050552799043485e-04
-4.6019423636569234e-01	-8.2100173169587828e-02	 6.5541347271436568e-04
-4.5405831321414980e-01	-8.2099907156379062e-02	 9.1943945728374123e-04
-4.4792239006260720e-01	-8.2092173252229617e-02	 1.1929006506029311e-03
-4.4178646691106466e-01	-8.2076686426933942e-02	 1.4761245108789473e-03
-4.3565054375952217e-01	-8.2053150076801598e-02	 1.7694490537653253e-03
-4.2951462060797951e-01	-8.2021255484660036e-02	 2.0732231209534407e-03
-4.2337869745643697e-01	-8.1980681247755816e-02	 2.3878066483541851e-03
-4.1724277430489443e-01	-8.1931092671032726e-02	 2.7135709328875331e-03
-4.1110685115335188e-01	-8.1872141123017078e-02	 3.0508988967640205e-03
-4.0497092800180928e-01	-8.1803463351270270e-02	 3.4001853479802150e-03
-3.9883500485026663e-01	-8.1724680754071730e-02	 3.7618372355767218e-03
-3.9269908169872408e-01	-8.1635398604658918e-02	 4.1362738980064880e-03
-3.8656315854718160e-01	-8.1535205223985607e-02	 4.5239273027336928e-03
-3.8042723539563900e-01	-8.1423671097546932e-02	 4.9252422749260722e-03
-3.7429131224409640e-01	-8.1300347931367353e-02	 5.3406767128103402e-03
-3.6815538909255391e-01	-8.1164767641739827e-02	 5.7707017869268826e-03
-3.6201946594101131e-01	-8.1016441272743017e-02	 6.2158021201367958e-03
-3.5588354278946877e-01	-8.0854857834938967e-02	 6.6764759447980422e-03
-3.4974761963792622e-01	-8.0679483057958024e-02	 7.1532352330269944e-03
-3.4361169648638362e-01	-8.0489758048904875e-02	 7.6466057953848074e-03
-3.3747577333484102e-01	-8.0285097847657222e-02	 8.1571273426649226e-03
-3.3133985018329848e-01	-8.0064889869174594e-02	 8.6853535046894793e-03
-3.2520392703175588e-01	-7.9828492221866970e-02	 9.2318517991390285e-03
-3.1906800388021334e-01	-7.9575231889886092e-02	 9.7972035424054461e-03
-3.1293208072867085e-01	-7.9304402765887974e-02	 1.0382003693261053e-02
-3.0679615757712825e-01	-7.9015263519345805e-02	 1.0986860618740425e-02
-3.0066023442558570e-01	-7.8707035283863871e-02	 1.1612395769995983e-02
-2.9452431127404310e-01	-7.8378899145134906e-02	 1.2259243253970414e-02
-2.8838838812250062e-01	-7.8029993409178780e-02	 1.2928049284481671e-02
-2.8225246497095796e-01	-7.7659410628274472e-02	 1.3619471493659122e-02
-2.7611654181941536e-01	-7.7266194359549234e-02	 1.4334178081536759e-02
-2.6998061866787282e-01	-7.6849335628478482e-02	 1.5072846777902073e-02
-2.6384469551633033e-01	-7.6407769066579159e-02	 1.5836163586091943e-02
-2.5770877236478773e-01	-7.5940368689327908e-02	 1.6624821273191155e-02
-2.5157284921324513e-01	-7.5445943276798252e-02	 1.7439517564838806e-02
-2.4543692606170259e-01	-7.4923231315694352e-02	 1.8280952995382575e-02
-2.3930100291016002e-01	-7.4370895457374631e-02	 1.9149828355177048e-02
-2.3316507975861744e-01	-7.3787516442152271e-02	 2.0046841666082494e-02
-2.2702915660707490e-01	-7.3171586435700986e-02	 2.0972684603308433e-02
-2.2089323345553236e-01	-7.2521501718897513e-02	 2.1928038266182247e-02
-2.1475731030398976e-01	-7.1835554668080989e-02	 2.2913568181638554e-02
-2.0862138715244721e-01	-7.1111924958777856e-02	 2.3929918401507388e-02
-2.0248546400090464e-01	-7.0348669922836934e-02	 2.4977704527186020e-02
-1.9634954084936207e-01	-6.9543713987218730e-02	 2.6057505461955566e-02
-1.9021361769781950e-01	-6.8694837123246408e-02	 2.7169853650795963e-02
-1.8407769454627693e-01	-6.7799662239134528e-02	 2.8315223518545759e-02
-1.7794177139473438e-01	-6.6855641457781112e-02	 2.9494017757833040e-02
-1.7180584824319181e-01	-6.5860041238512884e-02	 3.0706551046255002e-02
-1.6566992509164927e-01	-6.4809926329067999e-02	 3.1953030685339251e-02
-1.5953400194010672e-01	-6.3702142577243714e-02	 3.3233533549131465e-02
-1.5339807878856412e-01	-6.2533298696815370e-02	 3.4547978604865255e-02
-1.4726215563702158e-01	-6.1299747178501854e-02	 3.5896094119150228e-02
-1.4112623248547898e-01	-5.9997564676241968e-02	 3.7277378488014691e-02
-1.3499030933393641e-01	-5.8622532398675695e-02	 3.8691053426780080e-02
-1.2885438618239387e-01	-5.7170117318286175e-02	 4.0136008027611136e-02
-1.2271846303085131e-01	-5.5635455406587250e-02	 4.1610731945162599e-02
-1.1658253987930872e-01	-5.4013338653043960e-02	 4.3113235719238793e-02
-1.1044661672776616e-01	-5.2298208379296822e-02	 4.4640956017741582e-02
-1.0431069357622361e-01	-5.0484158381820105e-02	 4.6190643437192945e-02
-9.8174770424681035e-02	-4.8564952798350540e-02	 4.7758230523108028e-02
-9.2038847273138463e-02	-4.6534065371407557e-02	 4.9338678016711907e-02
-8.5902924121595906e-02	-4.4384749034386661e-02	 5.0925798228981835e-02
-7.9767000970053348e-02	-4.2110147474962979e-02	 5.2512056232238612e-02
-7.3631077818510776e-02	-3.9703463412381367e-02	 5.4088352729832721e-02
-6.7495154666968205e-02	-3.7158201386243130e-02	 5.5643797650856822e-02
-6.1359231515425654e-02	-3.4468505087149937e-02	 5.7165491448240194e-02
-5.5223308363883082e-02	-3.1629609178670907e-02	 5.8638342387996749e-02
-4.9087385212340517e-02	-2.8638420763705728e-02	 6.0044962906509819e-02
-4.2951462060797953e-02	-2.5494232770411532e-02	 6.1365705153560351e-02
-3.6815538909255388e-02	-2.2199546770122418e-02	 6.2578911397704717e-02
-3.0679615757712820e-02	-1.8760943524253580e-02	 6.3661461593864391e-02
-2.4543692606170259e-02	-1.5189887838656158e-02	 6.4589686720797707e-02
-1.8407769454627694e-02	-1.1503300951554621e-02	 6.5340669870503534e-02
-1.2271846303085129e-02	-7.7237013163782980e-03	 6.5893871061969603e-02
-6.1359231515425638e-03	-3.8787336951525142e-03	 6.6232897264684523e-02
 0.0000000000000000e+00	-3.1743482166534705e-15	 6.6347132381226095e-02
 6.1359231515425638e-03	 3.8787336951461781e-03	 6.6232897264684898e-02
 1.2271846303085129e-02	 7.7237013163720556e-03	 6.5893871061970324e-02
 1.8407769454627694e-02	 1.1503300951548478e-02	 6.5340669870504617e-02
 2.4543692606170259e-02	 1.5189887838650232e-02	 6.4589686720799067e-02
 3.0679615757712820e-02	 1.8760943524247779e-02	 6.3661461593866042e-02
 3.6815538909255388e-02	 2.2199546770116929e-02	 6.2578911397706646e-02
 4.2951462060797953e-02	 2.5494232770406224e-02	 6.1365705153562426e-02
 4.9087385212340517e-02	 2.8638420763700712e-02	 6.0044962906512088e-02
 5.5223308363883082e-02	 3.1629609178666127e-02	 5.8638342387999087e-02
 6.1359231515425654e-02	 3.4468505087145392e-02	 5.7165491448242706e-02
 6.7495154666968205e-02	 3.7158201386238883e-02	 5.5643797650859347e-02
 7.3631077818510776e-02	 3.9703463412377335e-02	 5.4088352729835310e-02
 7.9767000970053348e-02	 4.2110147474959156e-02	 5.2512056232241165e-02
 8.5902924121595906e-02	 4.4384749034382991e-02	 5.0925798228984465e-02
 9.2038847273138463e-02	 4.6534065371404212e-02	 4.9338678016714523e-02
 9.8174770424681035e-02	 4.8564952798347272e-02	 4.7758230523110554e-02
 1.0431069357622361e-01	 5.0484158381817024e-02	 4.6190643437195568e-02
 1.1044661672776616e-01	 5.2298208379293984e-02	 4.4640956017744080e-02
 1.1658253987930872e-01	 5.4013338653041199e-02	 4.3113235719241284e-02
 1.2271846303085131e-01	 5.5635455406584662e-02	 4.1610731945165035e-02
 1.2885438618239387e-01	 5.7170117318283746e-02	 4.0136008027613586e-02
 1.3499030933393641e-01	 5.8622532398673440e-02	 3.8691053426782356e-02
 1.4112623248547898e-01	 5.9997564676239699e-02	 3.7277378488016995e-02
 1.4726215563702158e-01	 6.1299747178499821e-02	 3.5896094119152504e-02
 1.5339807878856412e-01	 6.2533298696813414e-02	 3.4547978604867399e-02
 1.5953400194010672e-01	 6.3702142577241827e-02	 3.3233533549133561e-02
 1.6566992509164927e-01	 6.4809926329066209e-02	 3.1953030685341367e-02
 1.7180584824319181e-01	 6.5860041238511274e-02	 3.0706551046257049e-02
 1.7794177139473438e-01	 6.6855641457779530e-02	 2.9494017757834962e-02
 1.8407769454627693e-01	 6.7799662239133029e-02	 2.8315223518547664e-02
 1.9021361769781950e-01	 6.8694837123245006e-02	 2.7169853650797826e-02
 1.9634954084936207e-01	 6.9543713987217370e-02	 2.6057505461957307e-02
 2.0248546400090464e-01	 7.0348669922835602e-02	 2.4977704527187821e-02
 2.0862138715244721e-01	 7.1111924958776718e-02	 2.3929918401509102e-02
 2.1475731030398976e-01	 7.1835554668079837e-02	 2.2913568181640150e-02
 2.2089323345553236e-01	 7.2521501718896431e-02	 2.1928038266183829e-02
 2.2702915660707490e-01	 7.3171586435699945e-02	 2.0972684603309973e-02
 2.3316507975861744e-01	 7.3787516442151313e-02	 2.0046841666084000e-02
 2.3930100291016002e-01	 7.4370895457373687e-02	 1.9149828355178505e-02
 2.4543692606170259e-01	 7.4923231315693520e-02	 1.8280952995383952e-02
 2.5157284921324513e-01	 7.5445943276797392e-02	 1.7439517564840121e-02
 2.5770877236478773e-01	 7.5940368689327117e-02	 1.6624821273192522e-02
 2.6384469551633033e-01	 7.6407769066578451e-02	 1.5836163586093244e-02
 2.6998061866787282e-01	 7.6849335628477830e-02	 1.5072846777903262e-02
 2.7611654181941536e-01	 7.7266194359548526e-02	 1.4334178081537946e-02
 2.8225246497095796e-01	 7.7659410628273862e-02	 1.3619471493660319e-02
 2.8838838812250062e-01	 7.8029993409178239e-02	 1.2928049284482768e-02
 2.9452431127404310e-01	 7.8378899145134351e-02	 1.2259243253971430e-02
 3.0066023442558570e-01	 7.8707035283863219e-02	 1.1612395769997026e-02
 3.0679615757712825e-01	 7.9015263519345375e-02	 1.0986860618741550e-02
 3.1293208072867085e-01	 7.9304402765887599e-02	 1.0382003693261949e-02
 3.1906800388021334e-01	 7.9575231889885606e-02	 9.7972035424063551e-03
 3.2520392703175588e-01	 7.9828492221866554e-02	 9.2318517991400034e-03
 3.3133985018329848e-01	 8.0064889869174316e-02	 8.6853535046903397e-03
 3.3747577333484102e-01	 8.0285097847656833e-02	 8.1571273426657466e-03
 3.4361169648638362e-01	 8.0489758048904569e-02	 7.6466057953856548e-03
 3.4974761963792622e-01	 8.0679483057957732e-02	 7.1532352330277360e-03
 3.5588354278946877e-01	 8.0854857834938648e-02	 6.6764759447988245e-03
 3.6201946594101131e-01	 8.1016441272742767e-02	 6.2158021201375547e-03
 3.6815538909255391e-01	 8.1164767641739605e-02	 5.7707017869276034e-03
 3.7429131224409640e-01	 8.1300347931367145e-02	 5.3406767128110410e-03
 3.8042723539563900e-01	 8.1423671097546793e-02	 4.9252422749267149e-03
 3.8656315854718160e-01	 8.1535205223985399e-02	 4.5239273027343025e-03
 3.9269908169872408e-01	 8.1635398604658752e-02	 4.1362738980071428e-03
 3.9883500485026663e-01	 8.1724680754071577e-02	 3.7618372355773416e-03
 4.0497092800180928e-01	 8.1803463351270214e-02	 3.4001853479808078e-03
 4.1110685115335188e-01	 8.1872141123016981e-02	 3.0508988967645288e-03
 4.1724277430489443e-01	 8.1931092671032602e-02	 2.7135709328880700e-03
 4.2337869745643697e-01	 8.1980681247755732e-02	 2.3878066483547264e-03
 4.2951462060797951e-01	 8.2021255484660008e-02	 2.0732231209539824e-03
 4.3565054375952217e-01	 8.2053150076801584e-02	 1.7694490537657934e-03
 4.4178646691106466e-01	 8.2076686426933915e-02	 1.4761245108794085e-03
 4.4792239006260720e-01	 8.2092173252229617e-02	 1.1929006506033967e-03
 4.5405831321414980e-01	 8.2099907156379048e-02	 9.1943945728417144e-04
 4.6019423636569234e-01	 8.2100173169587842e-02	 6.5541347271479969e-04
 4.6633015951723489e-01	 8.2093245258779826e-02	 4.0050552799083649e-04
 4.7246608266877754e-01	 8.2079386810107693e-02	 1.5440847656250962e-04
 4.7860200582032003e-01	 8.2058851085700227e-02	-8.3175070865179490e-05
 4.8473792897186263e-01	 8.2031881656404224e-02	-3.1253300902168497e-04
 4.9087385212340517e-01	 8.1998712812137720e-02	-5.3394399785684050e-04
 4.9700977527494766e-01	 8.1959569951336700e-02	-7.4767771900681251e-04
 5.0314569842649037e-01	 8.1914669950853530e-02	-9.5399512857997242e-04
 5.0928162157803292e-01	 8.1864221517558455e-02	-1.1531487059568129e-03
 5.1541754472957546e-01	 8.1808425522795658e-02	-1.3453826983487749e-03
 5.2155346788111800e-01	 8.1747475320752341e-02	-1.5309333609016527e-03
 5.2768939103266055e-01	 8.1681557051721476e-02	-1.7100291921686164e-03
 5.3382531418420309e-01	 8.1610849931158427e-02	-1.8828911648129546e-03
 5.3996123733574575e-01	 8.1535526525368870e-02	-2.0497329514284220e-03
 5.4609716048728829e-01	 8.1455753014599064e-02	-2.2107611453953987e-03
 5.5223308363883084e-01	 8.1371689444246123e-02	-2.3661754767121310e-03
 5.5836900679037338e-01	 8.1283489964851796e-02	-2.5161690227641668e-03
 5.6450492994191592e-01	 8.1191303061497716e-02	-2.6609284140121929e-03
 5.7064085309345847e-01	 8.1095271773174535e-02	-2.8006340345960779e-03
 5.7677677624500112e-01	 8.0995533902661399e-02	-2.9354602178660997e-03
 5.8291269939654355e-01	 8.0892222217412893e-02	-3.0655754368687162e-03
 5.8904862254808610e-01	 8.0785464641918298e-02	-3.1911424898216790e-03
 5.9518454569962886e-01	 8.0675384441966771e-02	-3.3123186806261087e-03
 6.0132046885117130e-01	 8.0562100401226244e-02	-3.4292559944687300e-03
 6.0745639200271395e-01	 8.0445726990515470e-02	-3.5421012685797446e-03
 6.1359231515425650e-01	 8.0326374530125685e-02	-3.6509963582123791e-03
 6.1972823830579904e-01	 8.0204149345527012e-02	-3.7560782979216049e-03
 6.2586416145734158e-01	 8.0079153916773213e-02	-3.8574794582181609e-03
 6.3200008460888413e-01	 7.9951487021901649e-02	-3.9553276976835869e-03
 6.3813600776042678e-01	 7.9821243874605555e-02	-4.0497465106309862e-03
 6.4427193091196933e-01	 7.9688516256441896e-02	-4.1408551704015953e-03
 6.5040785406351198e-01	 7.9553392643821039e-02	-4.2287688683871946e-03
 6.5654377721505441e-01	 7.9415958330013442e-02	-4.3135988488718887e-03
 6.6267970036659696e-01	 7.9276295542392350e-02	-4.3954525397865481e-03
 6.6881562351813950e-01	 7.9134483555122717e-02	-4.4744336794705431e-03
 6.7495154666968216e-01	 7.8990598797493566e-02	-4.5506424395360366e-03
 6.8108746982122470e-01	 7.8844714958080112e-02	-4.6241755439301634e-03
 6.8722339297276724e-01	 7.8696903084914838e-02	-4.6951263842884023e-03
 6.9335931612430979e-01	 7.8547231681835569e-02	-4.7635851316760848e-03
 6.9949523927585233e-01	 7.8395766801169761e-02	-4.8296388448104254e-03
 7.0563116242739499e-01	 7.8242572132908458e-02	-4.8933715748562647e-03
 7.1176708557893753e-01	 7.8087709090513699e-02	-4.9548644668887315e-03
 7.1790300873048007e-01	 7.7931236893497000e-02	-5.0141958581122774e-03
 7.2403893188202262e-01	 7.7773212646901388e-02	-5.0714413729269795e-03
 7.3017485503356516e-01	 7.7613691417810354e-02	-5.1266740149304981e-03
 7.3631077818510771e-01	 7.7452726309004211e-02	-5.1799642559425462e-03
 7.4244670133665036e-01	 7.7290368529875905e-02	-5.2313801221370174e-03
 7.4858262448819290e-01	 7.7126667464717483e-02	-5.2809872773661214e-03
 7.5471854763973545e-01	 7.6961670738477761e-02	-5.3288491037593085e-03
 7.6085447079127788e-01	 7.6795424280092880e-02	-5.3750267796761628e-03
 7.6699039394282054e-01	 7.6627972383482568e-02	-5.4195793550941449e-03
 7.7312631709436319e-01	 7.6459357766303762e-02	-5.4625638245063314e-03
 7.7926224024590574e-01	 7.6289621626548024e-02	-5.5040351974063274e-03
 7.8539816339744839e-01	 7.6118803697065418e-02	-5.5440465664330918e-03
 7.9153408654899082e-01	 7.5946942298094414e-02	-5.5826491732478148e-03
 7.9767000970053337e-01	 7.5774074387874368e-02	-5.6198924722133661e-03
 8.0380593285207591e-01	 7.5600235611411964e-02	-5.6558241919442680e-03
 8.0994185600361845e-01	 7.5425460347474091e-02	-5.6904903947933927e-03
 8.1607777915516100e-01	 7.5249781753871633e-02	-5.7239355343424786e-03
 8.2221370230670354e-01	 7.5073231811099442e-02	-5.7562025109562783e-03
 8.2834962545824620e-01	 7.4895841364395199e-02	-5.7873327254648688e-03
 8.3448554860978885e-01	 7.4717640164274485e-02	-5.8173661310325095e-03
 8.4062147176133140e-01	 7.4538656905599951e-02	-5.8463412832711475e-03
 8.4675739491287394e-01	 7.4358919265239493e-02	-5.8742953886559294e-03
 8.5289331806441637e-01	 7.4178453938364364e-02	-5.9012643512966036e-03
 8.5902924121595903e-01	 7.3997286673439591e-02	-5.9272828181189535e-03
 8.6516516436750157e-01	 7.3815442305953077e-02	-5.9523842225073890e-03
 8.7130108751904423e-01	 7.3632944790932089e-02	-5.9766008264603180e-03
 8.7743701067058666e-01	 7.3449817234287854e-02	-5.9999637613055261e-03
 8.8357293382212931e-01	 7.3266081923037393e-02	-6.0225030670223246e-03
 8.8970885697367186e-01	 7.3081760354437600e-02	-6.0442477302208170e-03
 8.9584478012521440e-01	 7.2896873264074902e-02	-6.0652257208158389e-03
 9.0198070327675706e-01	 7.2711440652948336e-02	-6.0854640274455559e-03
 9.0811662642829971e-01	 7.2525481813581080e-02	-6.1049886916708963e-03
 9.1425254957984214e-01	 7.2339015355198918e-02	-6.1238248410013440e-03
 9.2038847273138458e-01	 7.2152059228005105e-02	-6.1419967207825684e-03
 9.2652439588292723e-01	 7.1964630746589361e-02	-6.1595277249852009e-03
 9.3266031903446978e-01	 7.1776746612499082e-02	-6.1764404259331820e-03
 9.3879624218601254e-01	 7.1588422936003815e-02	-6.1927566030047067e-03
 9.4493216533755497e-01	 7.1399675257083364e-02	-6.2084972703422697e-03
 9.5106808848909752e-01	 7.1210518565666028e-02	-6.2236827036045621e-03
 9.5720401164064017e-01	 7.1020967321145129e-02	-6.2383324657926858e-03
 9.6333993479218272e-01	 7.0831035471199247e-02	-6.2524654321816182e-03
 9.6947585794372526e-01	 7.0640736469942497e-02	-6.2660998143884081e-03
 9.7561178109526792e-01	 7.0450083295426527e-02	-6.2792531836054991e-03
 9.8174770424681035e-01	 7.0259088466520403e-02	-6.2919424930270845e-03
 9.8788362739835278e-01	 7.0067764059188992e-02	-6.3041840994982057e-03
 9.9401955054989533e-01	 6.9876121722191542e-02	-6.3159937844101529e-03
 1.0001554737014380e+00	 6.9684172692222310e-02	-6.3273867738705422e-03
 1.0062913968529805e+00	 6.9491927808511739e-02	-6.3383777581709887e-03
 1.0124273200045231e+00	 6.9299397526909043e-02	-6.3489809105774404e-03
 1.0185632431560658e+00	 6.9106591933464176e-02	-6.3592099054660305e-03
 1.0246991663076084e+00	 6.8913520757526534e-02	-6.3690779358276002e-03
 1.0308350894591509e+00	 6.8720193384378292e-02	-6.3785977301610754e-03
 1.0369710126106935e+00	 6.8526618867419606e-02	-6.3877815687783408e-03
 1.0431069357622360e+00	 6.8332805939920124e-02	-6.3966412995402474e-03
 1.0492428589137786e+00	 6.8138763026353716e-02	-6.4051883530426455e-03
 1.0553787820653213e+00	 6.7944498253331057e-02	-6.4134337572729723e-03
 1.0615147052168636e+00	 6.7750019460143238e-02	-6.4213881517542889e-03
 1.0676506283684062e+00	 6.7555334208932116e-02	-6.4290618011947701e-03
 1.0737865515199487e+00	 6.7360449794499566e-02	-6.4364646086604756e-03
 1.0799224746714913e+00	 6.7165373253768618e-02	-6.4436061282871883e-03
 1.0860583978230340e+00	 6.6970111374908825e-02	-6.4504955775472180e-03
 1.0921943209745768e+00	 6.6774670706138989e-02	-6.4571418490872706e-03
 1.0983302441261191e+00	 6.6579057564216268e-02	-6.4635535221517935e-03
 1.1044661672776617e+00	 6.6383278042625907e-02	-6.4697388736056540e-03
 1.1106020904292042e+00	 6.6187338019479541e-02	-6.4757058885718116e-03
 1.1167380135807468e+00	 6.5991243165134106e-02	-6.4814622706949997e-03
 1.1228739367322893e+00	 6.5794998949540578e-02	-6.4870154520465882e-03
 1.1290098598838318e+00	 6.5598610649332534e-02	-6.4923726026814513e-03
 1.1351457830353744e+00	 6.5402083354663312e-02	-6.4975406398601089e-03
 1.1412817061869169e+00	 6.5205421975801259e-02	-6.5025262369473209e-03
 1.1474176293384595e+00	 6.5008631249490967e-02	-6.5073358319978425e-03
 1.1535535524900022e+00	 6.4811715745090384e-02	-6.5119756360419176e-03
 1.1596894756415448e+00	 6.4614679870488467e-02	-6.5164516410793046e-03
 1.1658253987930873e+00	 6.4417527877815697e-02	-6.5207696277919105e-03
 1.1719613219446299e+00	 6.4220263868950828e-02	-6.5249351729874611e-03
 1.1780972450961724e+00	 6.4022891800832982e-02	-6.5289536567794933e-03
 1.1842331682477150e+00	 6.3825415490586374e-02	-6.5328302695165773e-03
 1.1903690913992575e+00	 6.3627838620463201e-02	-6.5365700184676235e-03
 1.1965050145507998e+00	 6.3430164742611123e-02	-6.5401777342724340e-03
 1.2026409377023426e+00	 6.3232397283672706e-02	-6.5436580771646982e-03
 1.2087768608538849e+00	 6.3034539549222127e-02	-6.5470155429773582e-03
 1.2149127840054279e+00	 6.2836594728044426e-02	-6.5502544689357975e-03
 1.2210487071569704e+00	 6.2638565896263626e-02	-6.5533790392481948e-03
 1.2271846303085130e+00	 6.2440456021324864e-02	-6.5563932904981028e-03
 1.2333205534600555e+00	 6.2242267965835832e-02	-6.5593011168488596e-03
 1.2394564766115981e+00	 6.2044004491271280e-02	-6.5621062750634649e-03
 1.2455923997631406e+00	 6.1845668261548074e-02	-6.5648123893483458e-03
 1.2517283229146834e+00	 6.1647261846472706e-02	-6.5674229560269146e-03
 1.2578642460662257e+00	 6.1448787725067171e-02	-6.5699413480483793e-03
 1.2640001692177683e+00	 6.1250248288777315e-02	-6.5723708193376369e-03
 1.2701360923693108e+00	 6.1051645844567667e-02	-6.5747145089926733e-03
 1.2762720155208533e+00	 6.0852982617906524e-02	-6.5769754453334052e-03
 1.2824079386723961e+00	 6.0654260755645999e-02	-6.5791565498081470e-03
 1.2885438618239387e+00	 6.0455482328800367e-02	-6.5812606407630965e-03
 1.2946797849754810e+00	 6.0256649335225045e-02	-6.5832904370784597e-03
 1.3008157081270237e+00	 6.0057763702202213e-02	-6.5852485616764694e-03
 1.3069516312785661e+00	 5.9858827288934116e-02	-6.5871375449060229e-03
 1.3130875544301088e+00	 5.9659841888949149e-02	-6.5889598278084192e-03
 1.3192234775816516e+00	 5.9460809232421037e-02	-6.5907177652674244e-03
 1.3253594007331939e+00	 5.9261730988408805e-02	-6.5924136290481522e-03
 1.3314953238847365e+00	 5.9062608767014892e-02	-6.5940496107304751e-03
 1.3376312470362790e+00	 5.8863444121468586e-02	-6.5956278245364493e-03
 1.3437671701878215e+00	 5.8664238550135465e-02	-6.5971503100607752e-03
 1.3499030933393643e+00	 5.8464993498455353e-02	-6.5986190349027639e-03
 1.3560390164909069e+00	 5.8265710360812642e-02	-6.6000358972074609e-03
 1.3621749396424494e+00	 5.8066390482339247e-02	-6.6014027281154769e-03
 1.3683108627939919e+00	 5.7867035160655535e-02	-6.6027212941277037e-03
 1.3744467859455345e+00	 5.7667645647547935e-02	-6.6039932993858822e-03
 1.3805827090970770e+00	 5.7468223150588922e-02	-6.6052203878733343e-03
 1.3867186322486196e+00	 5.7268768834698239e-02	-6.6064041455378749e-03
 1.3928545554001621e+00	 5.7069283823650070e-02	-6.6075461023395749e-03
 1.3989904785517047e+00	 5.6869769201526414e-02	-6.6086477342265793e-03
 1.4051264017032472e+00	 5.6670226014119404e-02	-6.6097104650416211e-03
 1.4112623248547900e+00	 5.6470655270283533e-02	-6.6107356683604394e-03
 1.4173982480063327e+00	 5.6271057943240908e-02	-6.6117246692660890e-03
 1.4235341711578751e+00	 5.6071434971839508e-02	-6.6126787460602261e-03
 1.4296700943094176e+00	 5.5871787261768065e-02	-6.6135991319144303e-03
 1.4358060174609601e+00	 5.5672115686726559e-02	-6.6144870164631300e-03
 1.4419419406125029e+00	 5.5472421089556710e-02	-6.6153435473398029e-03
 1.4480778637640452e+00	 5.5272704283331926e-02	-6.6161698316600055e-03
 1.4542137869155878e+00	 5.5072966052408606e-02	-6.6169669374511108e-03
 1.4603497100671303e+00	 5.4873207153440767e-02	-6.6177358950323135e-03
 1.4664856332186729e+00	 5.4673428316358304e-02	-6.6184776983454216e-03
 1.4726215563702154e+00	 5.4473630245311253e-02	-6.6191933062392100e-03
 1.4787574795217582e+00	 5.4273813619579850e-02	-6.6198836437078475e-03
 1.4848934026733007e+00	 5.4073979094453835e-02	-6.6205496030862874e-03
 1.4910293258248433e+00	 5.3874127302078752e-02	-6.6211920452030684e-03
 1.4971652489763858e+00	 5.3674258852274399e-02	-6.6218118004922289e-03
 1.5033011721279284e+00	 5.3474374333322652e-02	-6.6224096700667626e-03
 1.5094370952794709e+00	 5.3274474312728783e-02	-6.6229864267530660e-03
 1.5155730184310134e+00	 5.3074559337955046e-02	-6.6235428160903468e-03
 1.5217089415825558e+00	 5.2874629937128596e-02	-6.6240795572933249e-03
 1.5278448647340985e+00	 5.2674686619724062e-02	-6.6245973441818535e-03
 1.5339807878856411e+00	 5.2474729877223264e-02	-6.6250968460769529e-03
 1.5401167110371838e+00	 5.2274760183749831e-02	-6.6255787086667217e-03
 1.5462526341887264e+00	 5.2074777996682642e-02	-6.6260435548395839e-03
 1.5523885573402689e+00	 5.1874783757247307e-02	-6.6264919854900498e-03
 1.5585244804918115e+00	 5.1674777891086508e-02	-6.6269245802946476e-03
 1.5646604036433540e+00	 5.1474760808810513e-02	-6.6273418984615206e-03
 1.5707963267948966e+00	 5.1274732906528092e-02	-6.6277444794524852e-03
 1.5769322499464391e+00	 5.1074694566358741e-02	-6.6281328436810791e-03
 1.5830681730979816e+00	 5.0874646156926308e-02	-6.6285074931841676e-03
 1.5892040962495240e+00	 5.0674588033836537e-02	-6.6288689122712408e-03
 1.5953400194010667e+00	 5.0474520540135910e-02	-6.6292175681503746e-03
 1.6014759425526093e+00	 5.0274444006755792e-02	-6.6295539115317787e-03
 1.6076118657041520e+00	 5.0074358752940237e-02	-6.6298783772103624e-03
 1.6137477888556946e+00	 4.9874265086658688e-02	-6.6301913846279750e-03
 1.6198837120072371e+00	 4.9674163305004043e-02	-6.6304933384150541e-03
 1.6260196351587797e+00	 4.9474053694577032e-02	-6.6307846289139129e-03
 1.6321555583103224e+00	 4.9273936531856619e-02	-6.6310656326829930e-03
 1.6382914814618650e+00	 4.9073812083557530e-02	-6.6313367129839608e-03
 1.6444274046134073e+00	 4.8873680606974911e-02	-6.6315982202503872e-03
 1.6505633277649499e+00	 4.8673542350317789e-02	-6.6318504925417208e-03
 1.6566992509164924e+00	 4.8473397553028770e-02	-6.6320938559795992e-03
 1.6628351740680349e+00	 4.8273246446094528e-02	-6.6323286251695488e-03
 1.6689710972195775e+00	 4.8073089252344048e-02	-6.6325551036073580e-03
 1.6751070203711202e+00	 4.7872926186737025e-02	-6.6327735840718627e-03
 1.6812429435226628e+00	 4.7672757456641325e-02	-6.6329843490027891e-03
 1.6873788666742053e+00	 4.7472583262101881e-02	-6.6331876708663013e-03
 1.6935147898257479e+00	 4.7272403796098317e-02	-6.6333838125070283e-03
 1.6996507129772904e+00	 4.7072219244795349e-02	-6.6335730274876296e-03
 1.7057866361288330e+00	 4.6872029787782876e-02	-6.6337555604167944e-03
 1.7119225592803755e+00	 4.6671835598308620e-02	-6.6339316472653021e-03
 1.7180584824319181e+00	 4.6471636843501647e-02	-6.6341015156710309e-03
 1.7241944055834606e+00	 4.6271433684588963e-02	-6.6342653852331217e-03
 1.7303303287350031e+00	 4.6071226277103680e-02	-6.6344234677961252e-03
 1.7364662518865459e+00	 4.5871014771085988e-02	-6.6345759677236896e-03
 1.7426021750380882e+00	 4.5670799311277238e-02	-6.6347230821623632e-03
 1.7487380981896310e+00	 4.5470580037307397e-02	-6.6348650012970209e-03
 1.7548740213411735e+00	 4.5270357083875043e-02	-6.6350019085962145e-03
 1.7610099444927161e+00	 4.5070130580922171e-02	-6.6351339810498643e-03
 1.7671458676442586e+00	 4.4869900653801177e-02	-6.6352613893976764e-03
 1.7732817907958012e+00	 4.4669667423437927e-02	-6.6353842983495103e-03
 1.7794177139473437e+00	 4.4469431006487758e-02	-6.6355028667990940e-03
 1.7855536370988863e+00	 4.4269191515486146e-02	-6.6356172480289124e-03
 1.7916895602504286e+00	 4.4068949058994215e-02	-6.6357275899083705e-03
 1.7978254834019713e+00	 4.3868703741739463e-02	-6.6358340350851832e-03
 1.8039614065535141e+00	 4.3668455664750486e-02	-6.6359367211695107e-03
 1.8100973297050564e+00	 4.3468204925488363e-02	-6.6360357809118631e-03
 1.8162332528565992e+00	 4.3267951617972068e-02	-6.6361313423749183e-03
 1.8223691760081417e+00	 4.3067695832900398e-02	-6.6362235290989557e-03
 1.8285050991596843e+00	 4.2867437657768903e-02	-6.6363124602614688e-03
 1.8346410223112268e+00	 4.2667177176983366e-02	-6.6363982508313522e-03
 1.8407769454627694e+00	 4.2466914471968459e-02	-6.6364810117174339e-03
 1.8469128686143119e+00	 4.2266649621273696e-02	-6.6365608499118264e-03
 1.8530487917658545e+00	 4.2066382700674240e-02	-6.6366378686284260e-03
 1.8591847149173970e+00	 4.1866113783269487e-02	-6.6367121674360957e-03
 1.8653206380689393e+00	 4.1665842939577119e-02	-6.6367838423876026e-03
 1.8714565612204823e+00	 4.1465570237624497e-02	-6.6368529861436168e-03
 1.8775924843720246e+00	 4.1265295743036397e-02	-6.6369196880925211e-03
 1.8837284075235674e+00	 4.1065019519120553e-02	-6.6369840344658246e-03
 1.8898643306751099e+00	 4.0864741626948468e-02	-6.6370461084503951e-03
 1.8960002538266525e+00	 4.0664462125435057e-02	-6.6371059902947602e-03
 1.9021361769781950e+00	 4.0464181071414577e-02	-6.6371637574140141e-03
 1.9082721001297376e+00	 4.0263898519714118e-02	-6.6372194844888516e-03
 1.9144080232812801e+00	 4.0063614523224940e-02	-6.6372732435631635e-03
 1.9205439464328224e+00	 3.9863329132969735e-02	-6.6373251041363960e-03
 1.9266798695843652e+00	 3.9663042398170020e-02	-6.6373751332535636e-03
 1.9328157927359080e+00	 3.9462754366308556e-02	-6.6374233955923479e-03
 1.9389517158874505e+00	 3.9262465083191332e-02	-6.6374699535460468e-03
 1.9450876390389933e+00	 3.9062174593006857e-02	-6.6375148673045508e-03
 1.9512235621905356e+00	 3.8861882938383011e-02	-6.6375581949324539e-03
 1.9573594853420782e+00	 3.8661590160442141e-02	-6.6375999924435068e-03
 1.9634954084936207e+00	 3.8461296298854725e-02	-6.6376403138735203e-03
 1.9696313316451632e+00	 3.8261001391889767e-02	-6.6376792113501965e-03
 1.9757672547967058e+00	 3.8060705476465027e-02	-6.6377167351599764e-03
 1.9819031779482483e+00	 3.7860408588194651e-02	-6.6377529338136594e-03
 1.9880391010997909e+00	 3.7660110761434822e-02	-6.6377878541088800e-03
 1.9941750242513334e+00	 3.7459812029328653e-02	-6.6378215411907159e-03
 2.0003109474028760e+00	 3.7259512423848624e-02	-6.6378540386098301e-03
 2.0064468705544187e+00	 3.7059211975838162e-02	-6.6378853883789926e-03
 2.0125827937059610e+00	 3.6858910715051374e-02	-6.6379156310271180e-03
 2.0187187168575038e+00	 3.6658608670191925e-02	-6.6379448056520579e-03
 2.0248546400090461e+00	 3.6458305868949270e-02	-6.6379729499708691e-03
 2.0309905631605889e+00	 3.6258002338035528e-02	-6.6380001003684989e-03
 2.0371264863121317e+00	 3.6057698103219064e-02	-6.6380262919452189e-03
 2.0432624094636740e+00	 3.5857393189358606e-02	-6.6380515585613871e-03
 2.0493983326152168e+00	 3.5657087620434777e-02	-6.6380759328820531e-03
 2.0555342557667591e+00	 3.5456781419581154e-02	-6.6380994464182779e-03
 2.0616701789183018e+00	 3.5256474609114782e-02	-6.6381221295684174e-03
 2.0678061020698442e+00	 3.5056167210564183e-02	-6.6381440116574358e-03
 2.0739420252213869e+00	 3.4855859244697904e-02	-6.6381651209744584e-03
 2.0800779483729293e+00	 3.4655550731551008e-02	-6.6381854848099574e-03
 2.0862138715244720e+00	 3.4455241690450611e-02	-6.6382051294903190e-03
 2.0923497946760143e+00	 3.4254932140041841e-02	-6.6382240804122045e-03
 2.0984857178275571e+00	 3.4054622098311019e-02	-6.6382423620755041e-03
 2.1046216409790999e+00	 3.3854311582609584e-02	-6.6382599981148248e-03
 2.1107575641306422e+00	 3.3654000609675924e-02	-6.6382770113302975e-03
 2.1168934872821850e+00	 3.3453689195657395e-02	-6.6382934237166026e-03
 2.1230294104337273e+00	 3.3253377356131167e-02	-6.6383092564917473e-03
 2.1291653335852700e+00	 3.3053065106124373e-02	-6.6383245301244766e-03
 2.1353012567368124e+00	 3.2852752460133257e-02	-6.6383392643607191e-03
 2.1414371798883551e+00	 3.2652439432142348e-02	-6.6383534782489071e-03
 2.1475731030398975e+00	 3.2452126035642077e-02	-6.6383671901649038e-03
 2.1537090261914402e+00	 3.2251812283646798e-02	-6.6383804178354357e-03
 2.1598449493429825e+00	 3.2051498188711038e-02	-6.6383931783616200e-03
 2.1659808724945253e+00	 3.1851183762945871e-02	-6.6384054882400968e-03
 2.1721167956460681e+00	 3.1650869018034981e-02	-6.6384173633852617e-03
 2.1782527187976104e+00	 3.1450553965249296e-02	-6.6384288191494159e-03
 2.1843886419491532e+00	 3.1250238615461459e-02	-6.6384398703427626e-03
 2.1905245651006955e+00	 3.1049922979160555e-02	-6.6384505312520273e-03
 2.1966604882522383e+00	 3.0849607066465338e-02	-6.6384608156599845e-03
 2.2027964114037806e+00	 3.0649290887136714e-02	-6.6384707368624995e-03
 2.2089323345553233e+00	 3.0448974450591113e-02	-6.6384803076856283e-03
 2.2150682577068657e+00	 3.0248657765912661e-02	-6.6384895405025316e-03
 2.2212041808584084e+00	 3.0048340841864505e-02	-6.6384984472496241e-03
 2.2273401040099512e+00	 2.9848023686900278e-02	-6.6385070394415621e-03
 2.2334760271614935e+00	 2.9647706309175143e-02	-6.6385153281864426e-03
 2.2396119503130363e+00	 2.9447388716556389e-02	-6.6385233241999355e-03
 2.2457478734645786e+00	 2.9247070916633231e-02	-6.6385310378195743e-03
 2.2518837966161214e+00	 2.9046752916727068e-02	-6.6385384790172870e-03
 2.2580197197676637e+00	 2.8846434723900857e-02	-6.6385456574133851e-03
 2.2641556429192065e+00	 2.8646116344967741e-02	-6.6385525822879989e-03
 2.2702915660707488e+00	 2.8445797786500797e-02	-6.6385592625937363e-03
 2.2764274892222915e+00	 2.8245479054840584e-02	-6.6385657069669615e-03
 2.2825634123738339e+00	 2.8045160156103942e-02	-6.6385719237390855e-03
 2.2886993355253766e+00	 2.7844841096191522e-02	-6.6385779209470891e-03
 2.2948352586769194e+00	 2.7644521880796025e-02	-6.6385837063441715e-03
 2.3009711818284617e+00	 2.7444202515408668e-02	-6.6385892874100084e-03
 2.3071071049800045e+00	 2.7243883005326954e-02	-6.6385946713595828e-03
 2.3132430281315468e+00	 2.7043563355661455e-02	-6.6385998651534647e-03
 2.3193789512830896e+00	 2.6843243571342053e-02	-6.6386048755062120e-03
 2.3255148744346319e+00	 2.6642923657124673e-02	-6.6386097088952404e-03
 2.3316507975861747e+00	 2.6442603617597229e-02	-6.6386143715692373e-03
 2.3377867207377170e+00	 2.6242283457185836e-02	-6.6386188695560268e-03
 2.3439226438892597e+00	 2.6041963180160100e-02	-6.6386232086708659e-03
 2.3500585670408021e+00	 2.5841642790638907e-02	-6.6386273945232260e-03
 2.3561944901923448e+00	 2.5641322292595824e-02	-6.6386314325247572e-03
 2.3623304133438876e+00	 2.5441001689863907e-02	-6.6386353278957084e-03
 2.3684663364954299e+00	 2.5240680986141219e-02	-6.6386390856720667e-03
 2.3746022596469727e+00	 2.5040360184994892e-02	-6.6386427107119755e-03
 2.3807381827985150e+00	 2.4840039289866375e-02	-6.6386462077019197e-03
 2.3868741059500578e+00	 2.4639718304075336e-02	-6.6386495811629111e-03
 2.3930100291016001e+00	 2.4439397230824535e-02	-6.6386528354559701e-03
 2.3991459522531429e+00	 2.4239076073203508e-02	-6.6386559747885383e-03
 2.4052818754046852e+00	 2.4038754834192697e-02	-6.6386590032189727e-03
 2.4114177985562280e+00	 2.3838433516667500e-02	-6.6386619246625910e-03
 2.4175537217077703e+00	 2.3638112123401483e-02	-6.6386647428962565e-03
 2.4236896448593130e+00	 2.3437790657070599e-02	-6.6386674615633301e-03
 2.4298255680108558e+00	 2.3237469120256191e-02	-6.6386700841786321e-03
 2.4359614911623981e+00	 2.3037147515448466e-02	-6.6386726141326770e-03
 2.4420974143139409e+00	 2.2836825845049851e-02	-6.6386750546960091e-03
 2.4482333374654832e+00	 2.2636504111378072e-02	-6.6386774090241756e-03
 2.4543692606170260e+00	 2.2436182316668510e-02	-6.6386796801607027e-03
 2.4605051837685683e+00	 2.2235860463078298e-02	-6.6386818710417140e-03
 2.4666411069201111e+00	 2.2035538552687958e-02	-6.6386839844996496e-03
 2.4727770300716534e+00	 2.1835216587504990e-02	-6.6386860232666859e-03
 2.4789129532231962e+00	 2.1634894569465740e-02	-6.6386879899787499e-03
 2.4850488763747385e+00	 2.1434572500438391e-02	-6.6386898871783149e-03
 2.4911847995262812e+00	 2.1234250382225078e-02	-6.6386917173181887e-03
 2.4973207226778240e+00	 2.1033928216564440e-02	-6.6386934827642853e-03
 2.5034566458293663e+00	 2.0833606005133783e-02	-6.6386951857990879e-03
 2.5095925689809091e+00	 2.0633283749551160e-02	-6.6386968286242356e-03
 2.5157284921324514e+00	 2.0432961451377595e-02	-6.6386984133635970e-03
 2.5218644152839942e+00	 2.0232639112119179e-02	-6.6386999420658547e-03
 2.5280003384355365e+00	 2.0032316733228687e-02	-6.6387014167076201e-03
 2.5341362615870793e+00	 1.9831994316107601e-02	-6.6387028391950292e-03
 2.5402721847386216e+00	 1.9631671862108367e-02	-6.6387042113672237e-03
 2.5464081078901644e+00	 1.9431349372535149e-02	-6.6387055349982184e-03
 2.5525440310417071e+00	 1.9231026848646721e-02	-6.6387068117989096e-03
 2.5586799541932495e+00	 1.9030704291657315e-02	-6.6387080434203299e-03
 2.5648158773447922e+00	 1.8830381702738052e-02	-6.6387092314545834e-03
 2.5709518004963345e+00	 1.8630059083019190e-02	-6.6387103774375967e-03
 2.5770877236478773e+00	 1.8429736433590811e-02	-6.6387114828508819e-03
 2.5832236467994196e+00	 1.8229413755504961e-02	-6.6387125491234808e-03
 2.5893595699509624e+00	 1.8029091049776399e-02	-6.6387135776339702e-03
 2.5954954931025047e+00	 1.7828768317384152e-02	-6.6387145697120028e-03
 2.6016314162540475e+00	 1.7628445559272825e-02	-6.6387155266401038e-03
 2.6077673394055898e+00	 1.7428122776353840e-02	-6.6387164496554641e-03
 2.6139032625571326e+00	 1.7227799969506363e-02	-6.6387173399513073e-03
 2.6200391857086753e+00	 1.7027477139578879e-02	-6.6387181986786578e-03
 2.6261751088602177e+00	 1.6827154287389696e-02	-6.6387190269477092e-03
 2.6323110320117604e+00	 1.6626831413728730e-02	-6.6387198258291346e-03
 2.6384469551633027e+00	 1.6426508519357851e-02	-6.6387205963558977e-03
 2.6445828783148455e+00	 1.6226185605012301e-02	-6.6387213395240219e-03
 2.6507188014663878e+00	 1.6025862671401388e-02	-6.6387220562943950e-03
 2.6568547246179306e+00	 1.5825539719209587e-02	-6.6387227475935284e-03
 2.6629906477694729e+00	 1.5625216749097427e-02	-6.6387234143152410e-03
 2.6691265709210157e+00	 1.5424893761702082e-02	-6.6387240573214995e-03
 2.6752624940725580e+00	 1.5224570757638453e-02	-6.6387246774434845e-03
 2.6813984172241008e+00	 1.5024247737500060e-02	-6.6387252754829679e-03
 2.6875343403756435e+00	 1.4823924701859399e-02	-6.6387258522130803e-03
 2.6936702635271859e+00	 1.4623601651269049e-02	-6.6387264083794814e-03
 2.6998061866787286e+00	 1.4423278586262217e-02	-6.6387269447010684e-03
 2.7059421098302709e+00	 1.4222955507353585e-02	-6.6387274618713481e-03
 2.7120780329818137e+00	 1.4022632415039595e-02	-6.6387279605587936e-03
 2.7182139561333560e+00	 1.3822309309799804e-02	-6.6387284414081574e-03
 2.7243498792848988e+00	 1.3621986192096496e-02	-6.6387289050411904e-03
 2.7304858024364411e+00	 1.3421663062376394e-02	-6.6387293520571242e-03
 2.7366217255879839e+00	 1.3221339921070161e-02	-6.6387297830339783e-03
 2.7427576487395262e+00	 1.3021016768594048e-02	-6.6387301985288026e-03
 2.7488935718910690e+00	 1.2820693605349277e-02	-6.6387305990789156e-03
 2.7550294950426117e+00	 1.2620370431723749e-02	-6.6387309852019363e-03
 2.7611654181941541e+00	 1.2420047248091383e-02	-6.6387313573974451e-03
 2.7673013413456968e+00	 1.2219724054813388e-02	-6.6387317161461564e-03
 2.7734372644972392e+00	 1.2019400852238668e-02	-6.6387320619120758e-03
 2.7795731876487819e+00	 1.1819077640704018e-02	-6.6387323951421591e-03
 2.7857091108003242e+00	 1.1618754420534450e-02	-6.6387327162673879e-03
 2.7918450339518670e+00	 1.1418431192044061e-02	-6.6387330257026665e-03
 2.7979809571034093e+00	 1.1218107955535975e-02	-6.6387333238483318e-03
 2.8041168802549521e+00	 1.1017784711303130e-02	-6.6387336110894429e-03
 2.8102528034064944e+00	 1.0817461459628414e-02	-6.6387338877976904e-03
 2.8163887265580372e+00	 1.0617138200785135e-02	-6.6387341543304957e-03
 2.8225246497095799e+00	 1.0416814935037266e-02	-6.6387344110328192e-03
 2.8286605728611223e+00	 1.0216491662639831e-02	-6.6387346582361673e-03
 2.8347964960126650e+00	 1.0016168383839393e-02	-6.6387348962604412e-03
 2.8409324191642074e+00	 9.8158450988739838e-03	-6.6387351254130747e-03
 2.8470683423157501e+00	 9.6155218079740038e-03	-6.6387353459905051e-03
 2.8532042654672924e+00	 9.4151985113619142e-03	-6.6387355582776912e-03
 2.8593401886188352e+00	 9.2148752092530498e-03	-6.6387357625493845e-03
 2.8654761117703775e+00	 9.0145519018552181e-03	-6.6387359590694686e-03
 2.8716120349219203e+00	 8.8142285893698068e-03	-6.6387361480920917e-03
 2.8777479580734626e+00	 8.6139052719913962e-03	-6.6387363298615262e-03
 2.8838838812250054e+00	 8.4135819499083324e-03	-6.6387365046128577e-03
 2.8900198043765482e+00	 8.2132586233028947e-03	-6.6387366725718317e-03
 2.8961557275280905e+00	 8.0129352923515671e-03	-6.6387368339558966e-03
 2.9022916506796332e+00	 7.8126119572248243e-03	-6.6387369889734666e-03
 2.9084275738311756e+00	 7.6122886180883583e-03	-6.6387371378250340e-03
 2.9145634969827183e+00	 7.4119652751021090e-03	-6.6387372807029449e-03
 2.9206994201342606e+00	 7.2116419284215189e-03	-6.6387374177920297e-03
 2.9268353432858034e+00	 7.0113185781968557e-03	-6.6387375492693709e-03
 2.9329712664373457e+00	 6.8109952245741876e-03	-6.6387376753051551e-03
 2.9391071895888885e+00	 6.6106718676946473e-03	-6.6387377960621091e-03
 2.9452431127404308e+00	 6.4103485076959484e-03	-6.6387379116964905e-03
 2.9513790358919736e+00	 6.2100251447107981e-03	-6.6387380223578195e-03
 2.9575149590435164e+00	 6.0097017788689677e-03	-6.6387381281889490e-03
 2.9636508821950587e+00	 5.8093784102958654e-03	-6.6387382293269428e-03
 2.9697868053466014e+00	 5.6090550391138284e-03	-6.6387383259023172e-03
 2.9759227284981438e+00	 5.4087316654415308e-03	-6.6387384180401606e-03
 2.9820586516496865e+00	 5.2084082893945520e-03	-6.6387385058595027e-03
 2.9881945748012289e+00	 5.0080849110852102e-03	-6.6387385894738594e-03
 2.9943304979527716e+00	 4.8077615306232726e-03	-6.6387386689912226e-03
 3.0004664211043139e+00	 4.6074381481154194e-03	-6.6387387445145940e-03
 3.0066023442558567e+00	 4.4071147636657749e-03	-6.6387388161414851e-03
 3.0127382674073995e+00	 4.2067913773759201e-03	-6.6387388839645508e-03
 3.0188741905589418e+00	 4.0064679893451480e-03	-6.6387389480714173e-03
 3.0250101137104846e+00	 3.8061445996703915e-03	-6.6387390085450564e-03
 3.0311460368620269e+00	 3.6058212084464913e-03	-6.6387390654635142e-03
 3.0372819600135696e+00	 3.4054978157664296e-03	-6.6387391189004089e-03
 3.0434178831651120e+00	 3.2051744217211501e-03	-6.6387391689249923e-03
 3.0495538063166547e+00	 3.0048510263996119e-03	-6.6387392156018240e-03
 3.0556897294681971e+00	 2.8045276298896320e-03	-6.6387392589911014e-03
 3.0618256526197398e+00	 2.6042042322771998e-03	-6.6387392991490747e-03
 3.0679615757712821e+00	 2.4038808336469212e-03	-6.6387393361276789e-03
 3.0740974989228249e+00	 2.2035574340819181e-03	-6.6387393699747603e-03
 3.0802334220743677e+00	 2.0032340336644007e-03	-6.6387394007338257e-03
 3.0863693452259100e+00	 1.8029106324753703e-03	-6.6387394284449256e-03
 3.0925052683774528e+00	 1.6025872305946622e-03	-6.6387394531437285e-03
 3.0986411915289951e+00	 1.4022638281015083e-03	-6.6387394748621768e-03
 3.1047771146805379e+00	 1.2019404250741030e-03	-6.6387394936284630e-03
 3.1109130378320802e+00	 1.0016170215900021e-03	-6.6387395094667121e-03
 3.1170489609836229e+00	 8.0129361772627097e-04	-6.6387395223974676e-03
 3.1231848841351653e+00	 6.0097021355945586e-04	-6.6387395324373159e-03
 3.1293208072867080e+00	 4.0064680916576320e-04	-6.6387395395995225e-03
 3.1354567304382504e+00	 2.0032340462064480e-04	-6.6387395438931573e-03
