-3.1415926535897931e+00	 2.1767447307515358e-16	-6.8863528895758809e-03
-3.1354567304382504e+00	-2.0405089298157226e-04	-6.8863528885877486e-03
-3.1293208072867080e+00	-4.0810178591229197e-04	-6.8863528856219942e-03
-3.1231848841351653e+00	-6.1215267874109407e-04	-6.8863528806745525e-03
-3.1170489609836229e+00	-8.1620357141659085e-04	-6.8863528737387499e-03
-3.1109130378320802e+00	-1.0202544638875585e-03	-6.8863528648051512e-03
-3.1047771146805379e+00	-1.2243053561021323e-03	-6.8863528538616941e-03
-3.0986411915289951e+00	-1.4283562480083729e-03	-6.8863528408935702e-03
-3.0925052683774528e+00	-1.6324071395538275e-03	-6.8863528258833566e-03
-3.0863693452259100e+00	-1.8364580306857482e-03	-6.8863528088105516e-03
-3.0802334220743677e+00	-2.0405089213503882e-03	-6.8863527896520860e-03
-3.0740974989228249e+00	-2.2445598114938792e-03	-6.8863527683820230e-03
-3.0679615757712821e+00	-2.4486107010611297e-03	-6.8863527449714596e-03
-3.0618256526197398e+00	-2.6526615899966528e-03	-6.8863527193889114e-03
-3.0556897294681971e+00	-2.8567124782439973e-03	-6.8863526915996613e-03
-3.0495538063166547e+00	-3.0607633657458444e-03	-6.8863526615660677e-03
-3.0434178831651120e+00	-3.2648142524436749e-03	-6.8863526292473921e-03
-3.0372819600135696e+00	-3.4688651382780260e-03	-6.8863525946000325e-03
-3.0311460368620269e+00	-3.6729160231883176e-03	-6.8863525575769569e-03
-3.0250101137104846e+00	-3.8769669071125196e-03	-6.8863525181280709e-03
-3.0188741905589418e+00	-4.0810177899874844e-03	-6.8863524762000040e-03
-3.0127382674073995e+00	-4.2850686717484654e-03	-6.8863524317358841e-03
-3.0066023442558567e+00	-4.4891195523293140e-03	-6.8863523846756690e-03
-3.0004664211043139e+00	-4.6931704316622927e-03	-6.8863523349555452e-03
-2.9943304979527716e+00	-4.8972213096778808e-03	-6.8863522825082495e-03
-2.9881945748012289e+00	-5.1012721863049268e-03	-6.8863522272627651e-03
-2.9820586516496865e+00	-5.3053230614703226e-03	-6.8863521691442673e-03
-2.9759227284981438e+00	-5.5093739350989129e-03	-6.8863521080738972e-03
-2.9697868053466014e+00	-5.7134248071132807e-03	-6.8863520439691635e-03
-2.9636508821950587e+00	-5.9174756774342738e-03	-6.8863519767434116e-03
-2.9575149590435164e+00	-6.1215265459803325e-03	-6.8863519063055252e-03
-2.9513790358919736e+00	-6.3255774126673159e-03	-6.8863518325599712e-03
-2.9452431127404308e+00	-6.5296282774085987e-03	-6.8863517554071038e-03
-2.9391071895888885e+00	-6.7336791401150084e-03	-6.8863516747421959e-03
-2.9329712664373457e+00	-6.9377300006943452e-03	-6.8863515904563494e-03
-2.9268353432858034e+00	-7.1417808590521388e-03	-6.8863515024353440e-03
-2.9206994201342606e+00	-7.3458317150902558e-03	-6.8863514105599382e-03
-2.9145634969827183e+00	-7.5498825687078152e-03	-6.8863513147057786e-03
-2.9084275738311756e+00	-7.7539334198004368e-03	-6.8863512147431371e-03
-2.9022916506796332e+00	-7.9579842682605626e-03	-6.8863511105366404e-03
-2.8961557275280905e+00	-8.1620351139767931e-03	-6.8863510019451721e-03
-2.8900198043765482e+00	-8.3660859568342773e-03	-6.8863508888217899e-03
-2.8838838812250054e+00	-8.5701367967141104e-03	-6.8863507710132900e-03
-2.8777479580734626e+00	-8.7741876334934861e-03	-6.8863506483601124e-03
-2.8716120349219203e+00	-8.9782384670451278e-03	-6.8863505206962286e-03
-2.8654761117703775e+00	-9.1822892972378296e-03	-6.8863503878488740e-03
-2.8593401886188352e+00	-9.3863401239353862e-03	-6.8863502496380987e-03
-2.8532042654672924e+00	-9.5903909469972591e-03	-6.8863501058768579e-03
-2.8470683423157501e+00	-9.7944417662776621e-03	-6.8863499563704376e-03
-2.8409324191642074e+00	-9.9984925816259482e-03	-6.8863498009165258e-03
-2.8347964960126650e+00	-1.0202543392885986e-02	-6.8863496393045268e-03
-2.8286605728611223e+00	-1.0406594199896160e-02	-6.8863494713156826e-03
-2.8225246497095799e+00	-1.0610645002489004e-02	-6.8863492967225310e-03
-2.8163887265580372e+00	-1.0814695800491244e-02	-6.8863491152887160e-03
-2.8102528034064944e+00	-1.1018746593723198e-02	-6.8863489267686415e-03
-2.8041168802549521e+00	-1.1222797381999031e-02	-6.8863487309070298e-03
-2.7979809571034093e+00	-1.1426848165125753e-02	-6.8863485274386774e-03
-2.7918450339518670e+00	-1.1630898942903905e-02	-6.8863483160882411e-03
-2.7857091108003242e+00	-1.1834949715126372e-02	-6.8863480965693624e-03
-2.7795731876487819e+00	-1.2039000481578774e-02	-6.8863478685849844e-03
-2.7734372644972392e+00	-1.2243051242038654e-02	-6.8863476318262859e-03
-2.7673013413456968e+00	-1.2447101996275745e-02	-6.8863473859729785e-03
-2.7611654181941541e+00	-1.2651152744051191e-02	-6.8863471306919279e-03
-2.7550294950426117e+00	-1.2855203485117359e-02	-6.8863468656377427e-03
-2.7488935718910690e+00	-1.3059254219217671e-02	-6.8863465904514375e-03
-2.7427576487395262e+00	-1.3263304946086050e-02	-6.8863463047605196e-03
-2.7366217255879839e+00	-1.3467355665446558e-02	-6.8863460081779989e-03
-2.7304858024364411e+00	-1.3671406377013142e-02	-6.8863457003025819e-03
-2.7243498792848988e+00	-1.3875457080489239e-02	-6.8863453807172089e-03
-2.7182139561333560e+00	-1.4079507775567154e-02	-6.8863450489893875e-03
-2.7120780329818137e+00	-1.4283558461928192e-02	-6.8863447046699543e-03
-2.7059421098302709e+00	-1.4487609139241507e-02	-6.8863443472926625e-03
-2.6998061866787286e+00	-1.4691659807164123e-02	-6.8863439763736699e-03
-2.6936702635271859e+00	-1.4895710465340361e-02	-6.8863435914108409e-03
-2.6875343403756435e+00	-1.5099761113401307e-02	-6.8863431918829180e-03
-2.6813984172241008e+00	-1.5303811750964413e-02	-6.8863427772491576e-03
-2.6752624940725580e+00	-1.5507862377633054e-02	-6.8863423469479081e-03
-2.6691265709210157e+00	-1.5711912992995330e-02	-6.8863419003966295e-03
-2.6629906477694729e+00	-1.5915963596624561e-02	-6.8863414369910135e-03
-2.6568547246179306e+00	-1.6120014188078107e-02	-6.8863409561034320e-03
-2.6507188014663878e+00	-1.6324064766896657e-02	-6.8863404570828415e-03
-2.6445828783148455e+00	-1.6528115332603878e-02	-6.8863399392536419e-03
-2.6384469551633027e+00	-1.6732165884705743e-02	-6.8863394019147636e-03
-2.6323110320117604e+00	-1.6936216422689734e-02	-6.8863388443386160e-03
-2.6261751088602177e+00	-1.7140266946024160e-02	-6.8863382657704357e-03
-2.6200391857086753e+00	-1.7344317454157765e-02	-6.8863376654267651e-03
-2.6139032625571326e+00	-1.7548367946518227e-02	-6.8863370424948230e-03
-2.6077673394055898e+00	-1.7752418422512375e-02	-6.8863363961313732e-03
-2.6016314162540475e+00	-1.7956468881524603e-02	-6.8863357254611724e-03
-2.5954954931025047e+00	-1.8160519322916513e-02	-6.8863350295763097e-03
-2.5893595699509624e+00	-1.8364569746025555e-02	-6.8863343075344146e-03
-2.5832236467994196e+00	-1.8568620150164684e-02	-6.8863335583581329e-03
-2.5770877236478773e+00	-1.8772670534620946e-02	-6.8863327810329182e-03
-2.5709518004963345e+00	-1.8976720898654917e-02	-6.8863319745067139e-03
-2.5648158773447922e+00	-1.9180771241499597e-02	-6.8863311376872556e-03
-2.5586799541932495e+00	-1.9384821562359017e-02	-6.8863302694417696e-03
-2.5525440310417071e+00	-1.9588871860407756e-02	-6.8863293685945742e-03
-2.5464081078901644e+00	-1.9792922134789146e-02	-6.8863284339261551e-03
-2.5402721847386216e+00	-1.9996972384614928e-02	-6.8863274641710248e-03
-2.5341362615870793e+00	-2.0201022608963230e-02	-6.8863264580161579e-03
-2.5280003384355365e+00	-2.0405072806877689e-02	-6.8863254140993386e-03
-2.5218644152839942e+00	-2.0609122977366414e-02	-6.8863243310074108e-03
-2.5157284921324514e+00	-2.0813173119400331e-02	-6.8863232072737422e-03
-2.5095925689809091e+00	-2.1017223231911498e-02	-6.8863220413770071e-03
-2.5034566458293663e+00	-2.1221273313792460e-02	-6.8863208317387721e-03
-2.4973207226778240e+00	-2.1425323363894050e-02	-6.8863195767211692e-03
-2.4911847995262812e+00	-2.1629373381024056e-02	-6.8863182746251505e-03
-2.4850488763747385e+00	-2.1833423363945823e-02	-6.8863169236877703e-03
-2.4789129532231962e+00	-2.2037473311376017e-02	-6.8863155220798512e-03
-2.4727770300716534e+00	-2.2241523221983570e-02	-6.8863140679040306e-03
-2.4666411069201111e+00	-2.2445573094387487e-02	-6.8863125591913611e-03
-2.4605051837685683e+00	-2.2649622927155024e-02	-6.8863109938993314e-03
-2.4543692606170260e+00	-2.2853672718799949e-02	-6.8863093699085267e-03
-2.4482333374654832e+00	-2.3057722467779918e-02	-6.8863076850202041e-03
-2.4420974143139409e+00	-2.3261772172495133e-02	-6.8863059369533332e-03
-2.4359614911623981e+00	-2.3465821831285916e-02	-6.8863041233412515e-03
-2.4298255680108558e+00	-2.3669871442430372e-02	-6.8863022417283955e-03
-2.4236896448593130e+00	-2.3873921004141849e-02	-6.8863002895671478e-03
-2.4175537217077703e+00	-2.4077970514566949e-02	-6.8862982642147845e-03
-2.4114177985562280e+00	-2.4282019971783114e-02	-6.8862961629291121e-03
-2.4052818754046852e+00	-2.4486069373795327e-02	-6.8862939828650939e-03
-2.3991459522531429e+00	-2.4690118718534083e-02	-6.8862917210711378e-03
-2.3930100291016001e+00	-2.4894168003851989e-02	-6.8862893744849711e-03
-2.3868741059500578e+00	-2.5098217227521667e-02	-6.8862869399298277e-03
-2.3807381827985150e+00	-2.5302266387232021e-02	-6.8862844141092741e-03
-2.3746022596469727e+00	-2.5506315480585323e-02	-6.8862817936037896e-03
-2.3684663364954299e+00	-2.5710364505094136e-02	-6.8862790748654458e-03
-2.3623304133438876e+00	-2.5914413458177861e-02	-6.8862762542134161e-03
-2.3561944901923448e+00	-2.6118462337158976e-02	-6.8862733278285283e-03
-2.3500585670408021e+00	-2.6322511139259604e-02	-6.8862702917491620e-03
-2.3439226438892597e+00	-2.6526559861598239e-02	-6.8862671418645884e-03
-2.3377867207377170e+00	-2.6730608501184912e-02	-6.8862638739101414e-03
-2.3316507975861747e+00	-2.6934657054917665e-02	-6.8862604834614653e-03
-2.3255148744346319e+00	-2.7138705519578640e-02	-6.8862569659282682e-03
-2.3193789512830896e+00	-2.7342753891829035e-02	-6.8862533165479417e-03
-2.3132430281315468e+00	-2.7546802168204980e-02	-6.8862495303799185e-03
-2.3071071049800045e+00	-2.7750850345113078e-02	-6.8862456022979130e-03
-2.3009711818284617e+00	-2.7954898418824880e-02	-6.8862415269838224e-03
-2.2948352586769194e+00	-2.8158946385472554e-02	-6.8862372989199911e-03
-2.2886993355253766e+00	-2.8362994241043018e-02	-6.8862329123821715e-03
-2.2825634123738339e+00	-2.8567041981373043e-02	-6.8862283614313027e-03
-2.2764274892222915e+00	-2.8771089602143134e-02	-6.8862236399060833e-03
-2.2702915660707488e+00	-2.8975137098872360e-02	-6.8862187414139766e-03
-2.2641556429192065e+00	-2.9179184466911336e-02	-6.8862136593228068e-03
-2.2580197197676637e+00	-2.9383231701436689e-02	-6.8862083867520865e-03
-2.2518837966161214e+00	-2.9587278797444303e-02	-6.8862029165632777e-03
-2.2457478734645786e+00	-2.9791325749742529e-02	-6.8861972413502880e-03
-2.2396119503130363e+00	-2.9995372552944960e-02	-6.8861913534295329e-03
-2.2334760271614935e+00	-3.0199419201463615e-02	-6.8861852448293620e-03
-2.2273401040099512e+00	-3.0403465689500853e-02	-6.8861789072793295e-03
-2.2212041808584084e+00	-3.0607512011041907e-02	-6.8861723321991444e-03
-2.2150682577068657e+00	-3.0811558159846555e-02	-6.8861655106868076e-03
-2.2089323345553233e+00	-3.1015604129440665e-02	-6.8861584335066029e-03
-2.2027964114037806e+00	-3.1219649913107467e-02	-6.8861510910768805e-03
-2.1966604882522383e+00	-3.1423695503878482e-02	-6.8861434734566445e-03
-2.1905245651006955e+00	-3.1627740894523984e-02	-6.8861355703326169e-03
-2.1843886419491532e+00	-3.1831786077543556e-02	-6.8861273710047822e-03
-2.1782527187976104e+00	-3.2035831045155540e-02	-6.8861188643720159e-03
-2.1721167956460681e+00	-3.2239875789286519e-02	-6.8861100389171828e-03
-2.1659808724945253e+00	-3.2443920301560535e-02	-6.8861008826916611e-03
-2.1598449493429825e+00	-3.2647964573287884e-02	-6.8860913832988445e-03
-2.1537090261914402e+00	-3.2852008595452994e-02	-6.8860815278776492e-03
-2.1475731030398975e+00	-3.3056052358702716e-02	-6.8860713030847497e-03
-2.1414371798883551e+00	-3.3260095853332929e-02	-6.8860606950768271e-03
-2.1353012567368124e+00	-3.3464139069275964e-02	-6.8860496894917840e-03
-2.1291653335852700e+00	-3.3668181996086954e-02	-6.8860382714294767e-03
-2.1230294104337273e+00	-3.3872224622929867e-02	-6.8860264254308537e-03
-2.1168934872821850e+00	-3.4076266938561861e-02	-6.8860141354576115e-03
-2.1107575641306422e+00	-3.4280308931319232e-02	-6.8860013848705531e-03
-2.1046216409790999e+00	-3.4484350589100952e-02	-6.8859881564066099e-03
-2.0984857178275571e+00	-3.4688391899352473e-02	-6.8859744321560362e-03
-2.0923497946760143e+00	-3.4892432849048909e-02	-6.8859601935376000e-03
-2.0862138715244720e+00	-3.5096473424676984e-02	-6.8859454212736489e-03
-2.0800779483729293e+00	-3.5300513612217095e-02	-6.8859300953641551e-03
-2.0739420252213869e+00	-3.5504553397124154e-02	-6.8859141950594858e-03
-2.0678061020698442e+00	-3.5708592764307934e-02	-6.8858976988323585e-03
-2.0616701789183018e+00	-3.5912631698112783e-02	-6.8858805843487088e-03
-2.0555342557667591e+00	-3.6116670182296313e-02	-6.8858628284372836e-03
-2.0493983326152168e+00	-3.6320708200007094e-02	-6.8858444070583075e-03
-2.0432624094636740e+00	-3.6524745733762347e-02	-6.8858252952714921e-03
-2.0371264863121317e+00	-3.6728782765424080e-02	-6.8858054672013766e-03
-2.0309905631605889e+00	-3.6932819276174429e-02	-6.8857848960030624e-03
-2.0248546400090461e+00	-3.7136855246490470e-02	-6.8857635538252205e-03
-2.0187187168575038e+00	-3.7340890656117308e-02	-6.8857414117729741e-03
-2.0125827937059610e+00	-3.7544925484041224e-02	-6.8857184398682910e-03
-2.0064468705544187e+00	-3.7748959708460608e-02	-6.8856946070096530e-03
-2.0003109474028760e+00	-3.7952993306756916e-02	-6.8856698809299840e-03
-1.9941750242513334e+00	-3.8157026255463855e-02	-6.8856442281530822e-03
-1.9880391010997909e+00	-3.8361058530235956e-02	-6.8856176139477305e-03
-1.9819031779482483e+00	-3.8565090105814818e-02	-6.8855900022811592e-03
-1.9757672547967058e+00	-3.8769120955995745e-02	-6.8855613557702597e-03
-1.9696313316451632e+00	-3.8973151053591649e-02	-6.8855316356308139e-03
-1.9634954084936207e+00	-3.9177180370396893e-02	-6.8855008016250824e-03
-1.9573594853420782e+00	-3.9381208877148369e-02	-6.8854688120070333e-03
-1.9512235621905356e+00	-3.9585236543486307e-02	-6.8854356234664283e-03
-1.9450876390389933e+00	-3.9789263337913237e-02	-6.8854011910697887e-03
-1.9389517158874505e+00	-3.9993289227751354e-02	-6.8853654681993092e-03
-1.9328157927359080e+00	-4.0197314179097540e-02	-6.8853284064900634e-03
-1.9266798695843652e+00	-4.0401338156778585e-02	-6.8852899557649430e-03
-1.9205439464328224e+00	-4.0605361124302845e-02	-6.8852500639658048e-03
-1.9144080232812801e+00	-4.0809383043810980e-02	-6.8852086770836820e-03
-1.9082721001297376e+00	-4.1013403876024791e-02	-6.8851657390853653e-03
-1.9021361769781950e+00	-4.1217423580193924e-02	-6.8851211918378227e-03
-1.8960002538266525e+00	-4.1421442114041036e-02	-6.8850749750290598e-03
-1.8898643306751099e+00	-4.1625459433703778e-02	-6.8850270260866226e-03
-1.8837284075235674e+00	-4.1829475493676306e-02	-6.8849772800934255e-03
-1.8775924843720246e+00	-4.2033490246747220e-02	-6.8849256696988286e-03
-1.8714565612204823e+00	-4.2237503643935428e-02	-6.8848721250284106e-03
-1.8653206380689393e+00	-4.2441515634424387e-02	-6.8848165735887817e-03
-1.8591847149173970e+00	-4.2645526165492754e-02	-6.8847589401700143e-03
-1.8530487917658545e+00	-4.2849535182443763e-02	-6.8846991467429938e-03
-1.8469128686143119e+00	-4.3053542628529992e-02	-6.8846371123544303e-03
-1.8407769454627694e+00	-4.3257548444877801e-02	-6.8845727530170613e-03
-1.8346410223112268e+00	-4.3461552570406549e-02	-6.8845059815958870e-03
-1.8285050991596843e+00	-4.3665554941746773e-02	-6.8844367076903992e-03
-1.8223691760081417e+00	-4.3869555493153585e-02	-6.8843648375119231e-03
-1.8162332528565992e+00	-4.4073554156418476e-02	-6.8842902737569697e-03
-1.8100973297050564e+00	-4.4277550860776282e-02	-6.8842129154750931e-03
-1.8039614065535141e+00	-4.4481545532809870e-02	-6.8841326579325828e-03
-1.7978254834019713e+00	-4.4685538096350140e-02	-6.8840493924704005e-03
-1.7916895602504286e+00	-4.4889528472373715e-02	-6.8839630063575498e-03
-1.7855536370988863e+00	-4.5093516578895251e-02	-6.8838733826375922e-03
-1.7794177139473437e+00	-4.5297502330856734e-02	-6.8837803999712739e-03
-1.7732817907958012e+00	-4.5501485640012197e-02	-6.8836839324715009e-03
-1.7671458676442586e+00	-4.5705466414808396e-02	-6.8835838495335810e-03
-1.7610099444927161e+00	-4.5909444560260804e-02	-6.8834800156576895e-03
-1.7548740213411735e+00	-4.6113419977824900e-02	-6.8833722902660235e-03
-1.7487380981896310e+00	-4.6317392565262794e-02	-6.8832605275121698e-03
-1.7426021750380882e+00	-4.6521362216504908e-02	-6.8831445760837613e-03
-1.7364662518865459e+00	-4.6725328821506151e-02	-6.8830242789976693e-03
-1.7303303287350031e+00	-4.6929292266097350e-02	-6.8828994733874218e-03
-1.7241944055834606e+00	-4.7133252431830031e-02	-6.8827699902824484e-03
-1.7180584824319181e+00	-4.7337209195816424e-02	-6.8826356543800135e-03
-1.7119225592803755e+00	-4.7541162430563284e-02	-6.8824962838072677e-03
-1.7057866361288330e+00	-4.7745112003798745e-02	-6.8823516898752976e-03
-1.6996507129772904e+00	-4.7949057778293669e-02	-6.8822016768237265e-03
-1.6935147898257479e+00	-4.8152999611675761e-02	-6.8820460415554823e-03
-1.6873788666742053e+00	-4.8356937356236619e-02	-6.8818845733619070e-03
-1.6812429435226628e+00	-4.8560870858731724e-02	-6.8817170536378171e-03
-1.6751070203711202e+00	-4.8764799960173258e-02	-6.8815432555851931e-03
-1.6689710972195775e+00	-4.8968724495614575e-02	-6.8813629439063353e-03
-1.6628351740680349e+00	-4.9172644293927023e-02	-6.8811758744853147e-03
-1.6566992509164924e+00	-4.9376559177568093e-02	-6.8809817940573810e-03
-1.6505633277649499e+00	-4.9580468962341029e-02	-6.8807804398663486e-03
-1.6444274046134073e+00	-4.9784373457145641e-02	-6.8805715393086952e-03
-1.6382914814618650e+00	-4.9988272463719348e-02	-6.8803548095646280e-03
-1.6321555583103224e+00	-5.0192165776368813e-02	-6.8801299572151765e-03
-1.6260196351587797e+00	-5.0396053181691401e-02	-6.8798966778450777e-03
-1.6198837120072371e+00	-5.0599934458286332e-02	-6.8796546556304525e-03
-1.6137477888556946e+00	-5.0803809376454519e-02	-6.8794035629116332e-03
-1.6076118657041520e+00	-5.1007677697888214e-02	-6.8791430597494917e-03
-1.6014759425526093e+00	-5.1211539175347723e-02	-6.8788727934652079e-03
-1.5953400194010667e+00	-5.1415393552327326e-02	-6.8785923981627530e-03
-1.5892040962495240e+00	-5.1619240562706836e-02	-6.8783014942336079e-03
-1.5830681730979816e+00	-5.1823079930392500e-02	-6.8779996878435305e-03
-1.5769322499464391e+00	-5.2026911368942337e-02	-6.8776865703983605e-03
-1.5707963267948966e+00	-5.2230734581178682e-02	-6.8773617179920341e-03
-1.5646604036433540e+00	-5.2434549258785691e-02	-6.8770246908318655e-03
-1.5585244804918115e+00	-5.2638355081891776e-02	-6.8766750326439497e-03
-1.5523885573402689e+00	-5.2842151718636661e-02	-6.8763122700549045e-03
-1.5462526341887264e+00	-5.3045938824721653e-02	-6.8759359119518635e-03
-1.5401167110371838e+00	-5.3249716042944061e-02	-6.8755454488170688e-03
-1.5339807878856411e+00	-5.3453483002712798e-02	-6.8751403520384740e-03
-1.5278448647340985e+00	-5.3657239319547100e-02	-6.8747200731945832e-03
-1.5217089415825558e+00	-5.3860984594556037e-02	-6.8742840433113923e-03
-1.5155730184310134e+00	-5.4064718413897546e-02	-6.8738316720926710e-03
-1.5094370952794709e+00	-5.4268440348218761e-02	-6.8733623471213864e-03
-1.5033011721279284e+00	-5.4472149952074514e-02	-6.8728754330301947e-03
-1.4971652489763858e+00	-5.4675846763324029e-02	-6.8723702706418362e-03
-1.4910293258248433e+00	-5.4879530302505225e-02	-6.8718461760766758e-03
-1.4848934026733007e+00	-5.5083200072185132e-02	-6.8713024398275851e-03
-1.4787574795217582e+00	-5.5286855556286991e-02	-6.8707383257992803e-03
-1.4726215563702154e+00	-5.5490496219390659e-02	-6.8701530703121081e-03
-1.4664856332186729e+00	-5.5694121506008054e-02	-6.8695458810686585e-03
-1.4603497100671303e+00	-5.5897730839830483e-02	-6.8689159360814578e-03
-1.4542137869155878e+00	-5.6101323622948715e-02	-6.8682623825607339e-03
-1.4480778637640452e+00	-5.6304899235043074e-02	-6.8675843357597051e-03
-1.4419419406125029e+00	-5.6508457032543195e-02	-6.8668808777780704e-03
-1.4358060174609601e+00	-5.6711996347757136e-02	-6.8661510563191620e-03
-1.4296700943094176e+00	-5.6915516487966188e-02	-6.8653938834013755e-03
-1.4235341711578751e+00	-5.7119016734487472e-02	-6.8646083340214914e-03
-1.4173982480063327e+00	-5.7322496341700474e-02	-6.8637933447675669e-03
-1.4112623248547900e+00	-5.7525954536037323e-02	-6.8629478123797974e-03
-1.4051264017032472e+00	-5.7729390514935100e-02	-6.8620705922576531e-03
-1.3989904785517047e+00	-5.7932803445749081e-02	-6.8611604969111423e-03
-1.3928545554001621e+00	-5.8136192464624731e-02	-6.8602162943538049e-03
-1.3867186322486196e+00	-5.8339556675327961e-02	-6.8592367064362406e-03
-1.3805827090970770e+00	-5.8542895148031418e-02	-6.8582204071163831e-03
-1.3744467859455345e+00	-5.8746206918055051e-02	-6.8571660206653111e-03
-1.3683108627939919e+00	-5.8949490984559552e-02	-6.8560721198062165e-03
-1.3621749396424494e+00	-5.9152746309190991e-02	-6.8549372237829585e-03
-1.3560390164909069e+00	-5.9355971814673961e-02	-6.8537597963572216e-03
-1.3499030933393643e+00	-5.9559166383353269e-02	-6.8525382437299841e-03
-1.3437671701878215e+00	-5.9762328855679329e-02	-6.8512709123852078e-03
-1.3376312470362790e+00	-5.9965458028638161e-02	-6.8499560868533387e-03
-1.3314953238847365e+00	-6.0168552654121299e-02	-6.8485919873904509e-03
-1.3253594007331939e+00	-6.0371611437236038e-02	-6.8471767675711446e-03
-1.3192234775816516e+00	-6.0574633034550726e-02	-6.8457085117903261e-03
-1.3130875544301088e+00	-6.0777616052275191e-02	-6.8441852326729061e-03
-1.3069516312785661e+00	-6.0980559044372815e-02	-6.8426048683851463e-03
-1.3008157081270237e+00	-6.1183460510601459e-02	-6.8409652798464334e-03
-1.2946797849754810e+00	-6.1386318894481533e-02	-6.8392642478362579e-03
-1.2885438618239387e+00	-6.1589132581187277e-02	-6.8374994699926406e-03
-1.2824079386723961e+00	-6.1791899895359027e-02	-6.8356685576986083e-03
-1.2762720155208533e+00	-6.1994619098833539e-02	-6.8337690328522799e-03
-1.2701360923693108e+00	-6.2197288388289237e-02	-6.8317983245159888e-03
-1.2640001692177683e+00	-6.2399905892803309e-02	-6.8297537654397030e-03
-1.2578642460662257e+00	-6.2602469671316330e-02	-6.8276325884546723e-03
-1.2517283229146834e+00	-6.2804977710002971e-02	-6.8254319227323331e-03
-1.2455923997631406e+00	-6.3007427919542724e-02	-6.8231487899027736e-03
-1.2394564766115981e+00	-6.3209818132289791e-02	-6.8207801000290096e-03
-1.2333205534600555e+00	-6.3412146099335445e-02	-6.8183226474288101e-03
-1.2271846303085130e+00	-6.3614409487460569e-02	-6.8157731063424676e-03
-1.2210487071569704e+00	-6.3816605875974167e-02	-6.8131280264370729e-03
-1.2149127840054279e+00	-6.4018732753433089e-02	-6.8103838281434034e-03
-1.2087768608538849e+00	-6.4220787514238195e-02	-6.8075367978178902e-03
-1.2026409377023426e+00	-6.4422767455103724e-02	-6.8045830827244769e-03
-1.1965050145507998e+00	-6.4624669771393028e-02	-6.8015186858279000e-03
-1.1903690913992575e+00	-6.4826491553317767e-02	-6.7983394603936880e-03
-1.1842331682477150e+00	-6.5028229781993921e-02	-6.7950411043845643e-03
-1.1780972450961724e+00	-6.5229881325349764e-02	-6.7916191546493632e-03
-1.1719613219446299e+00	-6.5431442933880549e-02	-6.7880689808930209e-03
-1.1658253987930873e+00	-6.5632911236243083e-02	-6.7843857794227672e-03
-1.1596894756415448e+00	-6.5834282734686028e-02	-6.7805645666598547e-03
-1.1535535524900022e+00	-6.6035553800307623e-02	-6.7766001724090140e-03
-1.1474176293384595e+00	-6.6236720668135948e-02	-6.7724872328767654e-03
-1.1412817061869169e+00	-6.6437779432024335e-02	-6.7682201834285650e-03
-1.1351457830353744e+00	-6.6638726039354140e-02	-6.7637932510760945e-03
-1.1290098598838318e+00	-6.6839556285540655e-02	-6.7592004466841315e-03
-1.1228739367322893e+00	-6.7040265808330488e-02	-6.7544355568851019e-03
-1.1167380135807468e+00	-6.7240850081885795e-02	-6.7494921356942780e-03
-1.1106020904292042e+00	-6.7441304410646261e-02	-6.7443634958095928e-03
-1.1044661672776617e+00	-6.7641623922959970e-02	-6.7390426995890679e-03
-1.0983302441261191e+00	-6.7841803564476111e-02	-6.7335225496897629e-03
-1.0921943209745768e+00	-6.8041838091287402e-02	-6.7277955793587224e-03
-1.0860583978230340e+00	-6.8241722062816770e-02	-6.7218540423616205e-03
-1.0799224746714913e+00	-6.8441449834435397e-02	-6.7156899025362215e-03
-1.0737865515199487e+00	-6.8641015549804466e-02	-6.7092948229552883e-03
-1.0676506283684062e+00	-6.8840413132926770e-02	-6.7026601546868406e-03
-1.0615147052168636e+00	-6.9039636279902283e-02	-6.6957769251356570e-03
-1.0553787820653213e+00	-6.9238678450371655e-02	-6.6886358259491364e-03
-1.0492428589137786e+00	-6.9437532858638670e-02	-6.6812272004743434e-03
-1.0431069357622360e+00	-6.9636192464458485e-02	-6.6735410307466854e-03
-1.0369710126106935e+00	-6.9834649963479184e-02	-6.6655669239954795e-03
-1.0308350894591509e+00	-7.0032897777324674e-02	-6.6572940986466093e-03
-1.0246991663076084e+00	-7.0230928043302873e-02	-6.6487113698039009e-03
-1.0185632431560658e+00	-7.0428732603727118e-02	-6.6398071341918583e-03
-1.0124273200045231e+00	-7.0626302994836077e-02	-6.6305693545373971e-03
-1.0062913968529805e+00	-7.0823630435295548e-02	-6.6209855433713776e-03
-1.0001554737014380e+00	-7.1020705814267754e-02	-6.6110427462281940e-03
-9.9401955054989533e-01	-7.1217519679030616e-02	-6.6007275242214534e-03
-9.8788362739835278e-01	-7.1414062222131591e-02	-6.5900259359723988e-03
-9.8174770424681035e-01	-7.1610323268056345e-02	-6.5789235188670548e-03
-9.7561178109526792e-01	-7.1806292259394860e-02	-6.5674052696186461e-03
-9.6947585794372526e-01	-7.2001958242486758e-02	-6.5554556241085599e-03
-9.6333993479218272e-01	-7.2197309852524386e-02	-6.5430584364798818e-03
-9.5720401164064017e-01	-7.2392335298094426e-02	-6.5301969574559004e-03
-9.5106808848909752e-01	-7.2587022345135477e-02	-6.5168538118554557e-03
-9.4493216533755497e-01	-7.2781358300290810e-02	-6.5030109752760440e-03
-9.3879624218601254e-01	-7.2975329993632099e-02	-6.4886497499129321e-03
-9.3266031903446978e-01	-7.3168923760730101e-02	-6.4737507394846405e-03
-9.2652439588292723e-01	-7.3362125424048852e-02	-6.4582938232309482e-03
-9.2038847273138458e-01	-7.3554920273635943e-02	-6.4422581289492837e-03
-9.1425254957984214e-01	-7.3747293047082080e-02	-6.4256220050357936e-03
-9.0811662642829971e-01	-7.3939227908723371e-02	-6.4083629914945678e-03
-9.0198070327675706e-01	-7.4130708428056247e-02	-6.3904577898761528e-03
-8.9584478012521440e-01	-7.4321717557334591e-02	-6.3718822321087451e-03
-8.8970885697367186e-01	-7.4512237608318904e-02	-6.3526112481799802e-03
-8.8357293382212931e-01	-7.4702250228143197e-02	-6.3326188326292736e-03
-8.7743701067058666e-01	-7.4891736374268214e-02	-6.3118780098071125e-03
-8.7130108751904423e-01	-7.5080676288482945e-02	-6.2903607978562672e-03
-8.6516516436750157e-01	-7.5269049469920052e-02	-6.2680381713704813e-03
-8.5902924121595903e-01	-7.5456834647045945e-02	-6.2448800226812609e-03
-8.5289331806441637e-01	-7.5644009748585872e-02	-6.2208551217251603e-03
-8.4675739491287394e-01	-7.5830551873343782e-02	-6.1959310744401702e-03
-8.4062147176133140e-01	-7.6016437258873415e-02	-6.1700742796379363e-03
-8.3448554860978885e-01	-7.6201641248955135e-02	-6.1432498842982127e-03
-8.2834962545824620e-01	-7.6386138259833827e-02	-6.1154217372304280e-03
-8.2221370230670354e-01	-7.6569901745168922e-02	-6.0865523410417273e-03
-8.1607777915516100e-01	-7.6752904159644864e-02	-6.0566028023541461e-03
-8.0994185600361845e-01	-7.6935116921192204e-02	-6.0255327802078160e-03
-8.0380593285207591e-01	-7.7116510371762523e-02	-5.9933004325859324e-03
-7.9767000970053337e-01	-7.7297053736601368e-02	-5.9598623609965857e-03
-7.9153408654899082e-01	-7.7476715081959899e-02	-5.9251735530423356e-03
-7.8539816339744839e-01	-7.7655461271183474e-02	-5.8891873229080342e-03
-7.7926224024590574e-01	-7.7833257919112928e-02	-5.8518552496937470e-03
-7.7312631709436319e-01	-7.8010069344731453e-02	-5.8131271135182646e-03
-7.6699039394282054e-01	-7.8185858521987103e-02	-5.7729508293158666e-03
-7.6085447079127788e-01	-7.8360587028717787e-02	-5.7312723782474515e-03
-7.5471854763973545e-01	-7.8534214993603552e-02	-5.6880357366427348e-03
-7.4858262448819290e-01	-7.8706701041065030e-02	-5.6431828023907780e-03
-7.4244670133665036e-01	-7.8878002234026953e-02	-5.5966533186903485e-03
-7.3631077818510771e-01	-7.9048074014457848e-02	-5.5483847950717462e-03
-7.3017485503356516e-01	-7.9216870141597964e-02	-5.4983124255975849e-03
-7.2403893188202262e-01	-7.9384342627778146e-02	-5.4463690041470642e-03
-7.1790300873048007e-01	-7.9550441671732225e-02	-5.3924848366882026e-03
-7.1176708557893753e-01	-7.9715115589299140e-02	-5.3365876504353916e-03
-7.0563116242739499e-01	-7.9878310741405015e-02	-5.2786024997912521e-03
-6.9949523927585233e-01	-8.0039971459213127e-02	-5.2184516689672547e-03
-6.9335931612430979e-01	-8.0200039966322328e-02	-5.1560545711731862e-03
-6.8722339297276724e-01	-8.0358456297887321e-02	-5.0913276442660430e-03
-6.8108746982122470e-01	-8.0515158216533295e-02	-5.0241842427440810e-03
-6.7495154666968216e-01	-8.0670081124923423e-02	-4.9545345259684398e-03
-6.6881562351813950e-01	-8.0823157974837995e-02	-4.8822853424949648e-03
-6.6267970036659696e-01	-8.0974319172611650e-02	-4.8073401103923214e-03
-6.5654377721505441e-01	-8.1123492480769888e-02	-4.7295986934235831e-03
-6.5040785406351198e-01	-8.1270602915696016e-02	-4.6489572729624395e-03
-6.4427193091196933e-01	-8.1415572641152720e-02	-4.5653082155166754e-03
-6.3813600776042678e-01	-8.1558320857471001e-02	-4.4785399357241667e-03
-6.3200008460888413e-01	-8.1698763686209125e-02	-4.3885367546897969e-03
-6.2586416145734158e-01	-8.1836814050075063e-02	-4.2951787535252493e-03
-6.1972823830579904e-01	-8.1972381547891826e-02	-4.1983416219547372e-03
-6.1359231515425650e-01	-8.2105372324374218e-02	-4.0978965018452322e-03
-6.0745639200271395e-01	-8.2235688934470225e-02	-3.9937098255209552e-03
-6.0132046885117130e-01	-8.2363230202006671e-02	-3.8856431487182177e-03
-5.9518454569962886e-01	-8.2487891072362970e-02	-3.7735529780388421e-03
-5.8904862254808610e-01	-8.2609562458879654e-02	-3.6572905927553813e-03
-5.8291269939654355e-01	-8.2728131082688033e-02	-3.5367018608251661e-03
-5.7677677624500112e-01	-8.2843479305630296e-02	-3.4116270489691963e-03
-5.7064085309345847e-01	-8.2955484955915801e-02	-3.2819006266714516e-03
-5.6450492994191592e-01	-8.3064021146135147e-02	-3.1473510639563394e-03
-5.5836900679037338e-01	-8.3168956083229523e-02	-3.0078006228056921e-03
-5.5223308363883084e-01	-8.3270152869984654e-02	-2.8630651420754739e-03
-5.4609716048728829e-01	-8.3367469297586067e-02	-2.7129538157800700e-03
-5.3996123733574575e-01	-8.3460757628742929e-02	-2.5572689646135597e-03
-5.3382531418420309e-01	-8.3549864370848173e-02	-2.3958058005842525e-03
-5.2768939103266055e-01	-8.3634630038604885e-02	-2.2283521846445994e-03
-5.2155346788111800e-01	-8.3714888905505408e-02	-2.0546883772069465e-03
-5.1541754472957546e-01	-8.3790468743500199e-02	-1.8745867814439704e-03
-5.0928162157803292e-01	-8.3861190550144904e-02	-1.6878116792864929e-03
-5.0314569842649037e-01	-8.3926868262453991e-02	-1.4941189600384934e-03
-4.9700977527494766e-01	-8.3987308456626636e-02	-1.2932558415506713e-03
-4.9087385212340517e-01	-8.4042310032743844e-02	-1.0849605839045660e-03
-4.8473792897186263e-01	-8.4091663883455278e-02	-8.6896219558373435e-04
-4.7860200582032003e-01	-8.4135152545595338e-02	-6.4498013212758770e-04
-4.7246608266877754e-01	-8.4172549833569657e-02	-4.1272398729041559e-04
-4.6633015951723489e-01	-8.4203620453256453e-02	-1.7189317675690116e-04
-4.6019423636569234e-01	-8.4228119595048001e-02	 7.7823385501511318e-05
-4.5405831321414980e-01	-8.4245792504537162e-02	 3.3674761810702252e-04
-4.4792239006260720e-01	-8.4256374029211017e-02	 6.0521261022873597e-04
-4.4178646691106466e-01	-8.4259588139362379e-02	 8.8356296639469556e-04
-4.3565054375952217e-01	-8.4255147421255783e-02	 1.1721551578959041e-03
-4.2951462060797951e-01	-8.4242752540398050e-02	 1.4713578804502305e-03
-4.2337869745643697e-01	-8.4222091672548738e-02	 1.7815524177275004e-03
-4.1724277430489443e-01	-8.4192839899873279e-02	 2.1031330102510935e-03
-4.1110685115335188e-01	-8.4154658569379787e-02	 2.4365072291082164e-03
-4.0497092800180928e-01	-8.4107194610484465e-02	 2.7820963537892730e-03
-3.9883500485026663e-01	-8.4050079808232731e-02	 3.1403357533646829e-03
-3.9269908169872408e-01	-8.3982930028331515e-02	 3.5116752700716817e-03
-3.8656315854718160e-01	-8.3905344389749004e-02	 3.8965796042291743e-03
-3.8042723539563900e-01	-8.3816904380179372e-02	 4.2955286992271899e-03
-3.7429131224409640e-01	-8.3717172909165152e-02	 4.7090181251335942e-03
-3.6815538909255391e-01	-8.3605693293098512e-02	 5.1375594592343423e-03
-3.6201946594101131e-01	-8.3481988165687318e-02	 5.5816806615568886e-03
-3.5588354278946877e-01	-8.3345558306753650e-02	 6.0419264431252851e-03
-3.4974761963792622e-01	-8.3195881381431233e-02	 6.5188586243400525e-03
-3.4361169648638362e-01	-8.3032410580924518e-02	 7.0130564804740747e-03
-3.3747577333484102e-01	-8.2854573154975728e-02	 7.5251170707980337e-03
-3.3133985018329848e-01	-8.2661768825045820e-02	 8.0556555473034076e-03
-3.2520392703175588e-01	-8.2453368065923099e-02	 8.6053054383445834e-03
-3.1906800388021334e-01	-8.2228710242027381e-02	 9.1747189017705715e-03
-3.1293208072867085e-01	-8.1987101583033073e-02	 9.7645669412345041e-03
-3.0679615757712825e-01	-8.1727812981587294e-02	 1.0375539578321980e-02
-3.0066023442558570e-01	-8.1450077593808110e-02	 1.1008345971912642e-02
-2.9452431127404310e-01	-8.1153088220879577e-02	 1.1663714474726529e-02
-2.8838838812250062e-01	-8.0835994447384152e-02	 1.2342392615269968e-02
-2.8225246497095796e-01	-8.0497899508978732e-02	 1.3045146991322925e-02
-2.7611654181941536e-01	-8.0137856858584225e-02	 1.3772763058631479e-02
-2.6998061866787282e-01	-7.9754866396357718e-02	 1.4526044795489685e-02
-2.6384469551633033e-01	-7.9347870324300226e-02	 1.5305814220310413e-02
-2.5770877236478773e-01	-7.8915748581334433e-02	 1.6112910734955251e-02
-2.5157284921324513e-01	-7.8457313809004697e-02	 1.6948190261345739e-02
-2.4543692606170259e-01	-7.7971305791501813e-02	 1.7812524132502665e-02
-2.3930100291016002e-01	-7.7456385306421099e-02	 1.8706797691388135e-02
-2.3316507975861744e-01	-7.6911127314402819e-02	 1.9631908541425287e-02
-2.2702915660707490e-01	-7.6334013406494941e-02	 2.0588764380917307e-02
-2.2089323345553236e-01	-7.5723423417598884e-02	 2.1578280339263095e-02
-2.1475731030398976e-01	-7.5077626102629677e-02	 2.2601375715189460e-02
-2.0862138715244721e-01	-7.4394768758965571e-02	 2.3658969995362916e-02
-2.0248546400090464e-01	-7.3672865664354062e-02	 2.4751978004620988e-02
-1.9634954084936207e-01	-7.2909785183741388e-02	 2.5881304005326386e-02
-1.9021361769781950e-01	-7.2103235381669309e-02	 2.7047834521266086e-02
-1.8407769454627693e-01	-7.1250747959329938e-02	 2.8252429608885521e-02
-1.7794177139473438e-01	-7.0349660317780671e-02	 2.9495912232674362e-02
-1.7180584824319181e-01	-6.9397095532380867e-02	 3.0779055318618943e-02
-1.6566992509164927e-01	-6.8389940010166891e-02	 3.2102565955292657e-02
-1.5953400194010672e-01	-6.7324818594644106e-02	 3.3467066080606213e-02
-1.5339807878856412e-01	-6.6198066886128060e-02	 3.4873068826239174e-02
-1.4726215563702158e-01	-6.5005700567524846e-02	 3.6320949482292503e-02
-1.4112623248547898e-01	-6.3743381576355493e-02	 3.7810909780555228e-02
-1.3499030933393641e-01	-6.2406381060483490e-02	 3.9342933862531529e-02
-1.2885438618239387e-01	-6.0989539222293859e-02	 4.0916733882293332e-02
-1.2271846303085131e-01	-5.9487222431009026e-02	 4.2531682677060784e-02
-1.1658253987930872e-01	-5.7893278420160212e-02	 4.4186730303151719e-02
-1.1044661672776616e-01	-5.6200991067269945e-02	 4.5880300469088323e-02
-1.0431069357622361e-01	-5.4403037291981649e-02	 4.7610162001572552e-02
-9.8174770424681035e-02	-5.2491450173412744e-02	 4.9373269482920215e-02
-9.2038847273138463e-02	-5.0457594709080671e-02	 5.1165566187259939e-02
-8.5902924121595906e-02	-4.8292166027374718e-02	 5.2981741612299682e-02
-7.9767000970053348e-02	-4.5985224715528503e-02	 5.4814935641029100e-02
-7.3631077818510776e-02	-4.3526290675068767e-02	 5.6656382386782694e-02
-6.7495154666968205e-02	-4.0904525935476693e-02	 5.8494990311242785e-02
-6.1359231515425654e-02	-3.8109048147909816e-02	 6.0316863265614543e-02
-5.5223308363883082e-02	-3.5129429064026642e-02	 6.2104782693748188e-02
-4.9087385212340517e-02	-3.1956443080482733e-02	 6.3837698301235507e-02
-4.2951462060797953e-02	-2.8583132916488157e-02	 6.5490317020022656e-02
-3.6815538909255388e-02	-2.5006239813811015e-02	 6.7032939256940649e-02
-3.0679615757712820e-02	-2.1227984993563376e-02	 6.8431759447233134e-02
-2.4543692606170259e-02	-1.7258066853551773e-02	 6.9649898628400000e-02
-1.8407769454627694e-02	-1.3115549720038505e-02	 7.0649417488101926e-02
-1.2271846303085129e-02	-8.8301070195168710e-03	 7.1394398660624483e-02
-6.1359231515425638e-03	-4.4419611424564992e-03	 7.1854845012941801e-02
 0.0000000000000000e+00	-3.7037588867218391e-15	 7.2010685747653805e-02
 6.1359231515425638e-03	 4.4419611424492645e-03	 7.1854845012942328e-02
 1.2271846303085129e-02	 8.8301070195096511e-03	 7.1394398660625427e-02
 1.8407769454627694e-02	 1.3115549720031563e-02	 7.0649417488103411e-02
 2.4543692606170259e-02	 1.7258066853545077e-02	 6.9649898628401777e-02
 3.0679615757712820e-02	 2.1227984993556933e-02	 6.8431759447235327e-02
 3.6815538909255388e-02	 2.5006239813804985e-02	 6.7032939256943078e-02
 4.2951462060797953e-02	 2.8583132916482370e-02	 6.5490317020025265e-02
 4.9087385212340517e-02	 3.1956443080477299e-02	 6.3837698301238338e-02
 5.5223308363883082e-02	 3.5129429064021570e-02	 6.2104782693751109e-02
 6.1359231515425654e-02	 3.8109048147905042e-02	 6.0316863265617505e-02
 6.7495154666968205e-02	 4.0904525935472176e-02	 5.8494990311245817e-02
 7.3631077818510776e-02	 4.3526290675064597e-02	 5.6656382386785789e-02
 7.9767000970053348e-02	 4.5985224715524589e-02	 5.4814935641032063e-02
 8.5902924121595906e-02	 4.8292166027370922e-02	 5.2981741612302728e-02
 9.2038847273138463e-02	 5.0457594709077271e-02	 5.1165566187262958e-02
 9.8174770424681035e-02	 5.2491450173409442e-02	 4.9373269482923116e-02
 1.0431069357622361e-01	 5.4403037291978568e-02	 4.7610162001575480e-02
 1.1044661672776616e-01	 5.6200991067267080e-02	 4.5880300469091140e-02
 1.1658253987930872e-01	 5.7893278420157429e-02	 4.4186730303154481e-02
 1.2271846303085131e-01	 5.9487222431006487e-02	 4.2531682677063587e-02
 1.2885438618239387e-01	 6.0989539222291542e-02	 4.0916733882295872e-02
 1.3499030933393641e-01	 6.2406381060481068e-02	 3.9342933862534089e-02
 1.4112623248547898e-01	 6.3743381576353453e-02	 3.7810909780557830e-02
 1.4726215563702158e-01	 6.5005700567522806e-02	 3.6320949482294862e-02
 1.5339807878856412e-01	 6.6198066886126145e-02	 3.4873068826241589e-02
 1.5953400194010672e-01	 6.7324818594642288e-02	 3.3467066080608454e-02
 1.6566992509164927e-01	 6.8389940010165171e-02	 3.2102565955294940e-02
 1.7180584824319181e-01	 6.9397095532379272e-02	 3.0779055318621028e-02
 1.7794177139473438e-01	 7.0349660317779061e-02	 2.9495912232676513e-02
 1.8407769454627693e-01	 7.1250747959328592e-02	 2.8252429608887571e-02
 1.9021361769781950e-01	 7.2103235381667907e-02	 2.7047834521267973e-02
 1.9634954084936207e-01	 7.2909785183740056e-02	 2.5881304005328322e-02
 2.0248546400090464e-01	 7.3672865664352868e-02	 2.4751978004622817e-02
 2.0862138715244721e-01	 7.4394768758964377e-02	 2.3658969995364699e-02
 2.1475731030398976e-01	 7.5077626102628608e-02	 2.2601375715191194e-02
 2.2089323345553236e-01	 7.5723423417597871e-02	 2.1578280339264764e-02
 2.2702915660707490e-01	 7.6334013406493997e-02	 2.0588764380918903e-02
 2.3316507975861744e-01	 7.6911127314401875e-02	 1.9631908541426799e-02
 2.3930100291016002e-01	 7.7456385306420183e-02	 1.8706797691389679e-02
 2.4543692606170259e-01	 7.7971305791501008e-02	 1.7812524132504150e-02
 2.5157284921324513e-01	 7.8457313809003962e-02	 1.6948190261347140e-02
 2.5770877236478773e-01	 7.8915748581333683e-02	 1.6112910734956548e-02
 2.6384469551633033e-01	 7.9347870324299463e-02	 1.5305814220311742e-02
 2.6998061866787282e-01	 7.9754866396357080e-02	 1.4526044795490993e-02
 2.7611654181941536e-01	 8.0137856858583628e-02	 1.3772763058632679e-02
 2.8225246497095796e-01	 8.0497899508978149e-02	 1.3045146991324141e-02
 2.8838838812250062e-01	 8.0835994447383652e-02	 1.2342392615271102e-02
 2.9452431127404310e-01	 8.1153088220879049e-02	 1.1663714474727596e-02
 3.0066023442558570e-01	 8.1450077593807596e-02	 1.1008345971913721e-02
 3.0679615757712825e-01	 8.1727812981586878e-02	 1.0375539578323030e-02
 3.1293208072867085e-01	 8.1987101583032670e-02	 9.7645669412355068e-03
 3.1906800388021334e-01	 8.2228710242027020e-02	 9.1747189017715378e-03
 3.2520392703175588e-01	 8.2453368065922739e-02	 8.6053054383454473e-03
 3.3133985018329848e-01	 8.2661768825045417e-02	 8.0556555473043408e-03
 3.3747577333484102e-01	 8.2854573154975492e-02	 7.5251170707989730e-03
 3.4361169648638362e-01	 8.3032410580924282e-02	 7.0130564804748467e-03
 3.4974761963792622e-01	 8.3195881381430942e-02	 6.5188586243408210e-03
 3.5588354278946877e-01	 8.3345558306753373e-02	 6.0419264431260762e-03
 3.6201946594101131e-01	 8.3481988165687110e-02	 5.5816806615576657e-03
 3.6815538909255391e-01	 8.3605693293098332e-02	 5.1375594592350960e-03
 3.7429131224409640e-01	 8.3717172909165027e-02	 4.7090181251342759e-03
 3.8042723539563900e-01	 8.3816904380179191e-02	 4.2955286992278187e-03
 3.8656315854718160e-01	 8.3905344389748865e-02	 3.8965796042298413e-03
 3.9269908169872408e-01	 8.3982930028331376e-02	 3.5116752700723192e-03
 3.9883500485026663e-01	 8.4050079808232675e-02	 3.1403357533653217e-03
 4.0497092800180928e-01	 8.4107194610484368e-02	 2.7820963537898116e-03
 4.1110685115335188e-01	 8.4154658569379717e-02	 2.4365072291088175e-03
 4.1724277430489443e-01	 8.4192839899873265e-02	 2.1031330102516026e-03
 4.2337869745643697e-01	 8.4222091672548668e-02	 1.7815524177280115e-03
 4.2951462060797951e-01	 8.4242752540398050e-02	 1.4713578804507628e-03
 4.3565054375952217e-01	 8.4255147421255797e-02	 1.1721551578963781e-03
 4.4178646691106466e-01	 8.4259588139362365e-02	 8.8356296639516111e-04
 4.4792239006260720e-01	 8.4256374029211031e-02	 6.0521261022919285e-04
 4.5405831321414980e-01	 8.4245792504537162e-02	 3.3674761810746526e-04
 4.6019423636569234e-01	 8.4228119595048057e-02	 7.7823385501939483e-05
 4.6633015951723489e-01	 8.4203620453256522e-02	-1.7189317675649681e-04
 4.7246608266877754e-01	 8.4172549833569754e-02	-4.1272398729003178e-04
 4.7860200582032003e-01	 8.4135152545595338e-02	-6.4498013212725420e-04
 4.8473792897186263e-01	 8.4091663883455361e-02	-8.6896219558330414e-04
 4.9087385212340517e-01	 8.4042310032743928e-02	-1.0849605839042056e-03
 4.9700977527494766e-01	 8.3987308456626775e-02	-1.2932558415502987e-03
 5.0314569842649037e-01	 8.3926868262454102e-02	-1.4941189600382746e-03
 5.0928162157803292e-01	 8.3861190550144946e-02	-1.6878116792861436e-03
 5.1541754472957546e-01	 8.3790468743500338e-02	-1.8745867814436545e-03
 5.2155346788111800e-01	 8.3714888905505533e-02	-2.0546883772066251e-03
 5.2768939103266055e-01	 8.3634630038605107e-02	-2.2283521846443630e-03
 5.3382531418420309e-01	 8.3549864370848270e-02	-2.3958058005840066e-03
 5.3996123733574575e-01	 8.3460757628743096e-02	-2.5572689646132566e-03
 5.4609716048728829e-01	 8.3367469297586233e-02	-2.7129538157797902e-03
 5.5223308363883084e-01	 8.3270152869984890e-02	-2.8630651420751938e-03
 5.5836900679037338e-01	 8.3168956083229759e-02	-3.0078006228055477e-03
 5.6450492994191592e-01	 8.3064021146135231e-02	-3.1473510639561317e-03
 5.7064085309345847e-01	 8.2955484955915995e-02	-3.2819006266711927e-03
 5.7677677624500112e-01	 8.2843479305630505e-02	-3.4116270489689938e-03
 5.8291269939654355e-01	 8.2728131082688269e-02	-3.5367018608249345e-03
 5.8904862254808610e-01	 8.2609562458879876e-02	-3.6572905927552061e-03
 5.9518454569962886e-01	 8.2487891072363151e-02	-3.7735529780386565e-03
 6.0132046885117130e-01	 8.2363230202006837e-02	-3.8856431487180108e-03
 6.0745639200271395e-01	 8.2235688934470516e-02	-3.9937098255207193e-03
 6.1359231515425650e-01	 8.2105372324374482e-02	-4.0978965018451784e-03
 6.1972823830579904e-01	 8.1972381547891965e-02	-4.1983416219545985e-03
 6.2586416145734158e-01	 8.1836814050075229e-02	-4.2951787535250715e-03
 6.3200008460888413e-01	 8.1698763686209347e-02	-4.3885367546895706e-03
 6.3813600776042678e-01	 8.1558320857471264e-02	-4.4785399357240253e-03
 6.4427193091196933e-01	 8.1415572641152997e-02	-4.5653082155165097e-03
 6.5040785406351198e-01	 8.1270602915696294e-02	-4.6489572729623641e-03
 6.5654377721505441e-01	 8.1123492480770082e-02	-4.7295986934234946e-03
 6.6267970036659696e-01	 8.0974319172611844e-02	-4.8073401103921809e-03
 6.6881562351813950e-01	 8.0823157974838244e-02	-4.8822853424947783e-03
 6.7495154666968216e-01	 8.0670081124923687e-02	-4.9545345259683357e-03
 6.8108746982122470e-01	 8.0515158216533572e-02	-5.0241842427439301e-03
 6.8722339297276724e-01	 8.0358456297887654e-02	-5.0913276442659935e-03
 6.9335931612430979e-01	 8.0200039966322481e-02	-5.1560545711731012e-03
 6.9949523927585233e-01	 8.0039971459213377e-02	-5.2184516689670985e-03
 7.0563116242739499e-01	 7.9878310741405320e-02	-5.2786024997911411e-03
 7.1176708557893753e-01	 7.9715115589299404e-02	-5.3365876504353569e-03
 7.1790300873048007e-01	 7.9550441671732447e-02	-5.3924848366881271e-03
 7.2403893188202262e-01	 7.9384342627778395e-02	-5.4463690041469670e-03
 7.3017485503356516e-01	 7.9216870141598283e-02	-5.4983124255974149e-03
 7.3631077818510771e-01	 7.9048074014458181e-02	-5.5483847950717194e-03
 7.4244670133665036e-01	 7.8878002234027189e-02	-5.5966533186902470e-03
 7.4858262448819290e-01	 7.8706701041065349e-02	-5.6431828023907208e-03
 7.5471854763973545e-01	 7.8534214993603801e-02	-5.6880357366426984e-03
 7.6085447079127788e-01	 7.8360587028718037e-02	-5.7312723782473951e-03
 7.6699039394282054e-01	 7.8185858521987339e-02	-5.7729508293157704e-03
 7.7312631709436319e-01	 7.8010069344731814e-02	-5.8131271135181640e-03
 7.7926224024590574e-01	 7.7833257919113247e-02	-5.8518552496936585e-03
 7.8539816339744839e-01	 7.7655461271183807e-02	-5.8891873229080013e-03
 7.9153408654899082e-01	 7.7476715081960176e-02	-5.9251735530422810e-03
 7.9767000970053337e-01	 7.7297053736601645e-02	-5.9598623609965545e-03
 8.0380593285207591e-01	 7.7116510371762800e-02	-5.9933004325859202e-03
 8.0994185600361845e-01	 7.6935116921192481e-02	-6.0255327802077553e-03
 8.1607777915516100e-01	 7.6752904159645141e-02	-6.0566028023540533e-03
 8.2221370230670354e-01	 7.6569901745169255e-02	-6.0865523410416371e-03
 8.2834962545824620e-01	 7.6386138259834160e-02	-6.1154217372303889e-03
 8.3448554860978885e-01	 7.6201641248955454e-02	-6.1432498842981876e-03
 8.4062147176133140e-01	 7.6016437258873734e-02	-6.1700742796378955e-03
 8.4675739491287394e-01	 7.5830551873344101e-02	-6.1959310744401919e-03
 8.5289331806441637e-01	 7.5644009748586122e-02	-6.2208551217251213e-03
 8.5902924121595903e-01	 7.5456834647046250e-02	-6.2448800226811907e-03
 8.6516516436750157e-01	 7.5269049469920371e-02	-6.2680381713703850e-03
 8.7130108751904423e-01	 7.5080676288483333e-02	-6.2903607978562421e-03
 8.7743701067058666e-01	 7.4891736374268519e-02	-6.3118780098071064e-03
 8.8357293382212931e-01	 7.4702250228143502e-02	-6.3326188326292606e-03
 8.8970885697367186e-01	 7.4512237608319154e-02	-6.3526112481799317e-03
 8.9584478012521440e-01	 7.4321717557334979e-02	-6.3718822321087278e-03
 9.0198070327675706e-01	 7.4130708428056552e-02	-6.3904577898761675e-03
 9.0811662642829971e-01	 7.3939227908723662e-02	-6.4083629914945062e-03
 9.1425254957984214e-01	 7.3747293047082385e-02	-6.4256220050357528e-03
 9.2038847273138458e-01	 7.3554920273636276e-02	-6.4422581289492352e-03
 9.2652439588292723e-01	 7.3362125424049199e-02	-6.4582938232308970e-03
 9.3266031903446978e-01	 7.3168923760730475e-02	-6.4737507394846718e-03
 9.3879624218601254e-01	 7.2975329993632404e-02	-6.4886497499129104e-03
 9.4493216533755497e-01	 7.2781358300291171e-02	-6.5030109752760154e-03
 9.5106808848909752e-01	 7.2587022345135754e-02	-6.5168538118554860e-03
 9.5720401164064017e-01	 7.2392335298094676e-02	-6.5301969574558466e-03
 9.6333993479218272e-01	 7.2197309852524733e-02	-6.5430584364798055e-03
 9.6947585794372526e-01	 7.2001958242487146e-02	-6.5554556241085781e-03
 9.7561178109526792e-01	 7.1806292259395152e-02	-6.5674052696186574e-03
 9.8174770424681035e-01	 7.1610323268056650e-02	-6.5789235188670071e-03
 9.8788362739835278e-01	 7.1414062222131952e-02	-6.5900259359723467e-03
 9.9401955054989533e-01	 7.1217519679030977e-02	-6.6007275242215089e-03
 1.0001554737014380e+00	 7.1020705814267990e-02	-6.6110427462281931e-03
 1.0062913968529805e+00	 7.0823630435295923e-02	-6.6209855433713083e-03
 1.0124273200045231e+00	 7.0626302994836382e-02	-6.6305693545374092e-03
 1.0185632431560658e+00	 7.0428732603727423e-02	-6.6398071341918124e-03
 1.0246991663076084e+00	 7.0230928043303192e-02	-6.6487113698038489e-03
 1.0308350894591509e+00	 7.0032897777325062e-02	-6.6572940986466076e-03
 1.0369710126106935e+00	 6.9834649963479489e-02	-6.6655669239955315e-03
 1.0431069357622360e+00	 6.9636192464458763e-02	-6.6735410307466646e-03
 1.0492428589137786e+00	 6.9437532858638989e-02	-6.6812272004743252e-03
 1.0553787820653213e+00	 6.9238678450371960e-02	-6.6886358259491243e-03
 1.0615147052168636e+00	 6.9039636279902616e-02	-6.6957769251355815e-03
 1.0676506283684062e+00	 6.8840413132927145e-02	-6.7026601546868771e-03
 1.0737865515199487e+00	 6.8641015549804785e-02	-6.7092948229552501e-03
 1.0799224746714913e+00	 6.8441449834435841e-02	-6.7156899025362657e-03
 1.0860583978230340e+00	 6.8241722062817006e-02	-6.7218540423616560e-03
 1.0921943209745768e+00	 6.8041838091287749e-02	-6.7277955793586530e-03
 1.0983302441261191e+00	 6.7841803564476416e-02	-6.7335225496897196e-03
 1.1044661672776617e+00	 6.7641623922960414e-02	-6.7390426995890410e-03
 1.1106020904292042e+00	 6.7441304410646552e-02	-6.7443634958096665e-03
 1.1167380135807468e+00	 6.7240850081886100e-02	-6.7494921356942563e-03
 1.1228739367322893e+00	 6.7040265808330807e-02	-6.7544355568850802e-03
 1.1290098598838318e+00	 6.6839556285541044e-02	-6.7592004466841011e-03
 1.1351457830353744e+00	 6.6638726039354432e-02	-6.7637932510761552e-03
 1.1412817061869169e+00	 6.6437779432024585e-02	-6.7682201834285121e-03
 1.1474176293384595e+00	 6.6236720668136323e-02	-6.7724872328767073e-03
 1.1535535524900022e+00	 6.6035553800308011e-02	-6.7766001724090903e-03
 1.1596894756415448e+00	 6.5834282734686236e-02	-6.7805645666598755e-03
 1.1658253987930873e+00	 6.5632911236243457e-02	-6.7843857794226978e-03
 1.1719613219446299e+00	 6.5431442933880882e-02	-6.7880689808930330e-03
 1.1780972450961724e+00	 6.5229881325350153e-02	-6.7916191546493424e-03
 1.1842331682477150e+00	 6.5028229781994198e-02	-6.7950411043846146e-03
 1.1903690913992575e+00	 6.4826491553318086e-02	-6.7983394603936187e-03
 1.1965050145507998e+00	 6.4624669771393389e-02	-6.8015186858279434e-03
 1.2026409377023426e+00	 6.4422767455104057e-02	-6.8045830827244691e-03
 1.2087768608538849e+00	 6.4220787514238500e-02	-6.8075367978178529e-03
 1.2149127840054279e+00	 6.4018732753433505e-02	-6.8103838281433609e-03
 1.2210487071569704e+00	 6.3816605875974514e-02	-6.8131280264371267e-03
 1.2271846303085130e+00	 6.3614409487460902e-02	-6.8157731063424633e-03
 1.2333205534600555e+00	 6.3412146099335695e-02	-6.8183226474288127e-03
 1.2394564766115981e+00	 6.3209818132290180e-02	-6.8207801000289246e-03
 1.2455923997631406e+00	 6.3007427919543071e-02	-6.8231487899028456e-03
 1.2517283229146834e+00	 6.2804977710003290e-02	-6.8254319227322958e-03
 1.2578642460662257e+00	 6.2602469671316635e-02	-6.8276325884546896e-03
 1.2640001692177683e+00	 6.2399905892803677e-02	-6.8297537654396353e-03
 1.2701360923693108e+00	 6.2197288388289564e-02	-6.8317983245160842e-03
 1.2762720155208533e+00	 6.1994619098833796e-02	-6.8337690328522365e-03
 1.2824079386723961e+00	 6.1791899895359347e-02	-6.8356685576985805e-03
 1.2885438618239387e+00	 6.1589132581187665e-02	-6.8374994699925877e-03
 1.2946797849754810e+00	 6.1386318894481907e-02	-6.8392642478363299e-03
 1.3008157081270237e+00	 6.1183460510601750e-02	-6.8409652798464490e-03
 1.3069516312785661e+00	 6.0980559044373099e-02	-6.8426048683851107e-03
 1.3130875544301088e+00	 6.0777616052275586e-02	-6.8441852326728411e-03
 1.3192234775816516e+00	 6.0574633034551073e-02	-6.8457085117903868e-03
 1.3253594007331939e+00	 6.0371611437236392e-02	-6.8471767675711082e-03
 1.3314953238847365e+00	 6.0168552654121646e-02	-6.8485919873905185e-03
 1.3376312470362790e+00	 5.9965458028638459e-02	-6.8499560868532650e-03
 1.3437671701878215e+00	 5.9762328855679732e-02	-6.8512709123852303e-03
 1.3499030933393643e+00	 5.9559166383353616e-02	-6.8525382437299460e-03
 1.3560390164909069e+00	 5.9355971814674342e-02	-6.8537597963573178e-03
 1.3621749396424494e+00	 5.9152746309191234e-02	-6.8549372237829212e-03
 1.3683108627939919e+00	 5.8949490984559927e-02	-6.8560721198061992e-03
 1.3744467859455345e+00	 5.8746206918055356e-02	-6.8571660206652998e-03
 1.3805827090970770e+00	 5.8542895148031765e-02	-6.8582204071163666e-03
 1.3867186322486196e+00	 5.8339556675328301e-02	-6.8592367064362336e-03
 1.3928545554001621e+00	 5.8136192464625092e-02	-6.8602162943538578e-03
 1.3989904785517047e+00	 5.7932803445749352e-02	-6.8611604969111319e-03
 1.4051264017032472e+00	 5.7729390514935426e-02	-6.8620705922576401e-03
 1.4112623248547900e+00	 5.7525954536037663e-02	-6.8629478123797489e-03
 1.4173982480063327e+00	 5.7322496341700863e-02	-6.8637933447675955e-03
 1.4235341711578751e+00	 5.7119016734487750e-02	-6.8646083340215226e-03
 1.4296700943094176e+00	 5.6915516487966500e-02	-6.8653938834013330e-03
 1.4358060174609601e+00	 5.6711996347757476e-02	-6.8661510563191195e-03
 1.4419419406125029e+00	 5.6508457032543619e-02	-6.8668808777781060e-03
 1.4480778637640452e+00	 5.6304899235043351e-02	-6.8675843357597346e-03
 1.4542137869155878e+00	 5.6101323622949083e-02	-6.8682623825606992e-03
 1.4603497100671303e+00	 5.5897730839830816e-02	-6.8689159360815133e-03
 1.4664856332186729e+00	 5.5694121506008366e-02	-6.8695458810686455e-03
 1.4726215563702154e+00	 5.5490496219391020e-02	-6.8701530703120690e-03
 1.4787574795217582e+00	 5.5286855556287359e-02	-6.8707383257992751e-03
 1.4848934026733007e+00	 5.5083200072185465e-02	-6.8713024398276033e-03
 1.4910293258248433e+00	 5.4879530302505537e-02	-6.8718461760766490e-03
 1.4971652489763858e+00	 5.4675846763324432e-02	-6.8723702706417972e-03
 1.5033011721279284e+00	 5.4472149952074882e-02	-6.8728754330302615e-03
 1.5094370952794709e+00	 5.4268440348219066e-02	-6.8733623471214271e-03
 1.5155730184310134e+00	 5.4064718413897844e-02	-6.8738316720926718e-03
 1.5217089415825558e+00	 5.3860984594556377e-02	-6.8742840433113029e-03
 1.5278448647340985e+00	 5.3657239319547523e-02	-6.8747200731945814e-03
 1.5339807878856411e+00	 5.3453483002713117e-02	-6.8751403520385321e-03
 1.5401167110371838e+00	 5.3249716042944373e-02	-6.8755454488170506e-03
 1.5462526341887264e+00	 5.3045938824721993e-02	-6.8759359119518583e-03
 1.5523885573402689e+00	 5.2842151718636987e-02	-6.8763122700549592e-03
 1.5585244804918115e+00	 5.2638355081892095e-02	-6.8766750326439158e-03
 1.5646604036433540e+00	 5.2434549258786059e-02	-6.8770246908318377e-03
 1.5707963267948966e+00	 5.2230734581179043e-02	-6.8773617179920549e-03
 1.5769322499464391e+00	 5.2026911368942656e-02	-6.8776865703983822e-03
 1.5830681730979816e+00	 5.1823079930392792e-02	-6.8779996878435201e-03
 1.5892040962495240e+00	 5.1619240562707149e-02	-6.8783014942336148e-03
 1.5953400194010667e+00	 5.1415393552327673e-02	-6.8785923981626680e-03
 1.6014759425526093e+00	 5.1211539175348132e-02	-6.8788727934652339e-03
 1.6076118657041520e+00	 5.1007677697888526e-02	-6.8791430597495212e-03
 1.6137477888556946e+00	 5.0803809376454852e-02	-6.8794035629116445e-03
 1.6198837120072371e+00	 5.0599934458286609e-02	-6.8796546556304412e-03
 1.6260196351587797e+00	 5.0396053181691734e-02	-6.8798966778450378e-03
 1.6321555583103224e+00	 5.0192165776369146e-02	-6.8801299572151782e-03
 1.6382914814618650e+00	 4.9988272463719688e-02	-6.8803548095645985e-03
 1.6444274046134073e+00	 4.9784373457146022e-02	-6.8805715393086934e-03
 1.6505633277649499e+00	 4.9580468962341362e-02	-6.8807804398664059e-03
 1.6566992509164924e+00	 4.9376559177568391e-02	-6.8809817940573706e-03
 1.6628351740680349e+00	 4.9172644293927391e-02	-6.8811758744853017e-03
 1.6689710972195775e+00	 4.8968724495614888e-02	-6.8813629439063327e-03
 1.6751070203711202e+00	 4.8764799960173605e-02	-6.8815432555851480e-03
 1.6812429435226628e+00	 4.8560870858732098e-02	-6.8817170536378293e-03
 1.6873788666742053e+00	 4.8356937356236945e-02	-6.8818845733619148e-03
 1.6935147898257479e+00	 4.8152999611676156e-02	-6.8820460415554658e-03
 1.6996507129772904e+00	 4.7949057778293981e-02	-6.8822016768237942e-03
 1.7057866361288330e+00	 4.7745112003799058e-02	-6.8823516898752725e-03
 1.7119225592803755e+00	 4.7541162430563617e-02	-6.8824962838072521e-03
 1.7180584824319181e+00	 4.7337209195816791e-02	-6.8826356543799745e-03
 1.7241944055834606e+00	 4.7133252431830419e-02	-6.8827699902824883e-03
 1.7303303287350031e+00	 4.6929292266097662e-02	-6.8828994733874261e-03
 1.7364662518865459e+00	 4.6725328821506498e-02	-6.8830242789976693e-03
 1.7426021750380882e+00	 4.6521362216505255e-02	-6.8831445760837405e-03
 1.7487380981896310e+00	 4.6317392565263155e-02	-6.8832605275122079e-03
 1.7548740213411735e+00	 4.6113419977825212e-02	-6.8833722902660200e-03
 1.7610099444927161e+00	 4.5909444560261151e-02	-6.8834800156576982e-03
 1.7671458676442586e+00	 4.5705466414808715e-02	-6.8835838495335359e-03
 1.7732817907958012e+00	 4.5501485640012565e-02	-6.8836839324715035e-03
 1.7794177139473437e+00	 4.5297502330857074e-02	-6.8837803999712774e-03
 1.7855536370988863e+00	 4.5093516578895612e-02	-6.8838733826376113e-03
 1.7916895602504286e+00	 4.4889528472374041e-02	-6.8839630063575394e-03
 1.7978254834019713e+00	 4.4685538096350508e-02	-6.8840493924704343e-03
 1.8039614065535141e+00	 4.4481545532810168e-02	-6.8841326579325863e-03
 1.8100973297050564e+00	 4.4277550860776643e-02	-6.8842129154750775e-03
 1.8162332528565992e+00	 4.4073554156418795e-02	-6.8842902737569637e-03
 1.8223691760081417e+00	 4.3869555493153918e-02	-6.8843648375119431e-03
 1.8285050991596843e+00	 4.3665554941747065e-02	-6.8844367076903714e-03
 1.8346410223112268e+00	 4.3461552570406972e-02	-6.8845059815958610e-03
 1.8407769454627694e+00	 4.3257548444878120e-02	-6.8845727530171194e-03
 1.8469128686143119e+00	 4.3053542628530318e-02	-6.8846371123544164e-03
 1.8530487917658545e+00	 4.2849535182444103e-02	-6.8846991467429930e-03
 1.8591847149173970e+00	 4.2645526165493136e-02	-6.8847589401700238e-03
 1.8653206380689393e+00	 4.2441515634424685e-02	-6.8848165735888363e-03
 1.8714565612204823e+00	 4.2237503643935734e-02	-6.8848721250283490e-03
 1.8775924843720246e+00	 4.2033490246747608e-02	-6.8849256696987748e-03
 1.8837284075235674e+00	 4.1829475493676715e-02	-6.8849772800934463e-03
 1.8898643306751099e+00	 4.1625459433704125e-02	-6.8850270260866825e-03
 1.8960002538266525e+00	 4.1421442114041328e-02	-6.8850749750290693e-03
 1.9021361769781950e+00	 4.1217423580194285e-02	-6.8851211918378036e-03
 1.9082721001297376e+00	 4.1013403876025138e-02	-6.8851657390853792e-03
 1.9144080232812801e+00	 4.0809383043811341e-02	-6.8852086770836594e-03
 1.9205439464328224e+00	 4.0605361124303165e-02	-6.8852500639658334e-03
 1.9266798695843652e+00	 4.0401338156778925e-02	-6.8852899557648858e-03
 1.9328157927359080e+00	 4.0197314179097943e-02	-6.8853284064901267e-03
 1.9389517158874505e+00	 3.9993289227751611e-02	-6.8853654681993066e-03
 1.9450876390389933e+00	 3.9789263337913605e-02	-6.8854011910697913e-03
 1.9512235621905356e+00	 3.9585236543486620e-02	-6.8854356234664413e-03
 1.9573594853420782e+00	 3.9381208877148736e-02	-6.8854688120070081e-03
 1.9634954084936207e+00	 3.9177180370397212e-02	-6.8855008016250798e-03
 1.9696313316451632e+00	 3.8973151053592017e-02	-6.8855316356307992e-03
 1.9757672547967058e+00	 3.8769120955996050e-02	-6.8855613557703274e-03
 1.9819031779482483e+00	 3.8565090105815096e-02	-6.8855900022811445e-03
 1.9880391010997909e+00	 3.8361058530236324e-02	-6.8856176139476585e-03
 1.9941750242513334e+00	 3.8157026255464258e-02	-6.8856442281531377e-03
 2.0003109474028760e+00	 3.7952993306757180e-02	-6.8856698809300334e-03
 2.0064468705544187e+00	 3.7748959708460948e-02	-6.8856946070095975e-03
 2.0125827937059610e+00	 3.7544925484041543e-02	-6.8857184398682693e-03
 2.0187187168575038e+00	 3.7340890656117669e-02	-6.8857414117729785e-03
 2.0248546400090461e+00	 3.7136855246490769e-02	-6.8857635538252821e-03
 2.0309905631605889e+00	 3.6932819276174735e-02	-6.8857848960030121e-03
 2.0371264863121317e+00	 3.6728782765424427e-02	-6.8858054672013627e-03
 2.0432624094636740e+00	 3.6524745733762735e-02	-6.8858252952715224e-03
 2.0493983326152168e+00	 3.6320708200007372e-02	-6.8858444070583683e-03
 2.0555342557667591e+00	 3.6116670182296612e-02	-6.8858628284371812e-03
 2.0616701789183018e+00	 3.5912631698113193e-02	-6.8858805843487157e-03
 2.0678061020698442e+00	 3.5708592764308260e-02	-6.8858976988324088e-03
 2.0739420252213869e+00	 3.5504553397124453e-02	-6.8859141950594911e-03
 2.0800779483729293e+00	 3.5300513612217435e-02	-6.8859300953641334e-03
 2.0862138715244720e+00	 3.5096473424677317e-02	-6.8859454212736480e-03
 2.0923497946760143e+00	 3.4892432849049242e-02	-6.8859601935375827e-03
 2.0984857178275571e+00	 3.4688391899352841e-02	-6.8859744321560449e-03
 2.1046216409790999e+00	 3.4484350589101286e-02	-6.8859881564066151e-03
 2.1107575641306422e+00	 3.4280308931319614e-02	-6.8860013848705539e-03
 2.1168934872821850e+00	 3.4076266938562152e-02	-6.8860141354576670e-03
 2.1230294104337273e+00	 3.3872224622930165e-02	-6.8860264254307696e-03
 2.1291653335852700e+00	 3.3668181996087378e-02	-6.8860382714295053e-03
 2.1353012567368124e+00	 3.3464139069276234e-02	-6.8860496894918048e-03
 2.1414371798883551e+00	 3.3260095853333269e-02	-6.8860606950768071e-03
 2.1475731030398975e+00	 3.3056052358703028e-02	-6.8860713030847428e-03
 2.1537090261914402e+00	 3.2852008595453390e-02	-6.8860815278776249e-03
 2.1598449493429825e+00	 3.2647964573288217e-02	-6.8860913832989052e-03
 2.1659808724945253e+00	 3.2443920301560833e-02	-6.8861008826916646e-03
 2.1721167956460681e+00	 3.2239875789286825e-02	-6.8861100389171585e-03
 2.1782527187976104e+00	 3.2035831045155901e-02	-6.8861188643719760e-03
 2.1843886419491532e+00	 3.1831786077543917e-02	-6.8861273710047874e-03
 2.1905245651006955e+00	 3.1627740894524331e-02	-6.8861355703326403e-03
 2.1966604882522383e+00	 3.1423695503878760e-02	-6.8861434734566913e-03
 2.2027964114037806e+00	 3.1219649913107772e-02	-6.8861510910768337e-03
 2.2089323345553233e+00	 3.1015604129440981e-02	-6.8861584335066003e-03
 2.2150682577068657e+00	 3.0811558159846871e-02	-6.8861655106867746e-03
 2.2212041808584084e+00	 3.0607512011042275e-02	-6.8861723321991400e-03
 2.2273401040099512e+00	 3.0403465689501214e-02	-6.8861789072793729e-03
 2.2334760271614935e+00	 3.0199419201463913e-02	-6.8861852448293716e-03
 2.2396119503130363e+00	 2.9995372552945269e-02	-6.8861913534295355e-03
 2.2457478734645786e+00	 2.9791325749742824e-02	-6.8861972413502429e-03
 2.2518837966161214e+00	 2.9587278797444716e-02	-6.8862029165632551e-03
 2.2580197197676637e+00	 2.9383231701437060e-02	-6.8862083867521334e-03
 2.2641556429192065e+00	 2.9179184466911607e-02	-6.8862136593228667e-03
 2.2702915660707488e+00	 2.8975137098872592e-02	-6.8862187414138847e-03
 2.2764274892222915e+00	 2.8771089602143592e-02	-6.8862236399060356e-03
 2.2825634123738339e+00	 2.8567041981373394e-02	-6.8862283614313817e-03
 2.2886993355253766e+00	 2.8362994241043361e-02	-6.8862329123821802e-03
 2.2948352586769194e+00	 2.8158946385472818e-02	-6.8862372989199963e-03
 2.3009711818284617e+00	 2.7954898418825265e-02	-6.8862415269837739e-03
 2.3071071049800045e+00	 2.7750850345113407e-02	-6.8862456022979312e-03
 2.3132430281315468e+00	 2.7546802168205362e-02	-6.8862495303799003e-03
 2.3193789512830896e+00	 2.7342753891829330e-02	-6.8862533165480154e-03
 2.3255148744346319e+00	 2.7138705519578948e-02	-6.8862569659281980e-03
 2.3316507975861747e+00	 2.6934657054918015e-02	-6.8862604834614635e-03
 2.3377867207377170e+00	 2.6730608501185256e-02	-6.8862638739101657e-03
 2.3439226438892597e+00	 2.6526559861598544e-02	-6.8862671418646057e-03
 2.3500585670408021e+00	 2.6322511139260006e-02	-6.8862702917491005e-03
 2.3561944901923448e+00	 2.6118462337159282e-02	-6.8862733278286375e-03
 2.3623304133438876e+00	 2.5914413458178159e-02	-6.8862762542133112e-03
 2.3684663364954299e+00	 2.5710364505094525e-02	-6.8862790748654840e-03
 2.3746022596469727e+00	 2.5506315480585639e-02	-6.8862817936037879e-03
 2.3807381827985150e+00	 2.5302266387232365e-02	-6.8862844141092706e-03
 2.3868741059500578e+00	 2.5098217227522045e-02	-6.8862869399297661e-03
 2.3930100291016001e+00	 2.4894168003852402e-02	-6.8862893744850761e-03
 2.3991459522531429e+00	 2.4690118718534319e-02	-6.8862917210711656e-03
 2.4052818754046852e+00	 2.4486069373795653e-02	-6.8862939828650549e-03
 2.4114177985562280e+00	 2.4282019971783423e-02	-6.8862961629290679e-03
 2.4175537217077703e+00	 2.4077970514567358e-02	-6.8862982642147784e-03
 2.4236896448593130e+00	 2.3873921004142182e-02	-6.8863002895671720e-03
 2.4298255680108558e+00	 2.3669871442430736e-02	-6.8863022417283790e-03
 2.4359614911623981e+00	 2.3465821831286274e-02	-6.8863041233412853e-03
 2.4420974143139409e+00	 2.3261772172495469e-02	-6.8863059369533661e-03
 2.4482333374654832e+00	 2.3057722467780237e-02	-6.8863076850201868e-03
 2.4543692606170260e+00	 2.2853672718800282e-02	-6.8863093699084981e-03
 2.4605051837685683e+00	 2.2649622927155378e-02	-6.8863109938993132e-03
 2.4666411069201111e+00	 2.2445573094387879e-02	-6.8863125591913819e-03
 2.4727770300716534e+00	 2.2241523221983903e-02	-6.8863140679040645e-03
 2.4789129532231962e+00	 2.2037473311376343e-02	-6.8863155220798685e-03
 2.4850488763747385e+00	 2.1833423363946138e-02	-6.8863169236877200e-03
 2.4911847995262812e+00	 2.1629373381024469e-02	-6.8863182746251635e-03
 2.4973207226778240e+00	 2.1425323363894355e-02	-6.8863195767212082e-03
 2.5034566458293663e+00	 2.1221273313792813e-02	-6.8863208317387200e-03
 2.5095925689809091e+00	 2.1017223231911866e-02	-6.8863220413770479e-03
 2.5157284921324514e+00	 2.0813173119400633e-02	-6.8863232072737517e-03
 2.5218644152839942e+00	 2.0609122977366775e-02	-6.8863243310073839e-03
 2.5280003384355365e+00	 2.0405072806878054e-02	-6.8863254140993438e-03
 2.5341362615870793e+00	 2.0201022608963566e-02	-6.8863264580161622e-03
 2.5402721847386216e+00	 1.9996972384615275e-02	-6.8863274641710161e-03
 2.5464081078901644e+00	 1.9792922134789510e-02	-6.8863284339261551e-03
 2.5525440310417071e+00	 1.9588871860408096e-02	-6.8863293685946037e-03
 2.5586799541932495e+00	 1.9384821562359319e-02	-6.8863302694417835e-03
 2.5648158773447922e+00	 1.9180771241499913e-02	-6.8863311376872157e-03
 2.5709518004963345e+00	 1.8976720898655288e-02	-6.8863319745067096e-03
 2.5770877236478773e+00	 1.8772670534621252e-02	-6.8863327810329304e-03
 2.5832236467994196e+00	 1.8568620150165045e-02	-6.8863335583581381e-03
 2.5893595699509624e+00	 1.8364569746025860e-02	-6.8863343075344433e-03
 2.5954954931025047e+00	 1.8160519322916853e-02	-6.8863350295762836e-03
 2.6016314162540475e+00	 1.7956468881524901e-02	-6.8863357254611846e-03
 2.6077673394055898e+00	 1.7752418422512725e-02	-6.8863363961313246e-03
 2.6139032625571326e+00	 1.7548367946518564e-02	-6.8863370424948741e-03
 2.6200391857086753e+00	 1.7344317454158070e-02	-6.8863376654267382e-03
 2.6261751088602177e+00	 1.7140266946024503e-02	-6.8863382657704687e-03
 2.6323110320117604e+00	 1.6936216422690026e-02	-6.8863388443385909e-03
 2.6384469551633027e+00	 1.6732165884706128e-02	-6.8863394019147671e-03
 2.6445828783148455e+00	 1.6528115332604166e-02	-6.8863399392536696e-03
 2.6507188014663878e+00	 1.6324064766896983e-02	-6.8863404570827904e-03
 2.6568547246179306e+00	 1.6120014188078482e-02	-6.8863409561034181e-03
 2.6629906477694729e+00	 1.5915963596624911e-02	-6.8863414369910447e-03
 2.6691265709210157e+00	 1.5711912992995621e-02	-6.8863419003966598e-03
 2.6752624940725580e+00	 1.5507862377633389e-02	-6.8863423469478569e-03
 2.6813984172241008e+00	 1.5303811750964787e-02	-6.8863427772491680e-03
 2.6875343403756435e+00	 1.5099761113401625e-02	-6.8863431918829484e-03
 2.6936702635271859e+00	 1.4895710465340670e-02	-6.8863435914108592e-03
 2.6998061866787286e+00	 1.4691659807164435e-02	-6.8863439763736066e-03
 2.7059421098302709e+00	 1.4487609139241908e-02	-6.8863443472926434e-03
 2.7120780329818137e+00	 1.4283558461928518e-02	-6.8863447046699951e-03
 2.7182139561333560e+00	 1.4079507775567461e-02	-6.8863450489893988e-03
 2.7243498792848988e+00	 1.3875457080489548e-02	-6.8863453807171682e-03
 2.7304858024364411e+00	 1.3671406377013534e-02	-6.8863457003025914e-03
 2.7366217255879839e+00	 1.3467355665446861e-02	-6.8863460081780414e-03
 2.7427576487395262e+00	 1.3263304946086399e-02	-6.8863463047604745e-03
 2.7488935718910690e+00	 1.3059254219218018e-02	-6.8863465904514479e-03
 2.7550294950426117e+00	 1.2855203485117702e-02	-6.8863468656377618e-03
 2.7611654181941541e+00	 1.2651152744051460e-02	-6.8863471306919348e-03
 2.7673013413456968e+00	 1.2447101996276131e-02	-6.8863473859729152e-03
 2.7734372644972392e+00	 1.2243051242039013e-02	-6.8863476318263605e-03
 2.7795731876487819e+00	 1.2039000481579080e-02	-6.8863478685849550e-03
 2.7857091108003242e+00	 1.1834949715126733e-02	-6.8863480965693667e-03
 2.7918450339518670e+00	 1.1630898942904267e-02	-6.8863483160882385e-03
 2.7979809571034093e+00	 1.1426848165126083e-02	-6.8863485274387329e-03
 2.8041168802549521e+00	 1.1222797381999322e-02	-6.8863487309070133e-03
 2.8102528034064944e+00	 1.1018746593723537e-02	-6.8863489267686276e-03
 2.8163887265580372e+00	 1.0814695800491592e-02	-6.8863491152887143e-03
 2.8225246497095799e+00	 1.0610645002489323e-02	-6.8863492967225657e-03
 2.8286605728611223e+00	 1.0406594199896495e-02	-6.8863494713156609e-03
 2.8347964960126650e+00	 1.0202543392886315e-02	-6.8863496393045624e-03
 2.8409324191642074e+00	 9.9984925816262744e-03	-6.8863498009164754e-03
 2.8470683423157501e+00	 9.7944417662780437e-03	-6.8863499563704706e-03
 2.8532042654672924e+00	 9.5903909469975610e-03	-6.8863501058768622e-03
 2.8593401886188352e+00	 9.3863401239357332e-03	-6.8863502496381047e-03
 2.8654761117703775e+00	 9.1822892972381470e-03	-6.8863503878488774e-03
 2.8716120349219203e+00	 8.9782384670454608e-03	-6.8863505206962442e-03
 2.8777479580734626e+00	 8.7741876334938278e-03	-6.8863506483600881e-03
 2.8838838812250054e+00	 8.5701367967144573e-03	-6.8863507710133177e-03
 2.8900198043765482e+00	 8.3660859568345826e-03	-6.8863508888217769e-03
 2.8961557275280905e+00	 8.1620351139771487e-03	-6.8863510019451938e-03
 2.9022916506796332e+00	 7.9579842682608749e-03	-6.8863511105366065e-03
 2.9084275738311756e+00	 7.7539334198008271e-03	-6.8863512147431440e-03
 2.9145634969827183e+00	 7.5498825687080988e-03	-6.8863513147058341e-03
 2.9206994201342606e+00	 7.3458317150905577e-03	-6.8863514105599027e-03
 2.9268353432858034e+00	 7.1417808590524840e-03	-6.8863515024353101e-03
 2.9329712664373457e+00	 6.9377300006947381e-03	-6.8863515904563667e-03
 2.9391071895888885e+00	 6.7336791401153145e-03	-6.8863516747422601e-03
 2.9452431127404308e+00	 6.5296282774088762e-03	-6.8863517554070709e-03
 2.9513790358919736e+00	 6.3255774126676776e-03	-6.8863518325599270e-03
 2.9575149590435164e+00	 6.1215265459806847e-03	-6.8863519063055659e-03
 2.9636508821950587e+00	 5.9174756774345964e-03	-6.8863519767434012e-03
 2.9697868053466014e+00	 5.7134248071136406e-03	-6.8863520439692060e-03
 2.9759227284981438e+00	 5.5093739350992000e-03	-6.8863521080739154e-03
 2.9820586516496865e+00	 5.3053230614706608e-03	-6.8863521691442369e-03
 2.9881945748012289e+00	 5.1012721863052859e-03	-6.8863522272627469e-03
 2.9943304979527716e+00	 4.8972213096781982e-03	-6.8863522825082868e-03
 3.0004664211043139e+00	 4.6931704316626015e-03	-6.8863523349555009e-03
 3.0066023442558567e+00	 4.4891195523297173e-03	-6.8863523846756872e-03
 3.0127382674073995e+00	 4.2850686717487820e-03	-6.8863524317359709e-03
 3.0188741905589418e+00	 4.0810177899877455e-03	-6.8863524761999728e-03
 3.0250101137104846e+00	 3.8769669071128925e-03	-6.8863525181280284e-03
 3.0311460368620269e+00	 3.6729160231886403e-03	-6.8863525575769647e-03
 3.0372819600135696e+00	 3.4688651382784215e-03	-6.8863525946000160e-03
 3.0434178831651120e+00	 3.2648142524439785e-03	-6.8863526292474745e-03
 3.0495538063166547e+00	 3.0607633657461341e-03	-6.8863526615660043e-03
 3.0556897294681971e+00	 2.8567124782443677e-03	-6.8863526915996735e-03
 3.0618256526197398e+00	 2.6526615899970111e-03	-6.8863527193889036e-03
 3.0679615757712821e+00	 2.4486107010614428e-03	-6.8863527449715594e-03
 3.0740974989228249e+00	 2.2445598114941272e-03	-6.8863527683819493e-03
 3.0802334220743677e+00	 2.0405089213507629e-03	-6.8863527896520817e-03
 3.0863693452259100e+00	 1.8364580306860553e-03	-6.8863528088105239e-03
 3.0925052683774528e+00	 1.6324071395542143e-03	-6.8863528258833896e-03
 3.0986411915289951e+00	 1.4283562480086644e-03	-6.8863528408935927e-03
 3.1047771146805379e+00	 1.2243053561024550e-03	-6.8863528538616924e-03
 3.1109130378320802e+00	 1.0202544638878465e-03	-6.8863528648050940e-03
 3.1170489609836229e+00	 8.1620357141702973e-04	-6.8863528737387507e-03
 3.1231848841351653e+00	 6.1215267874140111e-04	-6.8863528806745984e-03
 3.1293208072867080e+00	 4.0810178591260335e-04	-6.8863528856220220e-03
 3.1354567304382504e+00	 2.0405089298185242e-04	-6.8863528885876688e-03
