%# 1. u 2. x_tilde 3. y 
%# N = 1024	L =  0.0000000000000000e+00
%# H/L =  6.7316973894197894e-04	c =  1.7000000000000001e-01	h = 2.500000e-02	y0 = 0.000000e+00

-3.1415926535897931e+00	 1.5993913498560067e-16	-9.9151985332167732e-05
-3.1354567304382504e+00	-2.1934831546412494e-05	-9.9151985331856444e-05
-3.1293208072867080e+00	-4.3869663092473707e-05	-9.9151985332157229e-05
-3.1231848841351653e+00	-6.5804494639129605e-05	-9.9151985331875065e-05
-3.1170489609836229e+00	-8.7739326185112213e-05	-9.9151985332130951e-05
-3.1109130378320802e+00	-1.0967415773184249e-04	-9.9151985331910451e-05
-3.1047771146805379e+00	-1.3160898927775831e-04	-9.9151985332085306e-05
-3.0986411915289951e+00	-1.5354382082453846e-04	-9.9151985331967114e-05
-3.0925052683774528e+00	-1.7547865237043173e-04	-9.9151985332020660e-05
-3.0863693452259100e+00	-1.9741348391719583e-04	-9.9151985332032993e-05
-3.0802334220743677e+00	-2.1934831546315068e-04	-9.9151985331962642e-05
-3.0740974989228249e+00	-2.4128314700981243e-04	-9.9151985332072593e-05
-3.0679615757712821e+00	-2.6321797855589739e-04	-9.9151985331948628e-05
-3.0618256526197398e+00	-2.8515281010242123e-04	-9.9151985332057984e-05
-3.0556897294681971e+00	-3.0708764164862935e-04	-9.9151985331989313e-05
-3.0495538063166547e+00	-3.2902247319506472e-04	-9.9151985332000250e-05
-3.0434178831651120e+00	-3.5095730474130928e-04	-9.9151985332052021e-05
-3.0372819600135696e+00	-3.7289213628776286e-04	-9.9151985331945091e-05
-3.0311460368620269e+00	-3.9482696783394670e-04	-9.9151985332089981e-05
-3.0250101137104846e+00	-4.1676179938048962e-04	-9.9151985331929723e-05
-3.0188741905589418e+00	-4.3869663092657891e-04	-9.9151985332084005e-05
-3.0127382674073995e+00	-4.6063146247319730e-04	-9.9151985331950390e-05
-3.0066023442558567e+00	-4.8256629401923802e-04	-9.9151985332058268e-05
-3.0004664211043139e+00	-5.0450112556587809e-04	-9.9151985331971857e-05
-2.9943304979527716e+00	-5.2643595711191708e-04	-9.9151985332047874e-05
-2.9881945748012289e+00	-5.4837078865855194e-04	-9.9151985331969797e-05
-2.9820586516496865e+00	-5.7030562020458572e-04	-9.9151985332058268e-05
-2.9759227284981438e+00	-5.9224045175125355e-04	-9.9151985331959823e-05
-2.9697868053466014e+00	-6.1417528329722314e-04	-9.9151985332056127e-05
-2.9636508821950587e+00	-6.3611011484397857e-04	-9.9151985331983607e-05
-2.9575149590435164e+00	-6.5804494638985796e-04	-9.9151985332007501e-05
-2.9513790358919736e+00	-6.7997977793667497e-04	-9.9151985332053701e-05
-2.9452431127404308e+00	-7.0191460948254407e-04	-9.9151985331927595e-05
-2.9391071895888885e+00	-7.2384944102930557e-04	-9.9151985332125611e-05
-2.9329712664373457e+00	-7.4578427257529500e-04	-9.9151985331881923e-05
-2.9268353432858034e+00	-7.6771910412189637e-04	-9.9151985332131981e-05
-2.9206994201342606e+00	-7.8965393566804995e-04	-9.9151985331917322e-05
-2.9145634969827183e+00	-8.1158876721452891e-04	-9.9151985332064164e-05
-2.9084275738311756e+00	-8.3352359876072380e-04	-9.9151985331994802e-05
-2.9022916506796332e+00	-8.5545843030725187e-04	-9.9151985332002784e-05
-2.8961557275280905e+00	-8.7739326185332285e-04	-9.9151985332017516e-05
-2.8900198043765482e+00	-8.9932809340001062e-04	-9.9151985332029605e-05
-2.8838838812250054e+00	-9.2126292494593750e-04	-9.9151985331943492e-05
-2.8777479580734626e+00	-9.4319775649270550e-04	-9.9151985332133742e-05
-2.8716120349219203e+00	-9.6513258803864962e-04	-9.9151985331834611e-05
-2.8654761117703775e+00	-9.8706741958529609e-04	-9.9151985332219503e-05
-2.8593401886188352e+00	-1.0090022511314435e-03	-9.9151985331792829e-05
-2.8532042654672924e+00	-1.0309370826778455e-03	-9.9151985332207753e-05
-2.8470683423157501e+00	-1.0528719142242275e-03	-9.9151985331853585e-05
-2.8409324191642074e+00	-1.0748067457704541e-03	-9.9151985332114660e-05
-2.8347964960126650e+00	-1.0967415773169295e-03	-9.9151985331956001e-05
-2.8286605728611223e+00	-1.1186764088631437e-03	-9.9151985332024495e-05
-2.8225246497095799e+00	-1.1406112404095730e-03	-9.9151985332020796e-05
-2.8163887265580372e+00	-1.1625460719558568e-03	-9.9151985331985789e-05
-2.8102528034064944e+00	-1.1844809035022215e-03	-9.9151985332044133e-05
-2.8041168802549521e+00	-1.2064157350485426e-03	-9.9151985331961530e-05
-2.7979809571034093e+00	-1.2283505665948943e-03	-9.9151985332085373e-05
-2.7918450339518670e+00	-1.2502853981412351e-03	-9.9151985331897522e-05
-2.7857091108003242e+00	-1.2722202296875230e-03	-9.9151985332164574e-05
-2.7795731876487819e+00	-1.2941550612340052e-03	-9.9151985331824270e-05
-2.7734372644972392e+00	-1.3160898927800629e-03	-9.9151985332202454e-05
-2.7673013413456968e+00	-1.3380247243268471e-03	-9.9151985331847418e-05
-2.7611654181941541e+00	-1.3599595558725802e-03	-9.9151985332104455e-05
-2.7550294950426117e+00	-1.3818943874196314e-03	-9.9151985332014006e-05
-2.7488935718910690e+00	-1.4038292189652280e-03	-9.9151985331898782e-05
-2.7427576487395262e+00	-1.4257640505122434e-03	-9.9151985332216481e-05
-2.7366217255879839e+00	-1.4476988820580489e-03	-9.9151985331746533e-05
-2.7304858024364411e+00	-1.4696337136047282e-03	-9.9151985332283579e-05
-2.7243498792848988e+00	-1.4915685451509187e-03	-9.9151985331776444e-05
-2.7182139561333560e+00	-1.5135033766972620e-03	-9.9151985332171771e-05
-2.7120780329818137e+00	-1.5354382082436529e-03	-9.9151985331930861e-05
-2.7059421098302709e+00	-1.5573730397899677e-03	-9.9151985332024414e-05
-2.6998061866787286e+00	-1.5793078713362300e-03	-9.9151985332027111e-05
-2.6936702635271859e+00	-1.6012427028827699e-03	-9.9151985332004749e-05
-2.6875343403756435e+00	-1.6231775344288015e-03	-9.9151985331971356e-05
-2.6813984172241008e+00	-1.6451123659754995e-03	-9.9151985332109565e-05
-2.6752624940725580e+00	-1.6670471975214912e-03	-9.9151985331857406e-05
-2.6691265709210157e+00	-1.6889820290681011e-03	-9.9151985332193048e-05
-2.6629906477694729e+00	-1.7109168606142715e-03	-9.9151985331828797e-05
-2.6568547246179306e+00	-1.7328516921606839e-03	-9.9151985332164927e-05
-2.6507188014663878e+00	-1.7547865237070050e-03	-9.9151985331894513e-05
-2.6445828783148455e+00	-1.7767213552533515e-03	-9.9151985332092556e-05
-2.6384469551633027e+00	-1.7986561867996548e-03	-9.9151985331945267e-05
-2.6323110320117604e+00	-1.8205910183460674e-03	-9.9151985332077445e-05
-2.6261751088602177e+00	-1.8425258498923046e-03	-9.9151985331929574e-05
-2.6200391857086753e+00	-1.8644606814387421e-03	-9.9151985332104686e-05
-2.6139032625571326e+00	-1.8863955129850083e-03	-9.9151985331915560e-05
-2.6077673394055898e+00	-1.9083303445313797e-03	-9.9151985332089642e-05
-2.6016314162540475e+00	-1.9302651760777093e-03	-9.9151985331960324e-05
-2.5954954931025047e+00	-1.9522000076240677e-03	-9.9151985332031678e-05
-2.5893595699509624e+00	-1.9741348391703354e-03	-9.9151985332005942e-05
-2.5832236467994196e+00	-1.9960696707168211e-03	-9.9151985332023181e-05
-2.5770877236478773e+00	-2.0180045022629373e-03	-9.9151985331966192e-05
-2.5709518004963345e+00	-2.0399393338095422e-03	-9.9151985332104713e-05
-2.5648158773447922e+00	-2.0618741653556190e-03	-9.9151985331866012e-05
-2.5586799541932495e+00	-2.0838089969021627e-03	-9.9151985332193035e-05
-2.5525440310417071e+00	-2.1057438284483904e-03	-9.9151985331816071e-05
-2.5464081078901644e+00	-2.1276786599947334e-03	-9.9151985332191625e-05
-2.5402721847386216e+00	-2.1496134915411553e-03	-9.9151985331864183e-05
-2.5341362615870793e+00	-2.1715483230873574e-03	-9.9151985332115338e-05
-2.5280003384355365e+00	-2.1934831546338439e-03	-9.9151985331944373e-05
-2.5218644152839942e+00	-2.2154179861800603e-03	-9.9151985332053647e-05
-2.5157284921324514e+00	-2.2373528177264761e-03	-9.9151985331975340e-05
-2.5095925689809091e+00	-2.2592876492727762e-03	-9.9151985332054108e-05
-2.5034566458293663e+00	-2.2812224808191300e-03	-9.9151985331951827e-05
-2.4973207226778240e+00	-2.3031573123654483e-03	-9.9151985332085916e-05
-2.4911847995262812e+00	-2.3250921439118407e-03	-9.9151985331925982e-05
-2.4850488763747385e+00	-2.3470269754580701e-03	-9.9151985332093193e-05
-2.4789129532231962e+00	-2.3689618070045796e-03	-9.9151985331945809e-05
-2.4727770300716534e+00	-2.3908966385506863e-03	-9.9151985332042236e-05
-2.4666411069201111e+00	-2.4128314700972999e-03	-9.9151985332026677e-05
-2.4605051837685683e+00	-2.4347663016433515e-03	-9.9151985331939386e-05
-2.4543692606170260e+00	-2.4567011331899490e-03	-9.9151985332136805e-05
-2.4482333374654832e+00	-2.4786359647360986e-03	-9.9151985331840750e-05
-2.4420974143139409e+00	-2.5005707962825192e-03	-9.9151985332203795e-05
-2.4359614911623981e+00	-2.5225056278289004e-03	-9.9151985331819256e-05
-2.4298255680108558e+00	-2.5444404593750747e-03	-9.9151985332175904e-05
-2.4236896448593130e+00	-2.5663752909216731e-03	-9.9151985331888848e-05
-2.4175537217077703e+00	-2.5883101224676939e-03	-9.9151985332081362e-05
-2.4114177985562280e+00	-2.6102449540143639e-03	-9.9151985331987538e-05
-2.4052818754046852e+00	-2.6321797855603925e-03	-9.9151985331995493e-05
-2.3991459522531429e+00	-2.6541146171069909e-03	-9.9151985332050164e-05
-2.3930100291016001e+00	-2.6760494486531335e-03	-9.9151985331958020e-05
-2.3868741059500578e+00	-2.6979842801995980e-03	-9.9151985332062185e-05
-2.3807381827985150e+00	-2.7199191117458828e-03	-9.9151985331972982e-05
-2.3746022596469727e+00	-2.7418539432922089e-03	-9.9151985332015415e-05
-2.3684663364954299e+00	-2.7637887748386044e-03	-9.9151985332053606e-05
-2.3623304133438876e+00	-2.7857236063848784e-03	-9.9151985331907266e-05
-2.3561944901923448e+00	-2.8076584379312301e-03	-9.9151985332168003e-05
-2.3500585670408021e+00	-2.8295932694776672e-03	-9.9151985331820584e-05
-2.3439226438892597e+00	-2.8515281010237543e-03	-9.9151985332192154e-05
-2.3377867207377170e+00	-2.8734629325704959e-03	-9.9151985331877979e-05
-2.3316507975861747e+00	-2.8953977641163250e-03	-9.9151985332063242e-05
-2.3255148744346319e+00	-2.9173325956631975e-03	-9.9151985332039715e-05
-2.3193789512830896e+00	-2.9392674272090617e-03	-9.9151985331921144e-05
-2.3132430281315468e+00	-2.9612022587557560e-03	-9.9151985332116287e-05
-2.3071071049800045e+00	-2.9831370903018574e-03	-9.9151985331927026e-05
-2.3009711818284617e+00	-3.0050719218483565e-03	-9.9151985332047440e-05
-2.2948352586769194e+00	-3.0270067533945408e-03	-9.9151985332013816e-05
-2.2886993355253766e+00	-3.0489415849410881e-03	-9.9151985331990939e-05
-2.2825634123738339e+00	-3.0708764164871396e-03	-9.9151985332010116e-05
-2.2764274892222915e+00	-3.0928112480338200e-03	-9.9151985332054311e-05
-2.2702915660707488e+00	-3.1147460795798113e-03	-9.9151985331914856e-05
-2.2641556429192065e+00	-3.1366809111264371e-03	-9.9151985332140641e-05
-2.2580197197676637e+00	-3.1586157426725949e-03	-9.9151985331874374e-05
-2.2518837966161214e+00	-3.1805505742189951e-03	-9.9151985332115026e-05
-2.2457478734645786e+00	-3.2024854057653633e-03	-9.9151985331963997e-05
-2.2396119503130363e+00	-3.2244202373116339e-03	-9.9151985331982971e-05
-2.2334760271614935e+00	-3.2463550688580037e-03	-9.9151985332102653e-05
-2.2273401040099512e+00	-3.2682899004044157e-03	-9.9151985331877816e-05
-2.2212041808584084e+00	-3.2902247319505306e-03	-9.9151985332141440e-05
-2.2150682577068657e+00	-3.3121595634972418e-03	-9.9151985331917796e-05
-2.2089323345553233e+00	-3.3340943950430995e-03	-9.9151985332035324e-05
-2.2027964114037806e+00	-3.3560292265899551e-03	-9.9151985332055707e-05
-2.1966604882522383e+00	-3.3779640581358085e-03	-9.9151985331907090e-05
-2.1905245651006955e+00	-3.3998988896825535e-03	-9.9151985332141955e-05
-2.1843886419491532e+00	-3.4218337212285782e-03	-9.9151985331874198e-05
-2.1782527187976104e+00	-3.4437685527751493e-03	-9.9151985332131438e-05
-2.1721167956460681e+00	-3.4657033843213084e-03	-9.9151985331908987e-05
-2.1659808724945253e+00	-3.4876382158677993e-03	-9.9151985332090889e-05
-2.1598449493429825e+00	-3.5095730474139922e-03	-9.9151985331945959e-05
-2.1537090261914402e+00	-3.5315078789604757e-03	-9.9151985332058417e-05
-2.1475731030398975e+00	-3.5534427105066574e-03	-9.9151985331973430e-05
-2.1414371798883551e+00	-3.5753775420531765e-03	-9.9151985332039064e-05
-2.1353012567368124e+00	-3.5973123735993013e-03	-9.9151985331975869e-05
-2.1291653335852700e+00	-3.6192472051458833e-03	-9.9151985332059068e-05
-2.1230294104337273e+00	-3.6411820366919656e-03	-9.9151985331936567e-05
-2.1168934872821850e+00	-3.6631168682385380e-03	-9.9151985332101216e-05
-2.1107575641306422e+00	-3.6850516997846902e-03	-9.9151985331915425e-05
-2.1046216409790999e+00	-3.7069865313311512e-03	-9.9151985332079085e-05
-2.0984857178275571e+00	-3.7289213628774100e-03	-9.9151985331985274e-05
-2.0923497946760143e+00	-3.7508561944238393e-03	-9.9151985331982022e-05
-2.0862138715244720e+00	-3.7727910259700050e-03	-9.9151985332067647e-05
-2.0800779483729293e+00	-3.7947258575166481e-03	-9.9151985331961774e-05
-2.0739420252213869e+00	-3.8166606890625431e-03	-9.9151985331996550e-05
-2.0678061020698442e+00	-3.8385955206094000e-03	-9.9151985332114620e-05
-2.0616701789183018e+00	-3.8605303521552512e-03	-9.9151985331815082e-05
-2.0555342557667591e+00	-3.8824651837019350e-03	-9.9151985332247435e-05
-2.0493983326152168e+00	-3.9044000152481276e-03	-9.9151985331795810e-05
-2.0432624094636740e+00	-3.9263348467944385e-03	-9.9151985332134041e-05
-2.0371264863121317e+00	-3.9482696783408669e-03	-9.9151985331998027e-05
-2.0309905631605889e+00	-3.9702045098871982e-03	-9.9151985331934019e-05
-2.0248546400090461e+00	-3.9921393414333421e-03	-9.9151985332099441e-05
-2.0187187168575038e+00	-4.0140741729801001e-03	-9.9151985331985139e-05
-2.0125827937059610e+00	-4.0360090045258729e-03	-9.9151985331915750e-05
-2.0064468705544187e+00	-4.0579438360727714e-03	-9.9151985332216088e-05
-2.0003109474028760e+00	-4.0798786676186924e-03	-9.9151985331745530e-05
-1.9941750242513334e+00	-4.1018134991652484e-03	-9.9151985332252191e-05
-1.9880391010997909e+00	-4.1237483307115172e-03	-9.9151985331840628e-05
-1.9819031779482483e+00	-4.1456831622578997e-03	-9.9151985332105160e-05
-1.9757672547967058e+00	-4.1676179938040974e-03	-9.9151985331929560e-05
-1.9696313316451632e+00	-4.1895528253507062e-03	-9.9151985332147024e-05
-1.9634954084936207e+00	-4.2114876568967244e-03	-9.9151985331771592e-05
-1.9573594853420782e+00	-4.2334224884432734e-03	-9.9151985332320835e-05
-1.9512235621905356e+00	-4.2553573199896324e-03	-9.9151985331708383e-05
-1.9450876390389933e+00	-4.2772921515357113e-03	-9.9151985332203172e-05
-1.9389517158874505e+00	-4.2992269830824156e-03	-9.9151985331965908e-05
-1.9328157927359080e+00	-4.3211618146284823e-03	-9.9151985331943682e-05
-1.9266798695843652e+00	-4.3430966461748483e-03	-9.9151985332075588e-05
-1.9205439464328224e+00	-4.3650314777213947e-03	-9.9151985332050381e-05
-1.9144080232812801e+00	-4.3869663092674580e-03	-9.9151985331825043e-05
-1.9082721001297376e+00	-4.4089011408139072e-03	-9.9151985332273076e-05
-1.9021361769781950e+00	-4.4308359723604354e-03	-9.9151985331793208e-05
-1.8960002538266525e+00	-4.4527708039063269e-03	-9.9151985332070398e-05
-1.8898643306751099e+00	-4.4747056354531665e-03	-9.9151985332125015e-05
-1.8837284075235674e+00	-4.4966404669991708e-03	-9.9151985331793072e-05
-1.8775924843720246e+00	-4.5185752985455723e-03	-9.9151985332215356e-05
-1.8714565612204823e+00	-4.5405101300920511e-03	-9.9151985331881056e-05
-1.8653206380689393e+00	-4.5624449616382037e-03	-9.9151985332081687e-05
-1.8591847149173970e+00	-4.5843797931846651e-03	-9.9151985331916807e-05
-1.8530487917658545e+00	-4.6063146247309027e-03	-9.9151985332179685e-05
-1.8469128686143119e+00	-4.6282494562774638e-03	-9.9151985331786838e-05
-1.8407769454627694e+00	-4.6501842878233397e-03	-9.9151985332192208e-05
-1.8346410223112268e+00	-4.6721191193703554e-03	-9.9151985331955608e-05
-1.8285050991596843e+00	-4.6940539509159607e-03	-9.9151985331926863e-05
-1.8223691760081417e+00	-4.7159887824629130e-03	-9.9151985332153583e-05
-1.8162332528565992e+00	-4.7379236140087959e-03	-9.9151985331894622e-05
-1.8100973297050564e+00	-4.7598584455555435e-03	-9.9151985332078529e-05
-1.8039614065535141e+00	-4.7817932771013769e-03	-9.9151985331913866e-05
-1.7978254834019713e+00	-4.8037281086483275e-03	-9.9151985332228840e-05
-1.7916895602504286e+00	-4.8256629401941089e-03	-9.9151985331652045e-05
-1.7855536370988863e+00	-4.8475977717407316e-03	-9.9151985332408899e-05
-1.7794177139473437e+00	-4.8695326032871314e-03	-9.9151985331716474e-05
-1.7732817907958012e+00	-4.8914674348332120e-03	-9.9151985332121803e-05
-1.7671458676442586e+00	-4.9134022663797385e-03	-9.9151985332025946e-05
-1.7610099444927161e+00	-4.9353370979261296e-03	-9.9151985332002595e-05
-1.7548740213411735e+00	-4.9572719294722215e-03	-9.9151985331913812e-05
-1.7487380981896310e+00	-4.9792067610188008e-03	-9.9151985332191124e-05
-1.7426021750380882e+00	-5.0011415925650593e-03	-9.9151985331849017e-05
-1.7364662518865459e+00	-5.0230764241113481e-03	-9.9151985332073949e-05
-1.7303303287350031e+00	-5.0450112556576880e-03	-9.9151985332018709e-05
-1.7241944055834606e+00	-5.0669460872042014e-03	-9.9151985332034646e-05
-1.7180584824319181e+00	-5.0888809187502404e-03	-9.9151985331876095e-05
-1.7119225592803755e+00	-5.1108157502968102e-03	-9.9151985332228231e-05
-1.7057866361288330e+00	-5.1327505818431372e-03	-9.9151985331822509e-05
-1.6996507129772904e+00	-5.1546854133892994e-03	-9.9151985332072173e-05
-1.6935147898257479e+00	-5.1766202449358128e-03	-9.9151985332075805e-05
-1.6873788666742053e+00	-5.1985550764821640e-03	-9.9151985331908798e-05
-1.6812429435226628e+00	-5.2204899080282577e-03	-9.9151985332051966e-05
-1.6751070203711202e+00	-5.2424247395749645e-03	-9.9151985332061453e-05
-1.6689710972195775e+00	-5.2643595711209488e-03	-9.9151985331902712e-05
-1.6628351740680349e+00	-5.2862944026675716e-03	-9.9151985332132170e-05
-1.6566992509164924e+00	-5.3082292342136695e-03	-9.9151985331885162e-05
-1.6505633277649499e+00	-5.3301640657602237e-03	-9.9151985332156497e-05
-1.6444274046134073e+00	-5.3520988973064050e-03	-9.9151985331852636e-05
-1.6382914814618650e+00	-5.3740337288528013e-03	-9.9151985332135992e-05
-1.6321555583103224e+00	-5.3959685603991404e-03	-9.9151985331964946e-05
-1.6260196351587797e+00	-5.4179033919455463e-03	-9.9151985331992633e-05
-1.6198837120072371e+00	-5.4398382234916321e-03	-9.9151985332010780e-05
-1.6137477888556946e+00	-5.4617730550384066e-03	-9.9151985332125895e-05
-1.6076118657041520e+00	-5.4837078865842747e-03	-9.9151985331754448e-05
-1.6014759425526093e+00	-5.5056427181309165e-03	-9.9151985332343807e-05
-1.5953400194010667e+00	-5.5275775496772218e-03	-9.9151985331711147e-05
-1.5892040962495240e+00	-5.5495123812233814e-03	-9.9151985332208607e-05
-1.5830681730979816e+00	-5.5714472127699598e-03	-9.9151985331911928e-05
-1.5769322499464391e+00	-5.5933820443161185e-03	-9.9151985332065234e-05
-1.5707963267948966e+00	-5.6153168758625574e-03	-9.9151985331962831e-05
-1.5646604036433540e+00	-5.6372517074088357e-03	-9.9151985332054013e-05
-1.5585244804918115e+00	-5.6591865389552130e-03	-9.9151985331990384e-05
-1.5523885573402689e+00	-5.6811213705015564e-03	-9.9151985332013897e-05
-1.5462526341887264e+00	-5.7030562020478157e-03	-9.9151985331994395e-05
-1.5401167110371838e+00	-5.7249910335942875e-03	-9.9151985332067552e-05
-1.5339807878856411e+00	-5.7469258651405026e-03	-9.9151985331928042e-05
-1.5278448647340985e+00	-5.7688606966869119e-03	-9.9151985332078855e-05
-1.5217089415825558e+00	-5.7907955282331981e-03	-9.9151985331984610e-05
-1.5155730184310134e+00	-5.8127303597796586e-03	-9.9151985332027030e-05
-1.5094370952794709e+00	-5.8346651913257601e-03	-9.9151985331938478e-05
-1.5033011721279284e+00	-5.8566000228723793e-03	-9.9151985332186136e-05
-1.4971652489763858e+00	-5.8785348544185519e-03	-9.9151985331767675e-05
-1.4910293258248433e+00	-5.9004696859648181e-03	-9.9151985332221725e-05
-1.4848934026733007e+00	-5.9224045175114374e-03	-9.9151985331935591e-05
-1.4787574795217582e+00	-5.9443393490574703e-03	-9.9151985331931064e-05
-1.4726215563702154e+00	-5.9662741806039161e-03	-9.9151985332165862e-05
-1.4664856332186729e+00	-5.9882090121504564e-03	-9.9151985331916129e-05
-1.4603497100671303e+00	-6.0101438436963635e-03	-9.9151985331949794e-05
-1.4542137869155878e+00	-6.0320786752431372e-03	-9.9151985332228908e-05
-1.4480778637640452e+00	-6.0540135067892620e-03	-9.9151985331732384e-05
-1.4419419406125029e+00	-6.0759483383355092e-03	-9.9151985332222742e-05
-1.4358060174609601e+00	-6.0978831698821432e-03	-9.9151985331947951e-05
-1.4296700943094176e+00	-6.1198180014281987e-03	-9.9151985331936594e-05
-1.4235341711578751e+00	-6.1417528329746141e-03	-9.9151985332126587e-05
-1.4173982480063327e+00	-6.1636876645211258e-03	-9.9151985331964593e-05
-1.4112623248547900e+00	-6.1856224960671648e-03	-9.9151985331931837e-05
-1.4051264017032472e+00	-6.2075573276137294e-03	-9.9151985332165726e-05
-1.3989904785517047e+00	-6.2294921591600346e-03	-9.9151985331883969e-05
-1.3928545554001621e+00	-6.2514269907062679e-03	-9.9151985332020186e-05
-1.3867186322486196e+00	-6.2733618222526452e-03	-9.9151985332087162e-05
-1.3805827090970770e+00	-6.2952966537991855e-03	-9.9151985331964376e-05
-1.3744467859455345e+00	-6.3172314853451048e-03	-9.9151985331884484e-05
-1.3683108627939919e+00	-6.3391663168918238e-03	-9.9151985332311728e-05
-1.3621749396424494e+00	-6.3611011484381134e-03	-9.9151985331656300e-05
-1.3560390164909069e+00	-6.3830359799840657e-03	-9.9151985332201302e-05
-1.3499030933393643e+00	-6.4049708115310145e-03	-9.9151985332068324e-05
-1.3437671701878215e+00	-6.4269056430768844e-03	-9.9151985331751819e-05
-1.3376312470362790e+00	-6.4488404746232885e-03	-9.9151985332247882e-05
-1.3314953238847365e+00	-6.4707753061699061e-03	-9.9151985331908526e-05
-1.3253594007331939e+00	-6.4927101377158956e-03	-9.9151985331943058e-05
-1.3192234775816516e+00	-6.5146449692623960e-03	-9.9151985332054338e-05
-1.3130875544301088e+00	-6.5365798008087343e-03	-9.9151985332054582e-05
-1.3069516312785661e+00	-6.5585146323551384e-03	-9.9151985331824813e-05
-1.3008157081270237e+00	-6.5804494639011106e-03	-9.9151985332102910e-05
-1.2946797849754810e+00	-6.6023842954480629e-03	-9.9151985332054528e-05
-1.2885438618239387e+00	-6.6243191269937879e-03	-9.9151985331710483e-05
-1.2824079386723961e+00	-6.6462539585404306e-03	-9.9151985332286479e-05
-1.2762720155208533e+00	-6.6681887900867983e-03	-9.9151985331755464e-05
-1.2701360923693108e+00	-6.6901236216329318e-03	-9.9151985332007826e-05
-1.2640001692177683e+00	-6.7120584531793551e-03	-9.9151985331959863e-05
-1.2578642460662257e+00	-6.7339932847257609e-03	-9.9151985331961829e-05
-1.2517283229146834e+00	-6.7559281162719318e-03	-9.9151985331820191e-05
-1.2455923997631406e+00	-6.7778629478183194e-03	-9.9151985332006050e-05
-1.2394564766115981e+00	-6.7997977793646447e-03	-9.9151985331845074e-05
-1.2333205534600555e+00	-6.8217326109109924e-03	-9.9151985331864440e-05
-1.2271846303085130e+00	-6.8436674424571173e-03	-9.9151985331775305e-05
-1.2210487071569704e+00	-6.8656022740036507e-03	-9.9151985331991265e-05
-1.2149127840054279e+00	-6.8875371055498692e-03	-9.9151985331526264e-05
-1.2087768608538849e+00	-6.9094719370959359e-03	-9.9151985331887994e-05
-1.2026409377023426e+00	-6.9314067686426003e-03	-9.9151985331712286e-05
-1.1965050145507998e+00	-6.9533416001885950e-03	-9.9151985331462987e-05
-1.1903690913992575e+00	-6.9752764317347806e-03	-9.9151985331676358e-05
-1.1842331682477150e+00	-6.9972112632813409e-03	-9.9151985331550306e-05
-1.1780972450961724e+00	-7.0191460948272905e-03	-9.9151985331159167e-05
-1.1719613219446299e+00	-7.0410809263734180e-03	-9.9151985331496963e-05
-1.1658253987930873e+00	-7.0630157579199791e-03	-9.9151985331129731e-05
-1.1596894756415448e+00	-7.0849505894657119e-03	-9.9151985330839124e-05
-1.1535535524900022e+00	-7.1068854210119443e-03	-9.9151985331053037e-05
-1.1474176293384595e+00	-7.1288202525582392e-03	-9.9151985330554168e-05
-1.1412817061869169e+00	-7.1507550841039312e-03	-9.9151985330307336e-05
-1.1351457830353744e+00	-7.1726899156500561e-03	-9.9151985330268129e-05
-1.1290098598838318e+00	-7.1946247471960621e-03	-9.9151985329745381e-05
-1.1228739367322893e+00	-7.2165595787417394e-03	-9.9151985329342721e-05
-1.1167380135807468e+00	-7.2384944102874618e-03	-9.9151985329039077e-05
-1.1106020904292042e+00	-7.2604292418333273e-03	-9.9151985328518402e-05
-1.1044661672776617e+00	-7.2823640733786941e-03	-9.9151985327596017e-05
-1.0983302441261191e+00	-7.3042989049238805e-03	-9.9151985327337259e-05
-1.0921943209745768e+00	-7.3262337364697122e-03	-9.9151985326242554e-05
-1.0860583978230340e+00	-7.3481685680139922e-03	-9.9151985325007160e-05
-1.0799224746714913e+00	-7.3701033995592861e-03	-9.9151985324550372e-05
-1.0737865515199487e+00	-7.3920382311038167e-03	-9.9151985322349929e-05
-1.0676506283684062e+00	-7.4139730626476726e-03	-9.9151985321380991e-05
-1.0615147052168636e+00	-7.4359078941920002e-03	-9.9151985319220732e-05
-1.0553787820653213e+00	-7.4578427257351240e-03	-9.9151985317117271e-05
-1.0492428589137786e+00	-7.4797775572782244e-03	-9.9151985314443398e-05
-1.0431069357622360e+00	-7.5017123888204331e-03	-9.9151985311642985e-05
-1.0369710126106935e+00	-7.5236472203623608e-03	-9.9151985307863999e-05
-1.0308350894591509e+00	-7.5455820519028695e-03	-9.9151985303872481e-05
-1.0246991663076084e+00	-7.5675168834431336e-03	-9.9151985299014876e-05
-1.0185632431560658e+00	-7.5894517149817219e-03	-9.9151985293244373e-05
-1.0124273200045231e+00	-7.6113865465193527e-03	-9.9151985286637150e-05
-1.0062913968529805e+00	-7.6333213780552991e-03	-9.9151985278810728e-05
-1.0001554737014380e+00	-7.6552562095895541e-03	-9.9151985269601189e-05
-9.9401955054989533e-01	-7.6771910411216763e-03	-9.9151985258928154e-05
-9.8788362739835278e-01	-7.6991258726513412e-03	-9.9151985246186570e-05
-9.8174770424681035e-01	-7.7210607041781551e-03	-9.9151985231656322e-05
-9.7561178109526792e-01	-7.7429955357017034e-03	-9.9151985214024159e-05
-9.6947585794372526e-01	-7.7649303672209817e-03	-9.9151985194009489e-05
-9.6333993479218272e-01	-7.7868651987361434e-03	-9.9151985170046792e-05
-9.5720401164064017e-01	-7.8088000302454150e-03	-9.9151985142203179e-05
-9.5106808848909752e-01	-7.8307348617485603e-03	-9.9151985109411782e-05
-9.4493216533755497e-01	-7.8526696932442585e-03	-9.9151985071329601e-05
-9.3879624218601254e-01	-7.8746045247312622e-03	-9.9151985025927104e-05
-9.3266031903446978e-01	-7.8965393562076339e-03	-9.9151984973732066e-05
-9.2652439588292723e-01	-7.9184741876728495e-03	-9.9151984911616606e-05
-9.2038847273138458e-01	-7.9404090191229331e-03	-9.9151984839290346e-05
-9.1425254957984214e-01	-7.9623438505574372e-03	-9.9151984754475717e-05
-9.0811662642829971e-01	-7.9842786819720821e-03	-9.9151984654877802e-05
-9.0198070327675706e-01	-8.0062135133642364e-03	-9.9151984538145901e-05
-8.9584478012521440e-01	-8.0281483447297870e-03	-9.9151984401591275e-05
-8.8970885697367186e-01	-8.0500831760642651e-03	-9.9151984240919641e-05
-8.8357293382212931e-01	-8.0720180073620366e-03	-9.9151984053368834e-05
-8.7743701067058666e-01	-8.0939528386173472e-03	-9.9151983832512216e-05
-8.7130108751904423e-01	-8.1158876698218755e-03	-9.9151983574747446e-05
-8.6516516436750157e-01	-8.1378225009685438e-03	-9.9151983271408400e-05
-8.5902924121595903e-01	-8.1597573320449177e-03	-9.9151982916718069e-05
-8.5289331806441637e-01	-8.1816921630419176e-03	-9.9151982500456535e-05
-8.4675739491287394e-01	-8.2036269939428103e-03	-9.9151982012481084e-05
-8.4062147176133140e-01	-8.2255618247336001e-03	-9.9151981440635237e-05
-8.3448554860978885e-01	-8.2474966553934010e-03	-9.9151980770076766e-05
-8.2834962545824620e-01	-8.2694314859010961e-03	-9.9151979984053027e-05
-8.2221370230670354e-01	-8.2913663162292889e-03	-9.9151979062564474e-05
-8.1607777915516100e-01	-8.3133011463479255e-03	-9.9151977982285826e-05
-8.0994185600361845e-01	-8.3352359762205053e-03	-9.9151976716127898e-05
-8.0380593285207591e-01	-8.3571708058046441e-03	-9.9151975231033936e-05
-7.9767000970053337e-01	-8.3791056350504319e-03	-9.9151973491404119e-05
-7.9153408654899082e-01	-8.4010404639007601e-03	-9.9151971450403938e-05
-7.8539816339744839e-01	-8.4229752922849125e-03	-9.9151969059125696e-05
-7.7926224024590574e-01	-8.4449101201262144e-03	-9.9151966255014613e-05
-7.7312631709436319e-01	-8.4668449473272074e-03	-9.9151962967985449e-05
-7.6699039394282054e-01	-8.4887797737810793e-03	-9.9151959114620434e-05
-7.6085447079127788e-01	-8.5107145993561575e-03	-9.9151954597276497e-05
-7.5471854763973545e-01	-8.5326494239036238e-03	-9.9151949301541130e-05
-7.4858262448819290e-01	-8.5545842472439220e-03	-9.9151943093372426e-05
-7.4244670133665036e-01	-8.5765190691714701e-03	-9.9151935815477600e-05
-7.3631077818510771e-01	-8.5984538894405150e-03	-9.9151927283685628e-05
-7.3017485503356516e-01	-8.6203887077677087e-03	-9.9151917281642529e-05
-7.2403893188202262e-01	-8.6423235238157082e-03	-9.9151905556288823e-05
-7.1790300873048007e-01	-8.6642583371948356e-03	-9.9151891810925387e-05
-7.1176708557893753e-01	-8.6861931474424975e-03	-9.9151875696464072e-05
-7.0563116242739499e-01	-8.7081279540208150e-03	-9.9151856806144073e-05
-6.9949523927585233e-01	-8.7300627562970981e-03	-9.9151834660845417e-05
-6.9335931612430979e-01	-8.7519975535301168e-03	-9.9151808699029861e-05
-6.8722339297276724e-01	-8.7739323448499454e-03	-9.9151778265257998e-05
-6.8108746982122470e-01	-8.7958671292404523e-03	-9.9151742586530827e-05
-6.7495154666968216e-01	-8.8178019055035542e-03	-9.9151700760437620e-05
-6.6881562351813950e-01	-8.8397366722430346e-03	-9.9151651728219027e-05
-6.6267970036659696e-01	-8.8616714278150644e-03	-9.9151594246701664e-05
-6.5654377721505441e-01	-8.8836061702967720e-03	-9.9151526861247921e-05
-6.5040785406351198e-01	-8.9055408974319968e-03	-9.9151447865498133e-05
-6.4427193091196933e-01	-8.9274756065776898e-03	-9.9151355257561094e-05
-6.3813600776042678e-01	-8.9494102946317943e-03	-9.9151246693797700e-05
-6.3200008460888413e-01	-8.9713449579634889e-03	-9.9151119423649450e-05
-6.2586416145734158e-01	-8.9932795923093993e-03	-9.9150970224514320e-05
-6.1972823830579904e-01	-9.0152141926786392e-03	-9.9150795317856289e-05
-6.1359231515425650e-01	-9.0371487532135714e-03	-9.9150590274061425e-05
-6.0745639200271395e-01	-9.0590832670538902e-03	-9.9150349900716648e-05
-6.0132046885117130e-01	-9.0810177261507734e-03	-9.9150068109848596e-05
-5.9518454569962886e-01	-9.1029521210746808e-03	-9.9149737765813890e-05
-5.8904862254808610e-01	-9.1248864407655929e-03	-9.9149350501952260e-05
-5.8291269939654355e-01	-9.1468206722632485e-03	-9.9148896511707434e-05
-5.7677677624500112e-01	-9.1687548003693137e-03	-9.9148364296864803e-05
-5.7064085309345847e-01	-9.1906888072708793e-03	-9.9147740379962543e-05
-5.6450492994191592e-01	-9.2126226720823570e-03	-9.9147008960215021e-05
-5.5836900679037338e-01	-9.2345563703233133e-03	-9.9146151514314484e-05
-5.5223308363883084e-01	-9.2564898732901326e-03	-9.9145146327519058e-05
-5.4609716048728829e-01	-9.2784231473394783e-03	-9.9143967944859731e-05
-5.3996123733574575e-01	-9.3003561530263026e-03	-9.9142586522207803e-05
-5.3382531418420309e-01	-9.3222888441111679e-03	-9.9140967076676690e-05
-5.2768939103266055e-01	-9.3442211663876465e-03	-9.9139068596507788e-05
-5.2155346788111800e-01	-9.3661530563092978e-03	-9.9136843001395897e-05
-5.1541754472957546e-01	-9.3880844393782956e-03	-9.9134233930848816e-05
-5.0928162157803292e-01	-9.4100152282652373e-03	-9.9131175309144517e-05
-5.0314569842649037e-01	-9.4319453205877046e-03	-9.9127589678560404e-05
-4.9700977527494766e-01	-9.4538745963285310e-03	-9.9123386233017160e-05
-4.9087385212340517e-01	-9.4758029147848349e-03	-9.9118458522315530e-05
-4.8473792897186263e-01	-9.4977301110169277e-03	-9.9112681753344271e-05
-4.7860200582032003e-01	-9.5196559916585488e-03	-9.9105909631578618e-05
-4.7246608266877754e-01	-9.5415803300318014e-03	-9.9097970656246531e-05
-4.6633015951723489e-01	-9.5635028603963217e-03	-9.9088663777570490e-05
-4.6019423636569234e-01	-9.5854232712291945e-03	-9.9077753304303620e-05
-4.5405831321414980e-01	-9.6073411973251199e-03	-9.9064962937916347e-05
-4.4792239006260720e-01	-9.6292562105600270e-03	-9.9049968774996699e-05
-4.4178646691106466e-01	-9.6511678090381060e-03	-9.9032391104697548e-05
-4.3565054375952217e-01	-9.6730754043898495e-03	-9.9011784795340155e-05
-4.2951462060797951e-01	-9.6949783068671566e-03	-9.8987628025670672e-05
-4.2337869745643697e-01	-9.7168757078825597e-03	-9.8959309065604326e-05
-4.1724277430489443e-01	-9.7387666595221134e-03	-9.8926110797808382e-05
-4.1110685115335188e-01	-9.7606500505563760e-03	-9.8887192554636641e-05
-4.0497092800180928e-01	-9.7825245782843292e-03	-9.8841568839662193e-05
-3.9883500485026663e-01	-9.8043887155585367e-03	-9.8788084379706784e-05
-3.9269908169872408e-01	-9.8262406721044953e-03	-9.8725384886335315e-05
-3.8656315854718160e-01	-9.8480783491978838e-03	-9.8651882771140517e-05
-3.8042723539563900e-01	-9.8698992865085024e-03	-9.8565716980255537e-05
-3.7429131224409640e-01	-9.8917005998235691e-03	-9.8464705890892001e-05
-3.6815538909255391e-01	-9.9134789079976318e-03	-9.8346292122631880e-05
-3.6201946594101131e-01	-9.9352302473694424e-03	-9.8207477840239060e-05
-3.5588354278946877e-01	-9.9569499713879576e-03	-9.8044748936399590e-05
-3.4974761963792622e-01	-9.9786326329995290e-03	-9.7853986173096933e-05
-3.4361169648638362e-01	-1.0000271846731414e-02	-9.7630361053990822e-05
-3.3747577333484102e-01	-1.0021860127077536e-02	-9.7368213805300403e-05
-3.3133985018329848e-01	-1.0043388699007014e-02	-9.7060910399623631e-05
-3.2520392703175588e-01	-1.0064847275899489e-02	-9.6700675046614370e-05
-3.1906800388021334e-01	-1.0086223799208887e-02	-9.6278393944309129e-05
-3.1293208072867085e-01	-1.0107504133363726e-02	-9.5783385406693634e-05
-3.0679615757712825e-01	-1.0128671708126504e-02	-9.5203130626958458e-05
-3.0066023442558570e-01	-1.0149707099467406e-02	-9.4522958402104356e-05
-2.9452431127404310e-01	-1.0170587538317498e-02	-9.3725676003887987e-05
-2.8838838812250062e-01	-1.0191286334904071e-02	-9.2791137097424897e-05
-2.8225246497095796e-01	-1.0211772204106290e-02	-9.1695736100353342e-05
-2.7611654181941536e-01	-1.0232008474957440e-02	-9.0411816644956966e-05
-2.6998061866787282e-01	-1.0251952164368673e-02	-8.8906979801295008e-05
-2.6384469551633033e-01	-1.0271552891958460e-02	-8.7143275430655540e-05
-2.5770877236478773e-01	-1.0290751608764557e-02	-8.5076257379230081e-05
-2.5157284921324513e-01	-1.0309479108192252e-02	-8.2653880251951350e-05
-2.4543692606170259e-01	-1.0327654282049712e-02	-7.9815212096394288e-05
-2.3930100291016002e-01	-1.0345182078474974e-02	-7.6488933540452857e-05
-2.3316507975861744e-01	-1.0361951111194668e-02	-7.2591589669888625e-05
-2.2702915660707490e-01	-1.0377830861339107e-02	-6.8025556258596016e-05
-2.2089323345553236e-01	-1.0392668403149325e-02	-6.2676676957609050e-05
-2.1475731030398976e-01	-1.0406284573949955e-02	-5.6411522765926839e-05
-2.0862138715244721e-01	-1.0418469495702604e-02	-4.9074219638547521e-05
-2.0248546400090464e-01	-1.0428977340833539e-02	-4.0482784866894333e-05
-1.9634954084936207e-01	-1.0437520217991771e-02	-3.0424908270487215e-05
-1.9021361769781950e-01	-1.0443761034475642e-02	-1.8653110880888996e-05
-1.8407769454627693e-01	-1.0447305170255029e-02	-4.8792126975852621e-06
-1.7794177139473438e-01	-1.0447690774612713e-02	 1.1231956235339669e-05
-1.7180584824319181e-01	-1.0444377469662713e-02	 3.0069658793736390e-05
-1.6566992509164927e-01	-1.0436733216370682e-02	 5.2085208083255935e-05
-1.5953400194010672e-01	-1.0424019067894428e-02	 7.7800789494061212e-05
-1.5339807878856412e-01	-1.0405371504081308e-02	 1.0781910944556877e-04
-1.4726215563702158e-01	-1.0379782010565589e-02	 1.4283375787192909e-04
-1.4112623248547898e-01	-1.0346073540005345e-02	 1.8364005912738845e-04
-1.3499030933393641e-01	-1.0302873475397980e-02	 2.3114602136938331e-04
-1.2885438618239387e-01	-1.0248582714493462e-02	 2.8638275757235707e-04
-1.2271846303085131e-01	-1.0181340520868314e-02	 3.5051341540651848e-04
-1.1658253987930872e-01	-1.0098984860790153e-02	 4.2483918345706702e-04
-1.1044661672776616e-01	-9.9990080935770959e-03	 5.1080029290971011e-04
-1.0431069357622361e-01	-9.8785081540422454e-03	 6.0996905175931561e-04
-9.8174770424681035e-02	-9.7341358306802378e-03	 7.2403076837522235e-04
-9.2038847273138463e-02	-9.5620395202373771e-03	 8.5474687547960600e-04
-8.5902924121595906e-02	-9.3578101114493630e-03	 1.0038926004585873e-03
-7.9767000970053348e-02	-9.1164307095706765e-03	 1.1731591401855706e-03
-7.3631077818510776e-02	-8.8322392038593430e-03	 1.3640076131506817e-03
-6.7495154666968205e-02	-8.4989168627891323e-03	 1.5774594822239325e-03
-6.1359231515425654e-02	-8.1095241144129269e-03	 1.8138066288907156e-03
-5.5223308363883082e-02	-7.6566164698813168e-03	 2.0722258115340991e-03
-4.9087385212340517e-02	-7.1324898643836329e-03	 2.3502906182739009e-03
-4.2951462060797953e-02	-6.5296244860571888e-03	 2.6433956038243722e-03
-3.6815538909255388e-02	-5.8414135714345266e-03	 2.9441512837410943e-03
-3.0679615757712820e-02	-5.0632624890268631e-03	 3.2418843994412045e-03
-2.4543692606170259e-02	-4.1940910768075226e-03	 3.5224845627583848e-03
-1.8407769454627694e-02	-3.2381221935062886e-03	 3.7689419367090827e-03
-1.2271846303085129e-02	-2.2065650936602564e-03	 3.9629242049057690e-03
-6.1359231515425638e-03	-1.1184800212300436e-03	 4.0874942611477524e-03
 0.0000000000000000e+00	-2.7977672170726104e-15	 4.1304982276257505e-03
 6.1359231515425638e-03	 1.1184800212245593e-03	 4.0874942611481757e-03
 1.2271846303085129e-02	 2.2065650936549585e-03	 3.9629242049065740e-03
 1.8407769454627694e-02	 3.2381221935013625e-03	 3.7689419367101921e-03
 2.4543692606170259e-02	 4.1940910768029725e-03	 3.5224845627597093e-03
 3.0679615757712820e-02	 5.0632624890227917e-03	 3.2418843994426534e-03
 3.6815538909255388e-02	 5.8414135714308733e-03	 2.9441512837425909e-03
 4.2951462060797953e-02	 6.5296244860540082e-03	 2.6433956038258541e-03
 4.9087385212340517e-02	 7.1324898643808261e-03	 2.3502906182753251e-03
 5.5223308363883082e-02	 7.6566164698789177e-03	 2.0722258115354326e-03
 6.1359231515425654e-02	 8.1095241144108279e-03	 1.8138066288919466e-03
 6.7495154666968205e-02	 8.4989168627873646e-03	 1.5774594822250479e-03
 7.3631077818510776e-02	 8.8322392038578008e-03	 1.3640076131516854e-03
 7.9767000970053348e-02	 9.1164307095693963e-03	 1.1731591401864625e-03
 8.5902924121595906e-02	 9.3578101114482459e-03	 1.0038926004593764e-03
 9.2038847273138463e-02	 9.5620395202364664e-03	 8.5474687548029924e-04
 9.8174770424681035e-02	 9.7341358306794416e-03	 7.2403076837582831e-04
 1.0431069357622361e-01	 9.8785081540416105e-03	 6.0996905175984286e-04
 1.1044661672776616e-01	 9.9990080935765391e-03	 5.1080029291016883e-04
 1.1658253987930872e-01	 1.0098984860789719e-02	 4.2483918345746254e-04
 1.2271846303085131e-01	 1.0181340520867931e-02	 3.5051341540686195e-04
 1.2885438618239387e-01	 1.0248582714493179e-02	 2.8638275757265100e-04
 1.3499030933393641e-01	 1.0302873475397727e-02	 2.3114602136963853e-04
 1.4112623248547898e-01	 1.0346073540005173e-02	 1.8364005912760483e-04
 1.4726215563702158e-01	 1.0379782010565428e-02	 1.4283375787211872e-04
 1.5339807878856412e-01	 1.0405371504081214e-02	 1.0781910944572677e-04
 1.5953400194010672e-01	 1.0424019067894339e-02	 7.7800789494201819e-05
 1.6566992509164927e-01	 1.0436733216370649e-02	 5.2085208083370630e-05
 1.7180584824319181e-01	 1.0444377469662671e-02	 3.0069658793840558e-05
 1.7794177139473438e-01	 1.0447690774612722e-02	 1.1231956235422802e-05
 1.8407769454627693e-01	 1.0447305170255029e-02	-4.8792126975073461e-06
 1.9021361769781950e-01	 1.0443761034475682e-02	-1.8653110880830138e-05
 1.9634954084936207e-01	 1.0437520217991795e-02	-3.0424908270428420e-05
 2.0248546400090464e-01	 1.0428977340833602e-02	-4.0482784866853736e-05
 2.0862138715244721e-01	 1.0418469495702645e-02	-4.9074219638502059e-05
 2.1475731030398976e-01	 1.0406284573950035e-02	-5.6411522765899849e-05
 2.2089323345553236e-01	 1.0392668403149386e-02	-6.2676676957574044e-05
 2.2702915660707490e-01	 1.0377830861339199e-02	-6.8025556258577760e-05
 2.3316507975861744e-01	 1.0361951111194737e-02	-7.2591589669860897e-05
 2.3930100291016002e-01	 1.0345182078475075e-02	-7.6488933540442666e-05
 2.4543692606170259e-01	 1.0327654282049790e-02	-7.9815212096370652e-05
 2.5157284921324513e-01	 1.0309479108192359e-02	-8.2653880251947162e-05
 2.5770877236478773e-01	 1.0290751608764638e-02	-8.5076257379209521e-05
 2.6384469551633033e-01	 1.0271552891958571e-02	-8.7143275430655960e-05
 2.6998061866787282e-01	 1.0251952164368756e-02	-8.8906979801276644e-05
 2.7611654181941536e-01	 1.0232008474957557e-02	-9.0411816644960923e-05
 2.8225246497095796e-01	 1.0211772204106377e-02	-9.1695736100335453e-05
 2.8838838812250062e-01	 1.0191286334904189e-02	-9.2791137097432609e-05
 2.9452431127404310e-01	 1.0170587538317587e-02	-9.3725676003870287e-05
 3.0066023442558570e-01	 1.0149707099467524e-02	-9.4522958402114507e-05
 3.0679615757712825e-01	 1.0128671708126593e-02	-9.5203130626940759e-05
 3.1293208072867085e-01	 1.0107504133363849e-02	-9.5783385406706143e-05
 3.1906800388021334e-01	 1.0086223799208977e-02	-9.6278393944291077e-05
 3.2520392703175588e-01	 1.0064847275899612e-02	-9.6700675046628858e-05
 3.3133985018329848e-01	 1.0043388699007106e-02	-9.7060910399604834e-05
 3.3747577333484102e-01	 1.0021860127077665e-02	-9.7368213805316530e-05
 3.4361169648638362e-01	 1.0000271846731506e-02	-9.7630361053971116e-05
 3.4974761963792622e-01	 9.9786326329996573e-03	-9.7853986173115256e-05
 3.5588354278946877e-01	 9.9569499713880478e-03	-9.8044748936379221e-05
 3.6201946594101131e-01	 9.9352302473695742e-03	-9.8207477840258224e-05
 3.6815538909255391e-01	 9.9134789079977220e-03	-9.8346292122611118e-05
 3.7429131224409640e-01	 9.8917005998236992e-03	-9.8464705890912493e-05
 3.8042723539563900e-01	 9.8698992865085926e-03	-9.8565716980233514e-05
 3.8656315854718160e-01	 9.8480783491980174e-03	-9.8651882771162364e-05
 3.9269908169872408e-01	 9.8262406721045820e-03	-9.8725384886311693e-05
 3.9883500485026663e-01	 9.8043887155586738e-03	-9.8788084379729783e-05
 4.0497092800180928e-01	 9.7825245782844107e-03	-9.8841568839638951e-05
 4.1110685115335188e-01	 9.7606500505565130e-03	-9.8887192554659477e-05
 4.1724277430489443e-01	 9.7387666595221967e-03	-9.8926110797785099e-05
 4.2337869745643697e-01	 9.7168757078826985e-03	-9.8959309065628029e-05
 4.2951462060797951e-01	 9.6949783068672381e-03	-9.8987628025645654e-05
 4.3565054375952217e-01	 9.6730754043899900e-03	-9.9011784795365390e-05
 4.4178646691106466e-01	 9.6511678090381841e-03	-9.9032391104671920e-05
 4.4792239006260720e-01	 9.6292562105601692e-03	-9.9049968775021568e-05
 4.5405831321414980e-01	 9.6073411973251945e-03	-9.9064962937891722e-05
 4.6019423636569234e-01	 9.5854232712293402e-03	-9.9077753304328069e-05
 4.6633015951723489e-01	 9.5635028603963963e-03	-9.9088663777545824e-05
 4.7246608266877754e-01	 9.5415803300319506e-03	-9.9097970656271156e-05
 4.7860200582032003e-01	 9.5196559916586217e-03	-9.9105909631554048e-05
 4.8473792897186263e-01	 9.4977301110170786e-03	-9.9112681753368259e-05
 4.9087385212340517e-01	 9.4758029147849043e-03	-9.9118458522292057e-05
 4.9700977527494766e-01	 9.4538745963286819e-03	-9.9123386233040118e-05
 5.0314569842649037e-01	 9.4319453205877739e-03	-9.9127589678537839e-05
 5.0928162157803292e-01	 9.4100152282653917e-03	-9.9131175309166852e-05
 5.1541754472957546e-01	 9.3880844393783615e-03	-9.9134233930827024e-05
 5.2155346788111800e-01	 9.3661530563094540e-03	-9.9136843001417012e-05
 5.2768939103266055e-01	 9.3442211663877124e-03	-9.9139068596487147e-05
 5.3382531418420309e-01	 9.3222888441113257e-03	-9.9140967076695907e-05
 5.3996123733574575e-01	 9.3003561530263651e-03	-9.9142586522189371e-05
 5.4609716048728829e-01	 9.2784231473396379e-03	-9.9143967944876821e-05
 5.5223308363883084e-01	 9.2564898732901951e-03	-9.9145146327502660e-05
 5.5836900679037338e-01	 9.2345563703234729e-03	-9.9146151514330368e-05
 5.6450492994191592e-01	 9.2126226720824159e-03	-9.9147008960199002e-05
 5.7064085309345847e-01	 9.1906888072710406e-03	-9.9147740379977966e-05
 5.7677677624500112e-01	 9.1687548003693727e-03	-9.9148364296850207e-05
 5.8291269939654355e-01	 9.1468206722634133e-03	-9.9148896511720377e-05
 5.8904862254808610e-01	 9.1248864407656519e-03	-9.9149350501940781e-05
 5.9518454569962886e-01	 9.1029521210748456e-03	-9.9149737765823824e-05
 6.0132046885117130e-01	 9.0810177261508307e-03	-9.9150068109839543e-05
 6.0745639200271395e-01	 9.0590832670540532e-03	-9.9150349900724793e-05
 6.1359231515425650e-01	 9.0371487532136269e-03	-9.9150590274053456e-05
 6.1972823830579904e-01	 9.0152141926788023e-03	-9.9150795317863702e-05
 6.2586416145734158e-01	 8.9932795923094531e-03	-9.9150970224507598e-05
 6.3200008460888413e-01	 8.9713449579636555e-03	-9.9151119423654627e-05
 6.3813600776042678e-01	 8.9494102946318516e-03	-9.9151246693794326e-05
 6.4427193091196933e-01	 8.9274756065778546e-03	-9.9151355257562978e-05
 6.5040785406351198e-01	 8.9055408974320523e-03	-9.9151447865497916e-05
 6.5654377721505441e-01	 8.8836061702969333e-03	-9.9151526861247446e-05
 6.6267970036659696e-01	 8.8616714278151217e-03	-9.9151594246702681e-05
 6.6881562351813950e-01	 8.8397366722431994e-03	-9.9151651728217305e-05
 6.7495154666968216e-01	 8.8178019055036114e-03	-9.9151700760440560e-05
 6.8108746982122470e-01	 8.7958671292406154e-03	-9.9151742586526748e-05
 6.8722339297276724e-01	 8.7739323448500026e-03	-9.9151778265262484e-05
 6.9335931612430979e-01	 8.7519975535302746e-03	-9.9151808699025253e-05
 6.9949523927585233e-01	 8.7300627562971606e-03	-9.9151834660849645e-05
 7.0563116242739499e-01	 8.7081279540209763e-03	-9.9151856806139899e-05
 7.1176708557893753e-01	 8.6861931474425565e-03	-9.9151875696468518e-05
 7.1790300873048007e-01	 8.6642583371949952e-03	-9.9151891810919708e-05
 7.2403893188202262e-01	 8.6423235238157689e-03	-9.9151905556294921e-05
 7.3017485503356516e-01	 8.6203887077678683e-03	-9.9151917281635726e-05
 7.3631077818510771e-01	 8.5984538894405792e-03	-9.9151927283692187e-05
 7.4244670133665036e-01	 8.5765190691716262e-03	-9.9151935815471176e-05
 7.4858262448819290e-01	 8.5545842472439862e-03	-9.9151943093378335e-05
 7.5471854763973545e-01	 8.5326494239037817e-03	-9.9151949301534855e-05
 7.6085447079127788e-01	 8.5107145993562200e-03	-9.9151954597282921e-05
 7.6699039394282054e-01	 8.4887797737812371e-03	-9.9151959114613265e-05
 7.7312631709436319e-01	 8.4668449473272751e-03	-9.9151962967992754e-05
 7.7926224024590574e-01	 8.4449101201263706e-03	-9.9151966255006630e-05
 7.8539816339744839e-01	 8.4229752922849784e-03	-9.9151969059133678e-05
 7.9153408654899082e-01	 8.4010404639009162e-03	-9.9151971450397040e-05
 7.9767000970053337e-01	 8.3791056350504961e-03	-9.9151973491412224e-05
 8.0380593285207591e-01	 8.3571708058047985e-03	-9.9151975231026983e-05
 8.0994185600361845e-01	 8.3352359762205730e-03	-9.9151976716135420e-05
 8.1607777915516100e-01	 8.3133011463480816e-03	-9.9151977982279497e-05
 8.2221370230670354e-01	 8.2913663162293583e-03	-9.9151979062572253e-05
 8.2834962545824620e-01	 8.2694314859012522e-03	-9.9151979984046115e-05
 8.3448554860978885e-01	 8.2474966553934669e-03	-9.9151980770084829e-05
 8.4062147176133140e-01	 8.2255618247337528e-03	-9.9151981440628216e-05
 8.4675739491287394e-01	 8.2036269939428762e-03	-9.9151982012488267e-05
 8.5289331806441637e-01	 8.1816921630420703e-03	-9.9151982500450653e-05
 8.5902924121595903e-01	 8.1597573320449854e-03	-9.9151982916724697e-05
 8.6516516436750157e-01	 8.1378225009686948e-03	-9.9151983271401800e-05
 8.7130108751904423e-01	 8.1158876698219432e-03	-9.9151983574754873e-05
 8.7743701067058666e-01	 8.0939528386175016e-03	-9.9151983832505318e-05
 8.8357293382212931e-01	 8.0720180073621042e-03	-9.9151984053375529e-05
 8.8970885697367186e-01	 8.0500831760644143e-03	-9.9151984240914004e-05
 8.9584478012521440e-01	 8.0281483447298546e-03	-9.9151984401596642e-05
 9.0198070327675706e-01	 8.0062135133643891e-03	-9.9151984538140738e-05
 9.0811662642829971e-01	 7.9842786819721481e-03	-9.9151984654883264e-05
 9.1425254957984214e-01	 7.9623438505575898e-03	-9.9151984754470283e-05
 9.2038847273138458e-01	 7.9404090191230008e-03	-9.9151984839295225e-05
 9.2652439588292723e-01	 7.9184741876729987e-03	-9.9151984911612553e-05
 9.3266031903446978e-01	 7.8965393562077015e-03	-9.9151984973736105e-05
 9.3879624218601254e-01	 7.8746045247314149e-03	-9.9151985025923553e-05
 9.4493216533755497e-01	 7.8526696932443227e-03	-9.9151985071333558e-05
 9.5106808848909752e-01	 7.8307348617487147e-03	-9.9151985109408489e-05
 9.5720401164064017e-01	 7.8088000302454826e-03	-9.9151985142206350e-05
 9.6333993479218272e-01	 7.7868651987362970e-03	-9.9151985170044894e-05
 9.6947585794372526e-01	 7.7649303672210493e-03	-9.9151985194011427e-05
 9.7561178109526792e-01	 7.7429955357018587e-03	-9.9151985214023170e-05
 9.8174770424681035e-01	 7.7210607041782175e-03	-9.9151985231657854e-05
 9.8788362739835278e-01	 7.6991258726514964e-03	-9.9151985246185038e-05
 9.9401955054989533e-01	 7.6771910411217352e-03	-9.9151985258930214e-05
 1.0001554737014380e+00	 7.6552562095897119e-03	-9.9151985269598899e-05
 1.0062913968529805e+00	 7.6333213780553598e-03	-9.9151985278813804e-05
 1.0124273200045231e+00	 7.6113865465195114e-03	-9.9151985286634114e-05
 1.0185632431560658e+00	 7.5894517149817792e-03	-9.9151985293247571e-05
 1.0246991663076084e+00	 7.5675168834432914e-03	-9.9151985299011217e-05
 1.0308350894591509e+00	 7.5455820519029259e-03	-9.9151985303876412e-05
 1.0369710126106935e+00	 7.5236472203625213e-03	-9.9151985307859947e-05
 1.0431069357622360e+00	 7.5017123888204895e-03	-9.9151985311647390e-05
 1.0492428589137786e+00	 7.4797775572783831e-03	-9.9151985314438709e-05
 1.0553787820653213e+00	 7.4578427257351804e-03	-9.9151985317122530e-05
 1.0615147052168636e+00	 7.4359078941921607e-03	-9.9151985319215189e-05
 1.0676506283684062e+00	 7.4139730626477281e-03	-9.9151985321386981e-05
 1.0737865515199487e+00	 7.3920382311039780e-03	-9.9151985322344020e-05
 1.0799224746714913e+00	 7.3701033995593407e-03	-9.9151985324556552e-05
 1.0860583978230340e+00	 7.3481685680141526e-03	-9.9151985325000627e-05
 1.0921943209745768e+00	 7.3262337364697686e-03	-9.9151985326249886e-05
 1.0983302441261191e+00	 7.3042989049240418e-03	-9.9151985327329195e-05
 1.1044661672776617e+00	 7.2823640733787479e-03	-9.9151985327604528e-05
 1.1106020904292042e+00	 7.2604292418334878e-03	-9.9151985328510013e-05
 1.1167380135807468e+00	 7.2384944102875191e-03	-9.9151985329046395e-05
 1.1228739367322893e+00	 7.2165595787418999e-03	-9.9151985329335755e-05
 1.1290098598838318e+00	 7.1946247471961159e-03	-9.9151985329752238e-05
 1.1351457830353744e+00	 7.1726899156502192e-03	-9.9151985330260051e-05
 1.1412817061869169e+00	 7.1507550841039824e-03	-9.9151985330316199e-05
 1.1474176293384595e+00	 7.1288202525584014e-03	-9.9151985330544980e-05
 1.1535535524900022e+00	 7.1068854210119990e-03	-9.9151985331061751e-05
 1.1596894756415448e+00	 7.0849505894658733e-03	-9.9151985330831480e-05
 1.1658253987930873e+00	 7.0630157579200364e-03	-9.9151985331136805e-05
 1.1719613219446299e+00	 7.0410809263735837e-03	-9.9151985331490878e-05
 1.1780972450961724e+00	 7.0191460948273426e-03	-9.9151985331166607e-05
 1.1842331682477150e+00	 6.9972112632815048e-03	-9.9151985331542703e-05
 1.1903690913992575e+00	 6.9752764317348292e-03	-9.9151985331684517e-05
 1.1965050145507998e+00	 6.9533416001887598e-03	-9.9151985331455506e-05
 1.2026409377023426e+00	 6.9314067686426541e-03	-9.9151985331719821e-05
 1.2087768608538849e+00	 6.9094719370961007e-03	-9.9151985331881381e-05
 1.2149127840054279e+00	 6.8875371055499212e-03	-9.9151985331533352e-05
 1.2210487071569704e+00	 6.8656022740038172e-03	-9.9151985331984556e-05
 1.2271846303085130e+00	 6.8436674424571693e-03	-9.9151985331782461e-05
 1.2333205534600555e+00	 6.8217326109111590e-03	-9.9151985331857650e-05
 1.2394564766115981e+00	 6.7997977793646941e-03	-9.9151985331851132e-05
 1.2455923997631406e+00	 6.7778629478184886e-03	-9.9151985332000358e-05
 1.2517283229146834e+00	 6.7559281162719803e-03	-9.9151985331825693e-05
 1.2578642460662257e+00	 6.7339932847259301e-03	-9.9151985331955716e-05
 1.2640001692177683e+00	 6.7120584531794010e-03	-9.9151985331965827e-05
 1.2701360923693108e+00	 6.6901236216331053e-03	-9.9151985332001321e-05
 1.2762720155208533e+00	 6.6681887900868417e-03	-9.9151985331762200e-05
 1.2824079386723961e+00	 6.6462539585406023e-03	-9.9151985332279432e-05
 1.2885438618239387e+00	 6.6243191269938304e-03	-9.9151985331717517e-05
 1.2946797849754810e+00	 6.6023842954482381e-03	-9.9151985332047752e-05
 1.3008157081270237e+00	 6.5804494639011522e-03	-9.9151985332109131e-05
 1.3069516312785661e+00	 6.5585146323553145e-03	-9.9151985331819229e-05
 1.3130875544301088e+00	 6.5365798008087724e-03	-9.9151985332060152e-05
 1.3192234775816516e+00	 6.5146449692625773e-03	-9.9151985332048267e-05
 1.3253594007331939e+00	 6.4927101377159312e-03	-9.9151985331950065e-05
 1.3314953238847365e+00	 6.4707753061700899e-03	-9.9151985331900395e-05
 1.3376312470362790e+00	 6.4488404746233224e-03	-9.9151985332256217e-05
 1.3437671701878215e+00	 6.4269056430770700e-03	-9.9151985331742698e-05
 1.3499030933393643e+00	 6.4049708115310466e-03	-9.9151985332077228e-05
 1.3560390164909069e+00	 6.3830359799842530e-03	-9.9151985332191598e-05
 1.3621749396424494e+00	 6.3611011484381403e-03	-9.9151985331666912e-05
 1.3683108627939919e+00	 6.3391663168920163e-03	-9.9151985332299571e-05
 1.3744467859455345e+00	 6.3172314853451308e-03	-9.9151985331898145e-05
 1.3805827090970770e+00	 6.2952966537993763e-03	-9.9151985331950851e-05
 1.3867186322486196e+00	 6.2733618222526669e-03	-9.9151985332101799e-05
 1.3928545554001621e+00	 6.2514269907064613e-03	-9.9151985332006294e-05
 1.3989904785517047e+00	 6.2294921591600537e-03	-9.9151985331900124e-05
 1.4051264017032472e+00	 6.2075573276139254e-03	-9.9151985332149165e-05
 1.4112623248547900e+00	 6.1856224960671795e-03	-9.9151985331950905e-05
 1.4173982480063327e+00	 6.1636876645213235e-03	-9.9151985331944685e-05
 1.4235341711578751e+00	 6.1417528329746297e-03	-9.9151985332148366e-05
 1.4296700943094176e+00	 6.1198180014283982e-03	-9.9151985331914164e-05
 1.4358060174609601e+00	 6.0978831698821553e-03	-9.9151985331972386e-05
 1.4419419406125029e+00	 6.0759483383357113e-03	-9.9151985332196870e-05
 1.4480778637640452e+00	 6.0540135067892742e-03	-9.9151985331760099e-05
 1.4542137869155878e+00	 6.0320786752433402e-03	-9.9151985332200177e-05
 1.4603497100671303e+00	 6.0101438436963714e-03	-9.9151985331980287e-05
 1.4664856332186729e+00	 5.9882090121506654e-03	-9.9151985331883752e-05
 1.4726215563702154e+00	 5.9662741806039213e-03	-9.9151985332200543e-05
 1.4787574795217582e+00	 5.9443393490576767e-03	-9.9151985331894405e-05
 1.4848934026733007e+00	 5.9224045175114409e-03	-9.9151985331974920e-05
 1.4910293258248433e+00	 5.9004696859650280e-03	-9.9151985332180878e-05
 1.4971652489763858e+00	 5.8785348544185536e-03	-9.9151985331809674e-05
 1.5033011721279284e+00	 5.8566000228725892e-03	-9.9151985332142917e-05
 1.5094370952794709e+00	 5.8346651913257610e-03	-9.9151985331983648e-05
 1.5155730184310134e+00	 5.8127303597798712e-03	-9.9151985331979203e-05
 1.5217089415825558e+00	 5.7907955282331981e-03	-9.9151985332034863e-05
 1.5278448647340985e+00	 5.7688606966871244e-03	-9.9151985332026081e-05
 1.5339807878856411e+00	 5.7469258651405017e-03	-9.9151985331982672e-05
 1.5401167110371838e+00	 5.7249910335945026e-03	-9.9151985332010821e-05
 1.5462526341887264e+00	 5.7030562020478157e-03	-9.9151985332053769e-05
 1.5523885573402689e+00	 5.6811213705017689e-03	-9.9151985331952247e-05
 1.5585244804918115e+00	 5.6591865389552156e-03	-9.9151985332055327e-05
 1.5646604036433540e+00	 5.6372517074090474e-03	-9.9151985331986670e-05
 1.5707963267948966e+00	 5.6153168758625591e-03	-9.9151985332032031e-05
 1.5769322499464391e+00	 5.5933820443163293e-03	-9.9151985331993880e-05
 1.5830681730979816e+00	 5.5714472127699590e-03	-9.9151985331983648e-05
 1.5892040962495240e+00	 5.5495123812235947e-03	-9.9151985332132943e-05
 1.5953400194010667e+00	 5.5275775496772244e-03	-9.9151985331788180e-05
 1.6014759425526093e+00	 5.5056427181311273e-03	-9.9151985332262532e-05
 1.6076118657041520e+00	 5.4837078865842808e-03	-9.9151985331837443e-05
 1.6137477888556946e+00	 5.4617730550386174e-03	-9.9151985332040162e-05
 1.6198837120072371e+00	 5.4398382234916390e-03	-9.9151985332097218e-05
 1.6260196351587797e+00	 5.4179033919457545e-03	-9.9151985331903214e-05
 1.6321555583103224e+00	 5.3959685603991499e-03	-9.9151985332056005e-05
 1.6382914814618650e+00	 5.3740337288530095e-03	-9.9151985332041368e-05
 1.6444274046134073e+00	 5.3520988973064188e-03	-9.9151985331948601e-05
 1.6505633277649499e+00	 5.3301640657604267e-03	-9.9151985332058201e-05
 1.6566992509164924e+00	 5.3082292342136843e-03	-9.9151985331984109e-05
 1.6628351740680349e+00	 5.2862944026677745e-03	-9.9151985332030743e-05
 1.6689710972195775e+00	 5.2643595711209645e-03	-9.9151985332005427e-05
 1.6751070203711202e+00	 5.2424247395751631e-03	-9.9151985331955811e-05
 1.6812429435226628e+00	 5.2204899080282759e-03	-9.9151985332160454e-05
 1.6873788666742053e+00	 5.1985550764823626e-03	-9.9151985331797829e-05
 1.6935147898257479e+00	 5.1766202449358336e-03	-9.9151985332188644e-05
 1.6996507129772904e+00	 5.1546854133894928e-03	-9.9151985331957817e-05
 1.7057866361288330e+00	 5.1327505818431624e-03	-9.9151985331937773e-05
 1.7119225592803755e+00	 5.1108157502970011e-03	-9.9151985332111150e-05
 1.7180584824319181e+00	 5.0888809187502699e-03	-9.9151985331994314e-05
 1.7241944055834606e+00	 5.0669460872043862e-03	-9.9151985331915005e-05
 1.7303303287350031e+00	 5.0450112556577227e-03	-9.9151985332139584e-05
 1.7364662518865459e+00	 5.0230764241115311e-03	-9.9151985331951908e-05
 1.7426021750380882e+00	 5.0011415925650957e-03	-9.9151985331972494e-05
 1.7487380981896310e+00	 4.9792067610189769e-03	-9.9151985332066386e-05
 1.7548740213411735e+00	 4.9572719294722631e-03	-9.9151985332039444e-05
 1.7610099444927161e+00	 4.9353370979263057e-03	-9.9151985331875526e-05
 1.7671458676442586e+00	 4.9134022663797836e-03	-9.9151985332153109e-05
 1.7732817907958012e+00	 4.8914674348333820e-03	-9.9151985331993541e-05
 1.7794177139473437e+00	 4.8695326032871791e-03	-9.9151985331845643e-05
 1.7855536370988863e+00	 4.8475977717409016e-03	-9.9151985332277806e-05
 1.7916895602504286e+00	 4.8256629401941609e-03	-9.9151985331783789e-05
 1.7978254834019713e+00	 4.8037281086484914e-03	-9.9151985332095213e-05
 1.8039614065535141e+00	 4.7817932771014315e-03	-9.9151985332047196e-05
 1.8100973297050564e+00	 4.7598584455557039e-03	-9.9151985331944536e-05
 1.8162332528565992e+00	 4.7379236140088566e-03	-9.9151985332028764e-05
 1.8223691760081417e+00	 4.7159887824630691e-03	-9.9151985332018072e-05
 1.8285050991596843e+00	 4.6940539509160257e-03	-9.9151985332063594e-05
 1.8346410223112268e+00	 4.6721191193705072e-03	-9.9151985331817765e-05
 1.8407769454627694e+00	 4.6501842878234109e-03	-9.9151985332330159e-05
 1.8469128686143119e+00	 4.6282494562776095e-03	-9.9151985331649009e-05
 1.8530487917658545e+00	 4.6063146247309764e-03	-9.9151985332316701e-05
 1.8591847149173970e+00	 4.5843797931848108e-03	-9.9151985331779737e-05
 1.8653206380689393e+00	 4.5624449616382800e-03	-9.9151985332218988e-05
 1.8714565612204823e+00	 4.5405101300921916e-03	-9.9151985331743131e-05
 1.8775924843720246e+00	 4.5185752985456495e-03	-9.9151985332354256e-05
 1.8837284075235674e+00	 4.4966404669993104e-03	-9.9151985331653834e-05
 1.8898643306751099e+00	 4.4747056354532489e-03	-9.9151985332264904e-05
 1.8960002538266525e+00	 4.4527708039064605e-03	-9.9151985331930509e-05
 1.9021361769781950e+00	 4.4308359723605204e-03	-9.9151985331933531e-05
 1.9082721001297376e+00	 4.4089011408140382e-03	-9.9151985332133038e-05
 1.9144080232812801e+00	 4.3869663092675499e-03	-9.9151985331965515e-05
 1.9205439464328224e+00	 4.3650314777215196e-03	-9.9151985331910681e-05
 1.9266798695843652e+00	 4.3430966461749420e-03	-9.9151985332215586e-05
 1.9328157927359080e+00	 4.3211618146286072e-03	-9.9151985331804213e-05
 1.9389517158874505e+00	 4.2992269830825118e-03	-9.9151985332106177e-05
 1.9450876390389933e+00	 4.2772921515358284e-03	-9.9151985332063418e-05
 1.9512235621905356e+00	 4.2553573199897356e-03	-9.9151985331848800e-05
 1.9573594853420782e+00	 4.2334224884433896e-03	-9.9151985332181041e-05
 1.9634954084936207e+00	 4.2114876568968285e-03	-9.9151985331911345e-05
 1.9696313316451632e+00	 4.1895528253508155e-03	-9.9151985332007419e-05
 1.9757672547967058e+00	 4.1676179938042032e-03	-9.9151985332068866e-05
 1.9819031779482483e+00	 4.1456831622580063e-03	-9.9151985331965786e-05
 1.9880391010997909e+00	 4.1237483307116300e-03	-9.9151985331979284e-05
 1.9941750242513334e+00	 4.1018134991653498e-03	-9.9151985332114254e-05
 2.0003109474028760e+00	 4.0798786676188087e-03	-9.9151985331882424e-05
 2.0064468705544187e+00	 4.0579438360728729e-03	-9.9151985332079912e-05
 2.0125827937059610e+00	 4.0360090045259908e-03	-9.9151985332051655e-05
 2.0187187168575038e+00	 4.0140741729801973e-03	-9.9151985331849031e-05
 2.0248546400090461e+00	 3.9921393414334644e-03	-9.9151985332235373e-05
 2.0309905631605889e+00	 3.9702045098872919e-03	-9.9151985331798439e-05
 2.0371264863121317e+00	 3.9482696783409901e-03	-9.9151985332133173e-05
 2.0432624094636740e+00	 3.9263348467945278e-03	-9.9151985332000087e-05
 2.0493983326152168e+00	 3.9044000152482546e-03	-9.9151985331929208e-05
 2.0555342557667591e+00	 3.8824651837020222e-03	-9.9151985332115433e-05
 2.0616701789183018e+00	 3.8605303521553821e-03	-9.9151985331946582e-05
 2.0678061020698442e+00	 3.8385955206094845e-03	-9.9151985331984122e-05
 2.0739420252213869e+00	 3.8166606890626762e-03	-9.9151985332125963e-05
 2.0800779483729293e+00	 3.7947258575167309e-03	-9.9151985331833269e-05
 2.0862138715244720e+00	 3.7727910259701398e-03	-9.9151985332195948e-05
 2.0923497946760143e+00	 3.7508561944239187e-03	-9.9151985331854100e-05
 2.0984857178275571e+00	 3.7289213628775471e-03	-9.9151985332112844e-05
 2.1046216409790999e+00	 3.7069865313312258e-03	-9.9151985331952925e-05
 2.1107575641306422e+00	 3.6850516997848333e-03	-9.9151985332040650e-05
 2.1168934872821850e+00	 3.6631168682386113e-03	-9.9151985331978105e-05
 2.1230294104337273e+00	 3.6411820366921100e-03	-9.9151985332058241e-05
 2.1291653335852700e+00	 3.6192472051459535e-03	-9.9151985331938586e-05
 2.1353012567368124e+00	 3.5973123735994457e-03	-9.9151985332095741e-05
 2.1414371798883551e+00	 3.5753775420532463e-03	-9.9151985331919802e-05
 2.1475731030398975e+00	 3.5534427105068031e-03	-9.9151985332092272e-05
 2.1537090261914402e+00	 3.5315078789605425e-03	-9.9151985331941039e-05
 2.1598449493429825e+00	 3.5095730474141431e-03	-9.9151985332061616e-05
 2.1659808724945253e+00	 3.4876382158678626e-03	-9.9151985331976438e-05
 2.1721167956460681e+00	 3.4657033843214606e-03	-9.9151985332021446e-05
 2.1782527187976104e+00	 3.4437685527752122e-03	-9.9151985332020037e-05
 2.1843886419491532e+00	 3.4218337212287334e-03	-9.9151985331983499e-05
 2.1905245651006955e+00	 3.3998988896826164e-03	-9.9151985332034484e-05
 2.1966604882522383e+00	 3.3779640581359633e-03	-9.9151985332012894e-05
 2.2027964114037806e+00	 3.3560292265900188e-03	-9.9151985331951068e-05
 2.2089323345553233e+00	 3.3340943950432526e-03	-9.9151985332138770e-05
 2.2150682577068657e+00	 3.3121595634973051e-03	-9.9151985331814635e-05
 2.2212041808584084e+00	 3.2902247319506854e-03	-9.9151985332243355e-05
 2.2273401040099512e+00	 3.2682899004044799e-03	-9.9151985331776823e-05
 2.2334760271614935e+00	 3.2463550688581599e-03	-9.9151985332202088e-05
 2.2396119503130363e+00	 3.2244202373116972e-03	-9.9151985331884227e-05
 2.2457478734645786e+00	 3.2024854057655177e-03	-9.9151985332061494e-05
 2.2518837966161214e+00	 3.1805505742190580e-03	-9.9151985332018234e-05
 2.2580197197676637e+00	 3.1586157426727489e-03	-9.9151985331970177e-05
 2.2641556429192065e+00	 3.1366809111265004e-03	-9.9151985332045759e-05
 2.2702915660707488e+00	 3.1147460795799644e-03	-9.9151985332008056e-05
 2.2764274892222915e+00	 3.0928112480338864e-03	-9.9151985331961883e-05
 2.2825634123738339e+00	 3.0708764164872919e-03	-9.9151985332102016e-05
 2.2886993355253766e+00	 3.0489415849411540e-03	-9.9151985331898850e-05
 2.2948352586769194e+00	 3.0270067533946926e-03	-9.9151985332105960e-05
 2.3009711818284617e+00	 3.0050719218484229e-03	-9.9151985331956123e-05
 2.3071071049800045e+00	 2.9831370903020092e-03	-9.9151985332017570e-05
 2.3132430281315468e+00	 2.9612022587558223e-03	-9.9151985332026623e-05
 2.3193789512830896e+00	 2.9392674272092122e-03	-9.9151985332010021e-05
 2.3255148744346319e+00	 2.9173325956632652e-03	-9.9151985331950837e-05
 2.3316507975861747e+00	 2.8953977641164742e-03	-9.9151985332152011e-05
 2.3377867207377170e+00	 2.8734629325705644e-03	-9.9151985331789196e-05
 2.3439226438892597e+00	 2.8515281010239027e-03	-9.9151985332280435e-05
 2.3500585670408021e+00	 2.8295932694777357e-03	-9.9151985331732710e-05
 2.3561944901923448e+00	 2.8076584379313776e-03	-9.9151985332256013e-05
 2.3623304133438876e+00	 2.7857236063849500e-03	-9.9151985331818958e-05
 2.3684663364954299e+00	 2.7637887748387518e-03	-9.9151985332142552e-05
 2.3746022596469727e+00	 2.7418539432922809e-03	-9.9151985331926389e-05
 2.3807381827985150e+00	 2.7199191117460277e-03	-9.9151985332062944e-05
 2.3868741059500578e+00	 2.6979842801996713e-03	-9.9151985331971925e-05
 2.3930100291016001e+00	 2.6760494486532797e-03	-9.9151985332048307e-05
 2.3991459522531429e+00	 2.6541146171070642e-03	-9.9151985331960121e-05
 2.4052818754046852e+00	 2.6321797855605377e-03	-9.9151985332086268e-05
 2.4114177985562280e+00	 2.6102449540144376e-03	-9.9151985331896641e-05
 2.4175537217077703e+00	 2.5883101224678379e-03	-9.9151985332172787e-05
 2.4236896448593130e+00	 2.5663752909217494e-03	-9.9151985331796921e-05
 2.4298255680108558e+00	 2.5444404593752191e-03	-9.9151985332268969e-05
 2.4359614911623981e+00	 2.5225056278289758e-03	-9.9151985331725147e-05
 2.4420974143139409e+00	 2.5005707962826619e-03	-9.9151985332299151e-05
 2.4482333374654832e+00	 2.4786359647361749e-03	-9.9151985331744514e-05
 2.4543692606170260e+00	 2.4567011331900926e-03	-9.9151985332234045e-05
 2.4605051837685683e+00	 2.4347663016434269e-03	-9.9151985331841265e-05
 2.4666411069201111e+00	 2.4128314700974430e-03	-9.9151985332125150e-05
 2.4727770300716534e+00	 2.3908966385507622e-03	-9.9151985331943099e-05
 2.4789129532231962e+00	 2.3689618070047245e-03	-9.9151985332045922e-05
 2.4850488763747385e+00	 2.3470269754581460e-03	-9.9151985331992159e-05
 2.4911847995262812e+00	 2.3250921439119843e-03	-9.9151985332029090e-05
 2.4973207226778240e+00	 2.3031573123655212e-03	-9.9151985331981507e-05
 2.5034566458293663e+00	 2.2812224808192749e-03	-9.9151985332058160e-05
 2.5095925689809091e+00	 2.2592876492728477e-03	-9.9151985331946392e-05
 2.5157284921324514e+00	 2.2373528177266240e-03	-9.9151985332084276e-05
 2.5218644152839942e+00	 2.2154179861801305e-03	-9.9151985331943533e-05
 2.5280003384355365e+00	 2.1934831546339914e-03	-9.9151985332055463e-05
 2.5341362615870793e+00	 2.1715483230874263e-03	-9.9151985332003814e-05
 2.5402721847386216e+00	 2.1496134915413071e-03	-9.9151985331976506e-05
 2.5464081078901644e+00	 2.1276786599947997e-03	-9.9151985332079193e-05
 2.5525440310417071e+00	 2.1057438284485422e-03	-9.9151985331929506e-05
 2.5586799541932495e+00	 2.0838089969022269e-03	-9.9151985332078407e-05
 2.5648158773447922e+00	 2.0618741653557720e-03	-9.9151985331982388e-05
 2.5709518004963345e+00	 2.0399393338096047e-03	-9.9151985331986833e-05
 2.5770877236478773e+00	 2.0180045022630956e-03	-9.9151985332085631e-05
 2.5832236467994196e+00	 1.9960696707168792e-03	-9.9151985331902889e-05
 2.5893595699509624e+00	 1.9741348391704963e-03	-9.9151985332126695e-05
 2.5954954931025047e+00	 1.9522000076241232e-03	-9.9151985331910790e-05
 2.6016314162540475e+00	 1.9302651760778717e-03	-9.9151985332081403e-05
 2.6077673394055898e+00	 1.9083303445314339e-03	-9.9151985331968537e-05
 2.6139032625571326e+00	 1.8863955129851753e-03	-9.9151985332037303e-05
 2.6200391857086753e+00	 1.8644606814387913e-03	-9.9151985331981941e-05
 2.6261751088602177e+00	 1.8425258498924741e-03	-9.9151985332053471e-05
 2.6323110320117604e+00	 1.8205910183461142e-03	-9.9151985331952518e-05
 2.6384469551633027e+00	 1.7986561867998269e-03	-9.9151985332071455e-05
 2.6445828783148455e+00	 1.7767213552533937e-03	-9.9151985331965976e-05
 2.6507188014663878e+00	 1.7547865237071845e-03	-9.9151985332021256e-05
 2.6568547246179306e+00	 1.7328516921607212e-03	-9.9151985332038712e-05
 2.6629906477694729e+00	 1.7109168606144534e-03	-9.9151985331954808e-05
 2.6691265709210157e+00	 1.6889820290681362e-03	-9.9151985332067362e-05
 2.6752624940725580e+00	 1.6670471975216781e-03	-9.9151985331983662e-05
 2.6813984172241008e+00	 1.6451123659755318e-03	-9.9151985331982862e-05
 2.6875343403756435e+00	 1.6231775344289871e-03	-9.9151985332099075e-05
 2.6936702635271859e+00	 1.6012427028827985e-03	-9.9151985331876786e-05
 2.6998061866787286e+00	 1.5793078713364221e-03	-9.9151985332155738e-05
 2.7059421098302709e+00	 1.5573730397899920e-03	-9.9151985331895489e-05
 2.7120780329818137e+00	 1.5354382082438491e-03	-9.9151985332060410e-05
 2.7182139561333560e+00	 1.5135033766972808e-03	-9.9151985332042696e-05
 2.7243498792848988e+00	 1.4915685451511174e-03	-9.9151985331906209e-05
 2.7304858024364411e+00	 1.4696337136047418e-03	-9.9151985332154464e-05
 2.7366217255879839e+00	 1.4476988820582536e-03	-9.9151985331875323e-05
 2.7427576487395262e+00	 1.4257640505122545e-03	-9.9151985332088843e-05
 2.7488935718910690e+00	 1.4038292189654353e-03	-9.9151985332027003e-05
 2.7550294950426117e+00	 1.3818943874196359e-03	-9.9151985331886395e-05
 2.7611654181941541e+00	 1.3599595558727914e-03	-9.9151985332233394e-05
 2.7673013413456968e+00	 1.3380247243268476e-03	-9.9151985331719848e-05
 2.7734372644972392e+00	 1.3160898927802771e-03	-9.9151985332330742e-05
 2.7795731876487819e+00	 1.2941550612339998e-03	-9.9151985331697487e-05
 2.7857091108003242e+00	 1.2722202296877442e-03	-9.9151985332290748e-05
 2.7918450339518670e+00	 1.2502853981412247e-03	-9.9151985331772527e-05
 2.7979809571034093e+00	 1.2283505665951185e-03	-9.9151985332209691e-05
 2.8041168802549521e+00	 1.2064157350485283e-03	-9.9151985331837931e-05
 2.8102528034064944e+00	 1.1844809035024516e-03	-9.9151985332167312e-05
 2.8163887265580372e+00	 1.1625460719558386e-03	-9.9151985331863058e-05
 2.8225246497095799e+00	 1.1406112404098053e-03	-9.9151985332143202e-05
 2.8286605728611223e+00	 1.1186764088631190e-03	-9.9151985331902468e-05
 2.8347964960126650e+00	 1.0967415773171689e-03	-9.9151985332076822e-05
 2.8409324191642074e+00	 1.0748067457704252e-03	-9.9151985331995114e-05
 2.8470683423157501e+00	 1.0528719142244736e-03	-9.9151985331971532e-05
 2.8532042654672924e+00	 1.0309370826778149e-03	-9.9151985332091404e-05
 2.8593401886188352e+00	 1.0090022511316937e-03	-9.9151985331907835e-05
 2.8654761117703775e+00	 9.8706741958526031e-04	-9.9151985332105499e-05
 2.8716120349219203e+00	 9.6513258803890170e-04	-9.9151985331948005e-05
 2.8777479580734626e+00	 9.4319775649266539e-04	-9.9151985332021012e-05
 2.8838838812250054e+00	 9.2126292494619445e-04	-9.9151985332054609e-05
 2.8900198043765482e+00	 8.9932809339996346e-04	-9.9151985331920520e-05
 2.8961557275280905e+00	 8.7739326185358707e-04	-9.9151985332124391e-05
 2.9022916506796332e+00	 8.5545843030720103e-04	-9.9151985331897535e-05
 2.9084275738311756e+00	 8.3352359876099030e-04	-9.9151985332098330e-05
 2.9145634969827183e+00	 8.1158876721447535e-04	-9.9151985331961327e-05
 2.9206994201342606e+00	 7.8965393566831905e-04	-9.9151985332018939e-05
 2.9268353432858034e+00	 7.6771910412183565e-04	-9.9151985332031678e-05
 2.9329712664373457e+00	 7.4578427257557364e-04	-9.9151985331979799e-05
 2.9391071895888885e+00	 7.2384944102924138e-04	-9.9151985332029754e-05
 2.9452431127404308e+00	 7.0191460948282487e-04	-9.9151985332020741e-05
 2.9513790358919736e+00	 6.7997977793660634e-04	-9.9151985331962384e-05
 2.9575149590435164e+00	 6.5804494639014159e-04	-9.9151985332096215e-05
 2.9636508821950587e+00	 6.3611011484390626e-04	-9.9151985331897061e-05
 2.9697868053466014e+00	 6.1417528329751154e-04	-9.9151985332139949e-05
 2.9759227284981438e+00	 5.9224045175117830e-04	-9.9151985331877911e-05
 2.9820586516496865e+00	 5.7030562020487759e-04	-9.9151985332138472e-05
 2.9881945748012289e+00	 5.4837078865847268e-04	-9.9151985331891342e-05
 2.9943304979527716e+00	 5.2643595711221436e-04	-9.9151985332123592e-05
 3.0004664211043139e+00	 5.0450112556579374e-04	-9.9151985331898769e-05
 3.0066023442558567e+00	 4.8256629401953726e-04	-9.9151985332128132e-05
 3.0127382674073995e+00	 4.6063146247311100e-04	-9.9151985331883630e-05
 3.0188741905589418e+00	 4.3869663092688238e-04	-9.9151985332147796e-05
 3.0250101137104846e+00	 4.1676179938039887e-04	-9.9151985331868994e-05
 3.0311460368620269e+00	 3.9482696783425168e-04	-9.9151985332147986e-05
 3.0372819600135696e+00	 3.7289213628766929e-04	-9.9151985331889865e-05
 3.0434178831651120e+00	 3.5095730474161854e-04	-9.9151985332104604e-05
 3.0495538063166547e+00	 3.2902247319497034e-04	-9.9151985331950715e-05
 3.0556897294681971e+00	 3.0708764164894063e-04	-9.9151985332036693e-05
 3.0618256526197398e+00	 2.8515281010232409e-04	-9.9151985332013694e-05
 3.0679615757712821e+00	 2.6321797855621224e-04	-9.9151985331990370e-05
 3.0740974989228249e+00	 2.4128314700971328e-04	-9.9151985332035365e-05
 3.0802334220743677e+00	 2.1934831546346662e-04	-9.9151985331996767e-05
 3.0863693452259100e+00	 1.9741348391709337e-04	-9.9151985332004194e-05
 3.0925052683774528e+00	 1.7547865237074875e-04	-9.9151985332046139e-05
 3.0986411915289951e+00	 1.5354382082443578e-04	-9.9151985331945525e-05
 3.1047771146805379e+00	 1.3160898927807490e-04	-9.9151985332104632e-05
 3.1109130378320802e+00	 1.0967415773174014e-04	-9.9151985331893022e-05
 3.1170489609836229e+00	 8.7739326185430101e-05	-9.9151985332145194e-05
 3.1231848841351653e+00	 6.5804494639024871e-05	-9.9151985331863966e-05
 3.1293208072867080e+00	 4.3869663092794848e-05	-9.9151985332165306e-05
 3.1354567304382504e+00	 2.1934831546306568e-05	-9.9151985331853164e-05
