%# 1. u 2. x_tilde 3. y 
%# N = 1024	L =  0.0000000000000000e+00
%# H/L =  4.2719097496006286e-04	c =  1.4999999999999999e-01	h = 2.000000e-02	y0 = 0.000000e+00

-3.1415926535897931e+00	 1.5822560444461531e-16	-5.6071121414200965e-05
-3.1354567304382504e+00	-1.5824840036100579e-05	-5.6071121414368650e-05
-3.1293208072867080e+00	-3.1649680072519913e-05	-5.6071121414202164e-05
-3.1231848841351653e+00	-4.7474520108763824e-05	-5.6071121414367498e-05
-3.1170489609836229e+00	-6.3299360145198554e-05	-5.6071121414202889e-05
-3.1109130378320802e+00	-7.9124200181426851e-05	-5.6071121414366278e-05
-3.1047771146805379e+00	-9.4949040217877194e-05	-5.6071121414204739e-05
-3.0986411915289951e+00	-1.1077388025408988e-04	-5.6071121414364544e-05
-3.0925052683774528e+00	-1.2659872029055497e-04	-5.6071121414206677e-05
-3.0863693452259100e+00	-1.4242356032675204e-04	-5.6071121414362050e-05
-3.0802334220743677e+00	-1.5824840036323361e-04	-5.6071121414209157e-05
-3.0740974989228249e+00	-1.7407324039941463e-04	-5.6071121414359048e-05
-3.0679615757712821e+00	-1.8989808043591268e-04	-5.6071121414212349e-05
-3.0618256526197398e+00	-2.0572292047207766e-04	-5.6071121414355470e-05
-3.0556897294681971e+00	-2.2154776050859219e-04	-5.6071121414216435e-05
-3.0495538063166547e+00	-2.3737260054473895e-04	-5.6071121414350842e-05
-3.0434178831651120e+00	-2.5319744058127083e-04	-5.6071121414221469e-05
-3.0372819600135696e+00	-2.6902228061740068e-04	-5.6071121414345394e-05
-3.0311460368620269e+00	-2.8484712065394990e-04	-5.6071121414227582e-05
-3.0250101137104846e+00	-3.0067196069006284e-04	-5.6071121414338618e-05
-3.0188741905589418e+00	-3.1649680072662854e-04	-5.6071121414234832e-05
-3.0127382674073995e+00	-3.3232164076272500e-04	-5.6071121414330771e-05
-3.0066023442558567e+00	-3.4814648079930675e-04	-5.6071121414243343e-05
-3.0004664211043139e+00	-3.6397132083538846e-04	-5.6071121414321528e-05
-2.9943304979527716e+00	-3.7979616087198496e-04	-5.6071121414252999e-05
-2.9881945748012289e+00	-3.9562100090805236e-04	-5.6071121414311079e-05
-2.9820586516496865e+00	-4.1144584094466143e-04	-5.6071121414264079e-05
-2.9759227284981438e+00	-4.2727068098071625e-04	-5.6071121414299634e-05
-2.9697868053466014e+00	-4.4309552101733790e-04	-5.6071121414276357e-05
-2.9636508821950587e+00	-4.5892036105338319e-04	-5.6071121414287070e-05
-2.9575149590435164e+00	-4.7474520109001220e-04	-5.6071121414289158e-05
-2.9513790358919736e+00	-4.9057004112605012e-04	-5.6071121414273233e-05
-2.9452431127404308e+00	-5.0639488116268467e-04	-5.6071121414303157e-05
-2.9391071895888885e+00	-5.2221972119871824e-04	-5.6071121414259444e-05
-2.9329712664373457e+00	-5.3804456123535582e-04	-5.6071121414317584e-05
-2.9268353432858034e+00	-5.5386940127138951e-04	-5.6071121414244658e-05
-2.9206994201342606e+00	-5.6969424130802633e-04	-5.6071121414332241e-05
-2.9145634969827183e+00	-5.8551908134406208e-04	-5.6071121414229716e-05
-2.9084275738311756e+00	-6.0134392138069500e-04	-5.6071121414346722e-05
-2.9022916506796332e+00	-6.1716876141673519e-04	-5.6071121414215188e-05
-2.8961557275280905e+00	-6.3299360145335922e-04	-5.6071121414361061e-05
-2.8900198043765482e+00	-6.4881844148941112e-04	-5.6071121414201100e-05
-2.8838838812250054e+00	-6.6464328152602377e-04	-5.6071121414374884e-05
-2.8777479580734626e+00	-6.8046812156208987e-04	-5.6071121414187744e-05
-2.8716120349219203e+00	-6.9629296159868658e-04	-5.6071121414387867e-05
-2.8654761117703775e+00	-7.1211780163476796e-04	-5.6071121414175242e-05
-2.8593401886188352e+00	-7.2794264167134809e-04	-5.6071121414399916e-05
-2.8532042654672924e+00	-7.4376748170744758e-04	-5.6071121414163810e-05
-2.8470683423157501e+00	-7.5959232174400721e-04	-5.6071121414410744e-05
-2.8409324191642074e+00	-7.7541716178012882e-04	-5.6071121414153632e-05
-2.8347964960126650e+00	-7.9124200181666677e-04	-5.6071121414420468e-05
-2.8286605728611223e+00	-8.0706684185281332e-04	-5.6071121414144762e-05
-2.8225246497095799e+00	-8.2289168188932503e-04	-5.6071121414428735e-05
-2.8163887265580372e+00	-8.3871652192549499e-04	-5.6071121414137186e-05
-2.8102528034064944e+00	-8.5454136196198296e-04	-5.6071121414435681e-05
-2.8041168802549521e+00	-8.7036620199817808e-04	-5.6071121414130952e-05
-2.7979809571034093e+00	-8.8619104203463948e-04	-5.6071121414441291e-05
-2.7918450339518670e+00	-9.0201588207086290e-04	-5.6071121414125924e-05
-2.7857091108003242e+00	-9.1784072210729622e-04	-5.6071121414445581e-05
-2.7795731876487819e+00	-9.3366556214354664e-04	-5.6071121414121987e-05
-2.7734372644972392e+00	-9.4949040217995404e-04	-5.6071121414448434e-05
-2.7673013413456968e+00	-9.6531524221623037e-04	-5.6071121414119243e-05
-2.7611654181941541e+00	-9.8114008225260937e-04	-5.6071121414450324e-05
-2.7550294950426117e+00	-9.9696492228891400e-04	-5.6071121414118179e-05
-2.7488935718910690e+00	-1.0127897623252652e-03	-5.6071121414451185e-05
-2.7427576487395262e+00	-1.0286146023616002e-03	-5.6071121414118091e-05
-2.7366217255879839e+00	-1.0444394423979220e-03	-5.6071121414450771e-05
-2.7304858024364411e+00	-1.0602642824342836e-03	-5.6071121414119141e-05
-2.7243498792848988e+00	-1.0760891224705798e-03	-5.6071121414449403e-05
-2.7182139561333560e+00	-1.0919139625069684e-03	-5.6071121414121208e-05
-2.7120780329818137e+00	-1.1077388025432357e-03	-5.6071121414446889e-05
-2.7059421098302709e+00	-1.1235636425796524e-03	-5.6071121414124725e-05
-2.6998061866787286e+00	-1.1393884826158907e-03	-5.6071121414443006e-05
-2.6936702635271859e+00	-1.1552133226523376e-03	-5.6071121414129448e-05
-2.6875343403756435e+00	-1.1710381626885476e-03	-5.6071121414437531e-05
-2.6813984172241008e+00	-1.1868630027250223e-03	-5.6071121414135831e-05
-2.6752624940725580e+00	-1.2026878427612046e-03	-5.6071121414430666e-05
-2.6691265709210157e+00	-1.2185126827977061e-03	-5.6071121414143949e-05
-2.6629906477694729e+00	-1.2343375228338629e-03	-5.6071121414422006e-05
-2.6568547246179306e+00	-1.2501623628703904e-03	-5.6071121414153781e-05
-2.6507188014663878e+00	-1.2659872029065215e-03	-5.6071121414411442e-05
-2.6445828783148455e+00	-1.2818120429430723e-03	-5.6071121414165328e-05
-2.6384469551633027e+00	-1.2976368829791809e-03	-5.6071121414398994e-05
-2.6323110320117604e+00	-1.3134617230157548e-03	-5.6071121414178549e-05
-2.6261751088602177e+00	-1.3292865630518420e-03	-5.6071121414384913e-05
-2.6200391857086753e+00	-1.3451114030884339e-03	-5.6071121414193470e-05
-2.6139032625571326e+00	-1.3609362431245043e-03	-5.6071121414369138e-05
-2.6077673394055898e+00	-1.3767610831611102e-03	-5.6071121414209699e-05
-2.6016314162540475e+00	-1.3925859231971704e-03	-5.6071121414352339e-05
-2.5954954931025047e+00	-1.4084107632337853e-03	-5.6071121414227101e-05
-2.5893595699509624e+00	-1.4242356032698371e-03	-5.6071121414334830e-05
-2.5832236467994196e+00	-1.4400604433064592e-03	-5.6071121414244787e-05
-2.5770877236478773e+00	-1.4558852833425090e-03	-5.6071121414317144e-05
-2.5709518004963345e+00	-1.4717101233791274e-03	-5.6071121414262296e-05
-2.5648158773447922e+00	-1.4875349634151840e-03	-5.6071121414299722e-05
-2.5586799541932495e+00	-1.5033598034517937e-03	-5.6071121414279054e-05
-2.5525440310417071e+00	-1.5191846434878596e-03	-5.6071121414283222e-05
-2.5464081078901644e+00	-1.5350094835244576e-03	-5.6071121414294694e-05
-2.5402721847386216e+00	-1.5508343235605400e-03	-5.6071121414268307e-05
-2.5341362615870793e+00	-1.5666591635971198e-03	-5.6071121414308741e-05
-2.5280003384355365e+00	-1.5824840036332203e-03	-5.6071121414255520e-05
-2.5218644152839942e+00	-1.5983088436697787e-03	-5.6071121414320667e-05
-2.5157284921324514e+00	-1.6141336837059038e-03	-5.6071121414244780e-05
-2.5095925689809091e+00	-1.6299585237424354e-03	-5.6071121414330269e-05
-2.5034566458293663e+00	-1.6457833637785870e-03	-5.6071121414236560e-05
-2.4973207226778240e+00	-1.6616082038150932e-03	-5.6071121414337472e-05
-2.4911847995262812e+00	-1.6774330438512706e-03	-5.6071121414230414e-05
-2.4850488763747385e+00	-1.6932578838877526e-03	-5.6071121414342256e-05
-2.4789129532231962e+00	-1.7090827239239555e-03	-5.6071121414226701e-05
-2.4727770300716534e+00	-1.7249075639604078e-03	-5.6071121414345014e-05
-2.4666411069201111e+00	-1.7407324039966402e-03	-5.6071121414224763e-05
-2.4605051837685683e+00	-1.7565572440330671e-03	-5.6071121414345814e-05
-2.4543692606170260e+00	-1.7723820840693234e-03	-5.6071121414224722e-05
-2.4482333374654832e+00	-1.7882069241057235e-03	-5.6071121414345069e-05
-2.4420974143139409e+00	-1.8040317641420068e-03	-5.6071121414225921e-05
-2.4359614911623981e+00	-1.8198566041783830e-03	-5.6071121414343015e-05
-2.4298255680108558e+00	-1.8356814442146889e-03	-5.6071121414228686e-05
-2.4236896448593130e+00	-1.8515062842510426e-03	-5.6071121414339627e-05
-2.4175537217077703e+00	-1.8673311242873704e-03	-5.6071121414232366e-05
-2.4114177985562280e+00	-1.8831559643237004e-03	-5.6071121414335202e-05
-2.4052818754046852e+00	-1.8989808043600545e-03	-5.6071121414237461e-05
-2.3991459522531429e+00	-1.9148056443963604e-03	-5.6071121414329219e-05
-2.3930100291016001e+00	-1.9306304844327344e-03	-5.6071121414243851e-05
-2.3868741059500578e+00	-1.9464553244690204e-03	-5.6071121414322111e-05
-2.3807381827985150e+00	-1.9622801645054161e-03	-5.6071121414251990e-05
-2.3746022596469727e+00	-1.9781050045416795e-03	-5.6071121414313240e-05
-2.3684663364954299e+00	-1.9939298445780969e-03	-5.6071121414261849e-05
-2.3623304133438876e+00	-2.0097546846143417e-03	-5.6071121414301938e-05
-2.3561944901923448e+00	-2.0255795246507786e-03	-5.6071121414274229e-05
-2.3500585670408021e+00	-2.0414043646870047e-03	-5.6071121414288392e-05
-2.3439226438892597e+00	-2.0572292047234537e-03	-5.6071121414288426e-05
-2.3377867207377170e+00	-2.0730540447596695e-03	-5.6071121414272441e-05
-2.3316507975861747e+00	-2.0888788847961298e-03	-5.6071121414304980e-05
-2.3255148744346319e+00	-2.1047037248323359e-03	-5.6071121414255107e-05
-2.3193789512830896e+00	-2.1205285648688015e-03	-5.6071121414322863e-05
-2.3132430281315468e+00	-2.1363534049050076e-03	-5.6071121414236838e-05
-2.3071071049800045e+00	-2.1521782449414693e-03	-5.6071121414341775e-05
-2.3009711818284617e+00	-2.1680030849776811e-03	-5.6071121414218007e-05
-2.2948352586769194e+00	-2.1838279250141336e-03	-5.6071121414360356e-05
-2.2886993355253766e+00	-2.1996527650503606e-03	-5.6071121414200104e-05
-2.2825634123738339e+00	-2.2154776050867932e-03	-5.6071121414377459e-05
-2.2764274892222915e+00	-2.2313024451230427e-03	-5.6071121414184159e-05
-2.2702915660707488e+00	-2.2471272851594510e-03	-5.6071121414392035e-05
-2.2641556429192065e+00	-2.2629521251957287e-03	-5.6071121414171196e-05
-2.2580197197676637e+00	-2.2787769652321053e-03	-5.6071121414403107e-05
-2.2518837966161214e+00	-2.2946018052684152e-03	-5.6071121414162021e-05
-2.2457478734645786e+00	-2.3104266453047562e-03	-5.6071121414410277e-05
-2.2396119503130363e+00	-2.3262514853411072e-03	-5.6071121414157095e-05
-2.2334760271614935e+00	-2.3420763253774080e-03	-5.6071121414413299e-05
-2.2273401040099512e+00	-2.3579011654137963e-03	-5.6071121414156322e-05
-2.2212041808584084e+00	-2.3737260054500584e-03	-5.6071121414412350e-05
-2.2150682577068657e+00	-2.3895508454864836e-03	-5.6071121414159202e-05
-2.2089323345553233e+00	-2.4053756855227136e-03	-5.6071121414408156e-05
-2.2027964114037806e+00	-2.4212005255591692e-03	-5.6071121414164854e-05
-2.1966604882522383e+00	-2.4370253655953693e-03	-5.6071121414401318e-05
-2.1905245651006955e+00	-2.4528502056318552e-03	-5.6071121414172721e-05
-2.1843886419491532e+00	-2.4686750456680276e-03	-5.6071121414392855e-05
-2.1782527187976104e+00	-2.4844998857045369e-03	-5.6071121414182106e-05
-2.1721167956460681e+00	-2.5003247257406862e-03	-5.6071121414382941e-05
-2.1659808724945253e+00	-2.5161495657772155e-03	-5.6071121414192542e-05
-2.1598449493429825e+00	-2.5319744058133493e-03	-5.6071121414372282e-05
-2.1537090261914402e+00	-2.5477992458498955e-03	-5.6071121414203668e-05
-2.1475731030398975e+00	-2.5636240858860114e-03	-5.6071121414360437e-05
-2.1414371798883551e+00	-2.5794489259225750e-03	-5.6071121414216184e-05
-2.1353012567368124e+00	-2.5952737659586762e-03	-5.6071121414347406e-05
-2.1291653335852700e+00	-2.6110986059952510e-03	-5.6071121414230157e-05
-2.1230294104337273e+00	-2.6269234460313414e-03	-5.6071121414332397e-05
-2.1168934872821850e+00	-2.6427482860679236e-03	-5.6071121414246000e-05
-2.1107575641306422e+00	-2.6585731261040118e-03	-5.6071121414315775e-05
-2.1046216409790999e+00	-2.6743979661405922e-03	-5.6071121414263496e-05
-2.0984857178275571e+00	-2.6902228061766831e-03	-5.6071121414297675e-05
-2.0923497946760143e+00	-2.7060476462132609e-03	-5.6071121414281832e-05
-2.0862138715244720e+00	-2.7218724862493617e-03	-5.6071121414279196e-05
-2.0800779483729293e+00	-2.7376973262859196e-03	-5.6071121414299695e-05
-2.0739420252213869e+00	-2.7535221663220455e-03	-5.6071121414262141e-05
-2.0678061020698442e+00	-2.7693470063585766e-03	-5.6071121414315253e-05
-2.0616701789183018e+00	-2.7851718463947363e-03	-5.6071121414248737e-05
-2.0555342557667591e+00	-2.8009966864312257e-03	-5.6071121414326115e-05
-2.0493983326152168e+00	-2.8168215264674280e-03	-5.6071121414240877e-05
-2.0432624094636740e+00	-2.8326463665038731e-03	-5.6071121414330710e-05
-2.0371264863121317e+00	-2.8484712065401231e-03	-5.6071121414240186e-05
-2.0309905631605889e+00	-2.8642960465765197e-03	-5.6071121414327769e-05
-2.0248546400090461e+00	-2.8801208866128169e-03	-5.6071121414247016e-05
-2.0187187168575038e+00	-2.8959457266491649e-03	-5.6071121414317496e-05
-2.0125827937059610e+00	-2.9117705666855133e-03	-5.6071121414260921e-05
-2.0064468705544187e+00	-2.9275954067218149e-03	-5.6071121414300508e-05
-2.0003109474028760e+00	-2.9434202467582011e-03	-5.6071121414280301e-05
-1.9941750242513334e+00	-2.9592450867944732e-03	-5.6071121414279129e-05
-1.9880391010997909e+00	-2.9750699268308841e-03	-5.6071121414303130e-05
-1.9819031779482483e+00	-2.9908947668671332e-03	-5.6071121414255175e-05
-1.9757672547967058e+00	-3.0067196069035584e-03	-5.6071121414327491e-05
-1.9696313316451632e+00	-3.0225444469398005e-03	-5.6071121414230645e-05
-1.9634954084936207e+00	-3.0383692869762318e-03	-5.6071121414352502e-05
-1.9573594853420782e+00	-3.0541941270124731e-03	-5.6071121414206243e-05
-1.9512235621905356e+00	-3.0700189670488974e-03	-5.6071121414376951e-05
-1.9450876390389933e+00	-3.0858438070851483e-03	-5.6071121414182032e-05
-1.9389517158874505e+00	-3.1016686471215631e-03	-5.6071121414401081e-05
-1.9328157927359080e+00	-3.1174934871578291e-03	-5.6071121414157725e-05
-1.9266798695843652e+00	-3.1333183271942235e-03	-5.6071121414425489e-05
-1.9205439464328224e+00	-3.1491431672305125e-03	-5.6071121414132877e-05
-1.9144080232812801e+00	-3.1649680072668778e-03	-5.6071121414450202e-05
-1.9082721001297376e+00	-3.1807928473032016e-03	-5.6071121414108502e-05
-1.9021361769781950e+00	-3.1966176873395257e-03	-5.6071121414473784e-05
-1.8960002538266525e+00	-3.2124425273759006e-03	-5.6071121414086351e-05
-1.8898643306751099e+00	-3.2282673674121662e-03	-5.6071121414493306e-05
-1.8837284075235674e+00	-3.2440922074486061e-03	-5.6071121414069837e-05
-1.8775924843720246e+00	-3.2599170474847988e-03	-5.6071121414505239e-05
-1.8714565612204823e+00	-3.2757418875213173e-03	-5.6071121414062722e-05
-1.8653206380689393e+00	-3.2915667275574280e-03	-5.6071121414506350e-05
-1.8591847149173970e+00	-3.3073915675940315e-03	-5.6071121414067791e-05
-1.8530487917658545e+00	-3.3232164076300538e-03	-5.6071121414494668e-05
-1.8469128686143119e+00	-3.3390412476667448e-03	-5.6071121414085931e-05
-1.8407769454627694e+00	-3.3548660877026873e-03	-5.6071121414470294e-05
-1.8346410223112268e+00	-3.3706909277394503e-03	-5.6071121414115678e-05
-1.8285050991596843e+00	-3.3865157677753274e-03	-5.6071121414435959e-05
-1.8223691760081417e+00	-3.4023406078121424e-03	-5.6071121414153029e-05
-1.8162332528565992e+00	-3.4181654478479817e-03	-5.6071121414396229e-05
-1.8100973297050564e+00	-3.4339902878848232e-03	-5.6071121414193816e-05
-1.8039614065535141e+00	-3.4498151279206469e-03	-5.6071121414355497e-05
-1.7978254834019713e+00	-3.4656399679574949e-03	-5.6071121414233328e-05
-1.7916895602504286e+00	-3.4814648079933221e-03	-5.6071121414317476e-05
-1.7855536370988863e+00	-3.4972896480301545e-03	-5.6071121414269039e-05
-1.7794177139473437e+00	-3.5131144880660068e-03	-5.6071121414283947e-05
-1.7732817907958012e+00	-3.5289393281028075e-03	-5.6071121414300108e-05
-1.7671458676442586e+00	-3.5447641681386980e-03	-5.6071121414254870e-05
-1.7610099444927161e+00	-3.5605890081754554e-03	-5.6071121414326441e-05
-1.7548740213411735e+00	-3.5764138482113927e-03	-5.6071121414231139e-05
-1.7487380981896310e+00	-3.5922386882480993e-03	-5.6071121414347040e-05
-1.7426021750380882e+00	-3.6080635282840952e-03	-5.6071121414213928e-05
-1.7364662518865459e+00	-3.6238883683207337e-03	-5.6071121414359942e-05
-1.7303303287350031e+00	-3.6397132083568029e-03	-5.6071121414206399e-05
-1.7241944055834606e+00	-3.6555380483933625e-03	-5.6071121414361149e-05
-1.7180584824319181e+00	-3.6713628884295145e-03	-5.6071121414212064e-05
-1.7119225592803755e+00	-3.6871877284659917e-03	-5.6071121414348064e-05
-1.7057866361288330e+00	-3.7030125685022217e-03	-5.6071121414232887e-05
-1.6996507129772904e+00	-3.7188374085386287e-03	-5.6071121414319942e-05
-1.6935147898257479e+00	-3.7346622485749234e-03	-5.6071121414267616e-05
-1.6873788666742053e+00	-3.7504870886112761e-03	-5.6071121414280044e-05
-1.6812429435226628e+00	-3.7663119286476068e-03	-5.6071121414311275e-05
-1.6751070203711202e+00	-3.7821367686839418e-03	-5.6071121414234629e-05
-1.6689710972195775e+00	-3.7979616087202754e-03	-5.6071121414356886e-05
-1.6628351740680349e+00	-3.8137864487566200e-03	-5.6071121414190712e-05
-1.6566992509164924e+00	-3.8296112887929276e-03	-5.6071121414398411e-05
-1.6505633277649499e+00	-3.8454361288293155e-03	-5.6071121414153192e-05
-1.6444274046134073e+00	-3.8612609688655703e-03	-5.6071121414432116e-05
-1.6382914814618650e+00	-3.8770858089020185e-03	-5.6071121414124101e-05
-1.6321555583103224e+00	-3.8929106489382042e-03	-5.6071121414457080e-05
-1.6260196351587797e+00	-3.9087354889747279e-03	-5.6071121414104010e-05
-1.6198837120072371e+00	-3.9245603290108313e-03	-5.6071121414472754e-05
-1.6137477888556946e+00	-3.9403851690474438e-03	-5.6071121414094259e-05
-1.6076118657041520e+00	-3.9562100090834544e-03	-5.6071121414476521e-05
-1.6014759425526093e+00	-3.9720348491201684e-03	-5.6071121414098562e-05
-1.5953400194010667e+00	-3.9878596891560741e-03	-5.6071121414463524e-05
-1.5892040962495240e+00	-4.0036845291928896e-03	-5.6071121414121052e-05
-1.5830681730979816e+00	-4.0195093692286946e-03	-5.6071121414430856e-05
-1.5769322499464391e+00	-4.0353342092656020e-03	-5.6071121414164698e-05
-1.5707963267948966e+00	-4.0511590493013333e-03	-5.6071121414378882e-05
-1.5646604036433540e+00	-4.0669838893382972e-03	-5.6071121414223157e-05
-1.5585244804918115e+00	-4.0828087293739920e-03	-5.6071121414315992e-05
-1.5523885573402689e+00	-4.0986335694109663e-03	-5.6071121414287037e-05
-1.5462526341887264e+00	-4.1144584094466802e-03	-5.6071121414254477e-05
-1.5401167110371838e+00	-4.1302832494836085e-03	-5.6071121414342378e-05
-1.5339807878856411e+00	-4.1461080895193927e-03	-5.6071121414206907e-05
-1.5278448647340985e+00	-4.1619329295562325e-03	-5.6071121414380041e-05
-1.5217089415825558e+00	-4.1777577695921130e-03	-5.6071121414180290e-05
-1.5155730184310134e+00	-4.1935826096288461e-03	-5.6071121414394935e-05
-1.5094370952794709e+00	-4.2094074496648410e-03	-5.6071121414176726e-05
-1.5033011721279284e+00	-4.2252322897014631e-03	-5.6071121414387203e-05
-1.4971652489763858e+00	-4.2410571297375656e-03	-5.6071121414195144e-05
-1.4910293258248433e+00	-4.2568819697740836e-03	-5.6071121414358370e-05
-1.4848934026733007e+00	-4.2727068098102790e-03	-5.6071121414234128e-05
-1.4787574795217582e+00	-4.2885316498467215e-03	-5.6071121414310577e-05
-1.4726215563702154e+00	-4.3043564898829750e-03	-5.6071121414289679e-05
-1.4664856332186729e+00	-4.3201813299193785e-03	-5.6071121414249252e-05
-1.4603497100671303e+00	-4.3360061699556423e-03	-5.6071121414354413e-05
-1.4542137869155878e+00	-4.3518310099920675e-03	-5.6071121414184498e-05
-1.4480778637640452e+00	-4.3676558500282837e-03	-5.6071121414415528e-05
-1.4419419406125029e+00	-4.3834806900647826e-03	-5.6071121414130227e-05
-1.4358060174609601e+00	-4.3993055301008964e-03	-5.6071121414459743e-05
-1.4296700943094176e+00	-4.4151303701375193e-03	-5.6071121414098345e-05
-1.4235341711578751e+00	-4.4309552101734952e-03	-5.6071121414477443e-05
-1.4173982480063327e+00	-4.4467800502102656e-03	-5.6071121414095567e-05
-1.4112623248547900e+00	-4.4626048902460906e-03	-5.6071121414464703e-05
-1.4051264017032472e+00	-4.4784297302830119e-03	-5.6071121414123431e-05
-1.3989904785517047e+00	-4.4942545703186921e-03	-5.6071121414421417e-05
-1.3928545554001621e+00	-4.5100794103557400e-03	-5.6071121414181110e-05
-1.3867186322486196e+00	-4.5259042503913143e-03	-5.6071121414350855e-05
-1.3805827090970770e+00	-4.5417290904284421e-03	-5.6071121414262479e-05
-1.3744467859455345e+00	-4.5575539304639713e-03	-5.6071121414261971e-05
-1.3683108627939919e+00	-4.5733787705011077e-03	-5.6071121414354250e-05
-1.3621749396424494e+00	-4.5892036105366707e-03	-5.6071121414172701e-05
-1.3560390164909069e+00	-4.6050284505737300e-03	-5.6071121414434658e-05
-1.3499030933393643e+00	-4.6208532906094101e-03	-5.6071121414106531e-05
-1.3437671701878215e+00	-4.6366781306463175e-03	-5.6071121414480994e-05
-1.3376312470362790e+00	-4.6525029706821720e-03	-5.6071121414083329e-05
-1.3314953238847365e+00	-4.6683278107188921e-03	-5.6071121414479184e-05
-1.3253594007331939e+00	-4.6841526507549322e-03	-5.6071121414110352e-05
-1.3192234775816516e+00	-4.6999774907914823e-03	-5.6071121414428810e-05
-1.3130875544301088e+00	-4.7158023308276681e-03	-5.6071121414180399e-05
-1.3069516312785661e+00	-4.7316271708641106e-03	-5.6071121414343578e-05
-1.3008157081270237e+00	-4.7474520109003562e-03	-5.6071121414274765e-05
-1.2946797849754810e+00	-4.7632768509367910e-03	-5.6071121414246745e-05
-1.2885438618239387e+00	-4.7791016909729880e-03	-5.6071121414366556e-05
-1.2824079386723961e+00	-4.7949265310095269e-03	-5.6071121414167307e-05
-1.2762720155208533e+00	-4.8107513710455747e-03	-5.6071121414426512e-05
-1.2701360923693108e+00	-4.8265762110822966e-03	-5.6071121414132707e-05
-1.2640001692177683e+00	-4.8424010511181337e-03	-5.6071121414431032e-05
-1.2578642460662257e+00	-4.8582258911550776e-03	-5.6071121414159331e-05
-1.2517283229146834e+00	-4.8740507311907048e-03	-5.6071121414372804e-05
-1.2455923997631406e+00	-4.8898755712278299e-03	-5.6071121414244678e-05
-1.2394564766115981e+00	-4.9057004112633166e-03	-5.6071121414264824e-05
-1.2333205534600555e+00	-4.9215252513005242e-03	-5.6071121414365885e-05
-1.2271846303085130e+00	-4.9373500913359961e-03	-5.6071121414138494e-05
-1.2210487071569704e+00	-4.9531749313731473e-03	-5.6071121414484795e-05
-1.2149127840054279e+00	-4.9689997714087476e-03	-5.6071121414035115e-05
-1.2087768608538849e+00	-4.9848246114457097e-03	-5.6071121414559727e-05
-1.2026409377023426e+00	-5.0006494514815434e-03	-5.6071121413993130e-05
-1.1965050145507998e+00	-5.0164742915182444e-03	-5.6071121414559551e-05
-1.1903690913992575e+00	-5.0322991315543391e-03	-5.6071121414032303e-05
-1.1842331682477150e+00	-5.0481239715908007e-03	-5.6071121414477978e-05
-1.1780972450961724e+00	-5.0639488116270880e-03	-5.6071121414142194e-05
-1.1719613219446299e+00	-5.0797736516634290e-03	-5.6071121414342067e-05
-1.1658253987930873e+00	-5.0955984916997467e-03	-5.6071121414279468e-05
-1.1596894756415448e+00	-5.1114233317361467e-03	-5.6071121414206142e-05
-1.1535535524900022e+00	-5.1272481717723152e-03	-5.6071121414383402e-05
-1.1474176293384595e+00	-5.1430730118089381e-03	-5.6071121414130031e-05
-1.1412817061869169e+00	-5.1588978518448307e-03	-5.6071121414400187e-05
-1.1351457830353744e+00	-5.1747226918817486e-03	-5.6071121414150569e-05
-1.1290098598838318e+00	-5.1905475319173524e-03	-5.6071121414312231e-05
-1.1228739367322893e+00	-5.2063723719545018e-03	-5.6071121414260691e-05
-1.1167380135807468e+00	-5.2221972119899478e-03	-5.6071121414148950e-05
-1.1106020904292042e+00	-5.2380220520271501e-03	-5.6071121414406631e-05
-1.1044661672776617e+00	-5.2538468920626446e-03	-5.6071121413976521e-05
-1.0983302441261191e+00	-5.2696717320996839e-03	-5.6071121414510464e-05
-1.0921943209745768e+00	-5.2854965721354161e-03	-5.6071121413866495e-05
-1.0860583978230340e+00	-5.3013214121721448e-03	-5.6071121414506886e-05
-1.0799224746714913e+00	-5.3171462522081875e-03	-5.6071121413856940e-05
-1.0737865515199487e+00	-5.3329710922446084e-03	-5.6071121414377330e-05
-1.0676506283684062e+00	-5.3487959322808714e-03	-5.6071121413926980e-05
-1.0615147052168636e+00	-5.3646207723171352e-03	-5.6071121414160802e-05
-1.0553787820653213e+00	-5.3804456123534078e-03	-5.6071121414000035e-05
-1.0492428589137786e+00	-5.3962704523897341e-03	-5.6071121413932353e-05
-1.0431069357622360e+00	-5.4120952924257915e-03	-5.6071121413979591e-05
-1.0369710126106935e+00	-5.4279201324623390e-03	-5.6071121413754422e-05
-1.0308350894591509e+00	-5.4437449724980772e-03	-5.6071121413798949e-05
-1.0246991663076084e+00	-5.4595698125348346e-03	-5.6071121413627835e-05
-1.0185632431560658e+00	-5.4753946525703152e-03	-5.6071121413454905e-05
-1.0124273200045231e+00	-5.4912194926071082e-03	-5.6071121413473919e-05
-1.0062913968529805e+00	-5.5070443326425056e-03	-5.6071121412995311e-05
-1.0001554737014380e+00	-5.5228691726790973e-03	-5.6071121413165070e-05
-9.9401955054989533e-01	-5.5386940127145545e-03	-5.6071121412461199e-05
-9.8788362739835278e-01	-5.5545188527507906e-03	-5.6071121412584778e-05
-9.8174770424681035e-01	-5.5703436927862738e-03	-5.6071121411816411e-05
-9.7561178109526792e-01	-5.5861685328221621e-03	-5.6071121411672463e-05
-9.6947585794372526e-01	-5.6019933728574537e-03	-5.6071121410915100e-05
-9.6333993479218272e-01	-5.6178182128930896e-03	-5.6071121410402374e-05
-9.5720401164064017e-01	-5.6336430529279049e-03	-5.6071121409532939e-05
-9.5106808848909752e-01	-5.6494678929632910e-03	-5.6071121408700353e-05
-9.4493216533755497e-01	-5.6652927329974212e-03	-5.6071121407431924e-05
-9.3879624218601254e-01	-5.6811175730323328e-03	-5.6071121406347594e-05
-9.3266031903446978e-01	-5.6969424130656936e-03	-5.6071121404385384e-05
-9.2652439588292723e-01	-5.7127672530996650e-03	-5.6071121402940644e-05
-9.2038847273138458e-01	-5.7285920931321602e-03	-5.6071121400111927e-05
-9.1425254957984214e-01	-5.7444169331646389e-03	-5.6071121397918084e-05
-9.0811662642829971e-01	-5.7602417731959111e-03	-5.6071121394131088e-05
-9.0198070327675706e-01	-5.7760666132263619e-03	-5.6071121390591351e-05
-8.9584478012521440e-01	-5.7918914532556435e-03	-5.6071121385624905e-05
-8.8970885697367186e-01	-5.8077162932834991e-03	-5.6071121380085154e-05
-8.8357293382212931e-01	-5.8235411333096183e-03	-5.6071121373353465e-05
-8.7743701067058666e-01	-5.8393659733339915e-03	-5.6071121365148839e-05
-8.7130108751904423e-01	-5.8551908133554409e-03	-5.6071121355596781e-05
-8.6516516436750157e-01	-5.8710156533748207e-03	-5.6071121343883732e-05
-8.5902924121595903e-01	-5.8868404933897101e-03	-5.6071121330013648e-05
-8.5289331806441637e-01	-5.9026653334016974e-03	-5.6071121313451254e-05
-8.4675739491287394e-01	-5.9184901734074483e-03	-5.6071121293327012e-05
-8.4062147176133140e-01	-5.9343150134085788e-03	-5.6071121269754769e-05
-8.3448554860978885e-01	-5.9501398534014191e-03	-5.6071121240805134e-05
-8.2834962545824620e-01	-5.9659646933868842e-03	-5.6071121206996987e-05
-8.2221370230670354e-01	-5.9817895333612115e-03	-5.6071121165564607e-05
-8.1607777915516100e-01	-5.9976143733242596e-03	-5.6071121116951299e-05
-8.0994185600361845e-01	-6.0134392132719840e-03	-5.6071121057690313e-05
-8.0380593285207591e-01	-6.0292640532029172e-03	-5.6071120987805921e-05
-7.9767000970053337e-01	-6.0450888931124951e-03	-5.6071120903029083e-05
-7.9153408654899082e-01	-6.0609137329973688e-03	-5.6071120802543064e-05
-7.8539816339744839e-01	-6.0767385728521979e-03	-5.6071120681325751e-05
-7.7926224024590574e-01	-6.0925634126711651e-03	-5.6071120536800206e-05
-7.7312631709436319e-01	-6.1083882524472239e-03	-5.6071120363411125e-05
-7.6699039394282054e-01	-6.1242130921719895e-03	-5.6071120155799019e-05
-7.6085447079127788e-01	-6.1400379318348472e-03	-5.6071119907357669e-05
-7.5471854763973545e-01	-6.1558627714246132e-03	-5.6071119609622227e-05
-7.4858262448819290e-01	-6.1716876109252378e-03	-5.6071119253226332e-05
-7.4244670133665036e-01	-6.1875124503211823e-03	-5.6071118826458878e-05
-7.3631077818510771e-01	-6.2033372895894242e-03	-5.6071118315198126e-05
-7.3017485503356516e-01	-6.2191621287072231e-03	-5.6071117703340258e-05
-7.2403893188202262e-01	-6.2349869676423626e-03	-5.6071116970075362e-05
-7.1790300873048007e-01	-6.2508118063611950e-03	-5.6071116092696538e-05
-7.1176708557893753e-01	-6.2666366448187625e-03	-5.6071115041147865e-05
-7.0563116242739499e-01	-6.2824614829653808e-03	-5.6071113782813343e-05
-6.9949523927585233e-01	-6.2982863207380908e-03	-5.6071112274986487e-05
-6.9335931612430979e-01	-6.3141111580642204e-03	-5.6071110470078972e-05
-6.8722339297276724e-01	-6.3299359948545816e-03	-5.6071108307939100e-05
-6.8108746982122470e-01	-6.3457608310042270e-03	-5.6071105719110216e-05
-6.7495154666968216e-01	-6.3615856663855911e-03	-5.6071102618393972e-05
-6.6881562351813950e-01	-6.3774105008479855e-03	-5.6071098905337336e-05
-6.6267970036659696e-01	-6.3932353342085191e-03	-5.6071094458363310e-05
-6.5654377721505441e-01	-6.4090601662509621e-03	-5.6071089133011267e-05
-6.5040785406351198e-01	-6.4248849967131058e-03	-5.6071082755213969e-05
-6.4427193091196933e-01	-6.4407098252846542e-03	-5.6071075117821488e-05
-6.3813600776042678e-01	-6.4565346515899208e-03	-5.6071065971138666e-05
-6.3200008460888413e-01	-6.4723594751832743e-03	-5.6071055018511190e-05
-6.2586416145734158e-01	-6.4881842955270830e-03	-5.6071041901820452e-05
-6.1972823830579904e-01	-6.5040091119810996e-03	-5.6071026195710706e-05
-6.1359231515425650e-01	-6.5198339237759525e-03	-5.6071007387318180e-05
-6.0745639200271395e-01	-6.5356587299925965e-03	-5.6070984865877711e-05
-6.0132046885117130e-01	-6.5514835295289843e-03	-5.6070957897054066e-05
-5.9518454569962886e-01	-6.5673083210669855e-03	-5.6070925603761507e-05
-5.8904862254808610e-01	-6.5831331030269192e-03	-5.6070886933706394e-05
-5.8291269939654355e-01	-6.5989578735186098e-03	-5.6070840627741506e-05
-5.7677677624500112e-01	-6.6147826302767219e-03	-5.6070785177028555e-05
-5.7064085309345847e-01	-6.6306073705905732e-03	-5.6070718774686055e-05
-5.6450492994191592e-01	-6.6464320912106847e-03	-5.6070639256612546e-05
-5.5836900679037338e-01	-6.6622567882490668e-03	-5.6070544031468133e-05
-5.5223308363883084e-01	-6.6780814570448653e-03	-5.6070429995394485e-05
-5.4609716048728829e-01	-6.6939060920209754e-03	-5.6070293433402200e-05
-5.3996123733574575e-01	-6.7097306864938007e-03	-5.6070129894877545e-05
-5.3382531418420309e-01	-6.7255552324642174e-03	-5.6069934053870919e-05
-5.2768939103266055e-01	-6.7413797203497421e-03	-5.6069699529123369e-05
-5.2155346788111800e-01	-6.7572041386790207e-03	-5.6069418683385536e-05
-5.1541754472957546e-01	-6.7730284737135609e-03	-5.6069082366037061e-05
-5.0928162157803292e-01	-6.7888527090024711e-03	-5.6068679622771931e-05
-5.0314569842649037e-01	-6.8046768248459615e-03	-5.6068197331026322e-05
-4.9700977527494766e-01	-6.8205007976508544e-03	-5.6067619778024452e-05
-4.9087385212340517e-01	-6.8363245991649854e-03	-5.6066928146884776e-05
-4.8473792897186263e-01	-6.8521481955532756e-03	-5.6066099903136702e-05
-4.7860200582032003e-01	-6.8679715462978738e-03	-5.6065108066010350e-05
-4.7246608266877754e-01	-6.8837946028802660e-03	-5.6063920321863276e-05
-4.6633015951723489e-01	-6.8996173071958124e-03	-5.6062497979954642e-05
-4.6019423636569234e-01	-6.9154395896713333e-03	-5.6060794702441835e-05
-4.5405831321414980e-01	-6.9312613669828133e-03	-5.6058754999540965e-05
-4.4792239006260720e-01	-6.9470825393574340e-03	-5.6056312421261808e-05
-4.4178646691106466e-01	-6.9629029873041004e-03	-5.6053387387957650e-05
-4.3565054375952217e-01	-6.9787225677360653e-03	-5.6049884611568579e-05
-4.2951462060797951e-01	-6.9945411093025956e-03	-5.6045689975558048e-05
-4.2337869745643697e-01	-7.0103584068082377e-03	-5.6040666833420254e-05
-4.1724277430489443e-01	-7.0261742145365878e-03	-5.6034651542234802e-05
-4.1110685115335188e-01	-7.0419882382291542e-03	-5.6027448134773062e-05
-4.0497092800180928e-01	-7.0578001255110923e-03	-5.6018821944202768e-05
-3.9883500485026663e-01	-7.0736094544035823e-03	-5.6008491946115825e-05
-3.9269908169872408e-01	-7.0894157195777819e-03	-5.5996121628409286e-05
-3.8656315854718160e-01	-7.1052183159109814e-03	-5.5981308006330190e-05
-3.8042723539563900e-01	-7.1210165187469187e-03	-5.5963568504055985e-05
-3.7429131224409640e-01	-7.1368094603104816e-03	-5.5942325239504681e-05
-3.6815538909255391e-01	-7.1525961014187378e-03	-5.5916886196328591e-05
-3.6201946594101131e-01	-7.1683751976415232e-03	-5.5886422709245726e-05
-3.5588354278946877e-01	-7.1841452587813629e-03	-5.5849942460215752e-05
-3.4974761963792622e-01	-7.1999045003061403e-03	-5.5806257151318706e-05
-3.4361169648638362e-01	-7.2156507852168894e-03	-5.5753943854303206e-05
-3.3747577333484102e-01	-7.2313815544757911e-03	-5.5691298671175397e-05
-3.3133985018329848e-01	-7.2470937436326316e-03	-5.5616281264454988e-05
-3.2520392703175588e-01	-7.2627836830222387e-03	-5.5526448468730390e-05
-3.1906800388021334e-01	-7.2784469782603304e-03	-5.5418874806084828e-05
-3.1293208072867085e-01	-7.2940783671484408e-03	-5.5290057310302006e-05
-3.0679615757712825e-01	-7.3096715483140819e-03	-5.5135801632342219e-05
-3.0066023442558570e-01	-7.3252189760638397e-03	-5.4951085691947783e-05
-2.9452431127404310e-01	-7.3407116147276462e-03	-5.4729896513382653e-05
-2.8838838812250062e-01	-7.3561386445659275e-03	-5.4465034947034959e-05
-2.8225246497095796e-01	-7.3714871096388895e-03	-5.4147882048152449e-05
-2.7611654181941536e-01	-7.3867414962841063e-03	-5.3768119561428558e-05
-2.6998061866787282e-01	-7.4018832284537530e-03	-5.3313395630891732e-05
-2.6384469551633033e-01	-7.4168900636717838e-03	-5.2768925043192443e-05
-2.5770877236478773e-01	-7.4317353699757107e-03	-5.2117011362188482e-05
-2.5157284921324513e-01	-7.4463872605985059e-03	-5.1336475858191309e-05
-2.4543692606170259e-01	-7.4608075583943202e-03	-5.0401975371081862e-05
-2.3930100291016002e-01	-7.4749505568164100e-03	-4.9283187885047143e-05
-2.3316507975861744e-01	-7.4887615375724605e-03	-4.7943840769922899e-05
-2.2702915660707490e-01	-7.5021749976838708e-03	-4.6340552140597783e-05
-2.2089323345553236e-01	-7.5151125293334477e-03	-4.4421450590139155e-05
-2.1475731030398976e-01	-7.5274802853693510e-03	-4.2124532686191223e-05
-2.0862138715244721e-01	-7.5391659504092136e-03	-3.9375710891777819e-05
-2.0248546400090464e-01	-7.5500351227223003e-03	-3.6086497215311634e-05
-1.9634954084936207e-01	-7.5599269943051476e-03	-3.2151259816704830e-05
-1.9021361769781950e-01	-7.5686491962573552e-03	-2.7443981408391594e-05
-1.8407769454627693e-01	-7.5759716525348447e-03	-2.1814439833190341e-05
-1.7794177139473438e-01	-7.5816192578932210e-03	-1.5083723628727882e-05
-1.7180584824319181e-01	-7.5852631643162942e-03	-7.0389896136785134e-06
-1.6566992509164927e-01	-7.5865104250727256e-03	 2.5726323631447041e-06
-1.5953400194010672e-01	-7.5848917062918651e-03	 1.4051077802792976e-05
-1.5339807878856412e-01	-7.5798467339451975e-03	 2.7751404034310202e-05
-1.4726215563702158e-01	-7.5707071001026270e-03	 4.4092907662652609e-05
-1.4112623248547898e-01	-7.5566760097470868e-03	 6.3569287993449401e-05
-1.3499030933393641e-01	-7.5368045121231384e-03	 8.6759745212648779e-05
-1.2885438618239387e-01	-7.5099637368715227e-03	 1.1434074935302162e-04
-1.2271846303085131e-01	-7.4748126565296526e-03	 1.4709798178908127e-04
-1.1658253987930872e-01	-7.4297609432372319e-03	 1.8593760077218220e-04
-1.1044661672776616e-01	-7.3729266079004280e-03	 2.3189547018719343e-04
-1.0431069357622361e-01	-7.3020883521003931e-03	 2.8614225664007326e-04
-9.8174770424681035e-02	-7.2146329979021892e-03	 3.4998127009074282e-04
-9.2038847273138463e-02	-7.1074991009194202e-03	 4.2483451326908318e-04
-8.5902924121595906e-02	-6.9771190678734728e-03	 5.1221053340927457e-04
-7.9767000970053348e-02	-6.8193640536237249e-03	 6.1364529073467278e-04
-7.3631077818510776e-02	-6.6294989930389845e-03	 7.3060443228956736e-04
-6.7495154666968205e-02	-6.4021598917648722e-03	 8.6433239585461850e-04
-6.1359231515425654e-02	-6.1313726997005843e-03	 1.0156314838263062e-03
-5.5223308363883082e-02	-5.8106435498176748e-03	 1.1845542125641115e-03
-4.9087385212340517e-02	-5.4331643409142706e-03	 1.3699982543295783e-03
-4.2951462060797953e-02	-4.9921945179683689e-03	 1.5692109310396195e-03
-3.6815538909255388e-02	-4.4816942071545761e-03	 1.7772478401615925e-03
-3.0679615757712820e-02	-3.8972815230430540e-03	 1.9864962824023089e-03
-2.4543692606170259e-02	-3.2375399188610881e-03	 2.1864682494544371e-03
-1.8407769454627694e-02	-2.5055706946934082e-03	 2.3641602761208034e-03
-1.2271846303085129e-02	-1.7104499014921875e-03	 2.5052848335601480e-03
-6.1359231515425638e-03	-8.6797531159583030e-04	 2.5964711066976441e-03
 0.0000000000000000e+00	-1.0706143976557325e-14	 2.6280489358142208e-03
 6.1359231515425638e-03	 8.6797531157473346e-04	 2.5964711066991794e-03
 1.2271846303085129e-02	 1.7104499014720122e-03	 2.5052848335630484e-03
 1.8407769454627694e-02	 2.5055706946746090e-03	 2.3641602761247747e-03
 2.4543692606170259e-02	 3.2375399188439842e-03	 2.1864682494591291e-03
 3.0679615757712820e-02	 3.8972815230277763e-03	 1.9864962824073804e-03
 3.6815538909255388e-02	 4.4816942071411511e-03	 1.7772478401667515e-03
 4.2951462060797953e-02	 4.9921945179567089e-03	 1.5692109310446439e-03
 4.9087385212340517e-02	 5.4331643409042535e-03	 1.3699982543343152e-03
 5.5223308363883082e-02	 5.8106435498091304e-03	 1.1845542125684693e-03
 6.1359231515425654e-02	 6.1313726996933531e-03	 1.0156314838302384e-03
 6.7495154666968205e-02	 6.4021598917587807e-03	 8.6433239585811548e-04
 7.3631077818510776e-02	 6.6294989930338888e-03	 7.3060443229263966e-04
 7.9767000970053348e-02	 6.8193640536194765e-03	 6.1364529073734881e-04
 8.5902924121595906e-02	 6.9771190678699548e-03	 5.1221053341158555e-04
 9.2038847273138463e-02	 7.1074991009165197e-03	 4.2483451327106938e-04
 9.8174770424681035e-02	 7.2146329978998152e-03	 3.4998127009243835e-04
 1.0431069357622361e-01	 7.3020883520984606e-03	 2.8614225664151850e-04
 1.1044661672776616e-01	 7.3729266078988737e-03	 2.3189547018841704e-04
 1.1658253987930872e-01	 7.4297609432359881e-03	 1.8593760077322019e-04
 1.2271846303085131e-01	 7.4748126565286760e-03	 1.4709798178995452e-04
 1.2885438618239387e-01	 7.5099637368707664e-03	 1.1434074935376093e-04
 1.3499030933393641e-01	 7.5368045121225712e-03	 8.6759745213266787e-05
 1.4112623248547898e-01	 7.5566760097466740e-03	 6.3569287993973166e-05
 1.4726215563702158e-01	 7.5707071001023469e-03	 4.4092907663087341e-05
 1.5339807878856412e-01	 7.5798467339450257e-03	 2.7751404034680271e-05
 1.5953400194010672e-01	 7.5848917062917888e-03	 1.4051077803097095e-05
 1.6566992509164927e-01	 7.5865104250727212e-03	 2.5726323634056902e-06
 1.7180584824319181e-01	 7.5852631643163575e-03	-7.0389896134668255e-06
 1.7794177139473438e-01	 7.5816192578933364e-03	-1.5083723628543308e-05
 1.8407769454627693e-01	 7.5759716525350069e-03	-2.1814439833043875e-05
 1.9021361769781950e-01	 7.5686491962575521e-03	-2.7443981408261029e-05
 1.9634954084936207e-01	 7.5599269943053783e-03	-3.2151259816604142e-05
 2.0248546400090464e-01	 7.5500351227225553e-03	-3.6086497215218081e-05
 2.0862138715244721e-01	 7.5391659504094929e-03	-3.9375710891709426e-05
 2.1475731030398976e-01	 7.5274802853696450e-03	-4.2124532686124118e-05
 2.2089323345553236e-01	 7.5151125293337626e-03	-4.4421450590093503e-05
 2.2702915660707490e-01	 7.5021749976841917e-03	-4.6340552140548695e-05
 2.3316507975861744e-01	 7.4887615375727988e-03	-4.7943840769893131e-05
 2.3930100291016002e-01	 7.4749505568167517e-03	-4.9283187885010713e-05
 2.4543692606170259e-01	 7.4608075583946741e-03	-5.0401975371063621e-05
 2.5157284921324513e-01	 7.4463872605988607e-03	-5.1336475858163567e-05
 2.5770877236478773e-01	 7.4317353699760759e-03	-5.2117011362178142e-05
 2.6384469551633033e-01	 7.4168900636721472e-03	-5.2768925043170495e-05
 2.6998061866787282e-01	 7.4018832284541269e-03	-5.3313395630887158e-05
 2.7611654181941536e-01	 7.3867414962844775e-03	-5.3768119561410716e-05
 2.8225246497095796e-01	 7.3714871096392676e-03	-5.4147882048152069e-05
 2.8838838812250062e-01	 7.3561386445663022e-03	-5.4465034947019882e-05
 2.9452431127404310e-01	 7.3407116147280295e-03	-5.4729896513385106e-05
 3.0066023442558570e-01	 7.3252189760642152e-03	-5.4951085691934359e-05
 3.0679615757712825e-01	 7.3096715483144687e-03	-5.5135801632346895e-05
 3.1293208072867085e-01	 7.2940783671488207e-03	-5.5290057310289788e-05
 3.1906800388021334e-01	 7.2784469782607190e-03	-5.5418874806091252e-05
 3.2520392703175588e-01	 7.2627836830226186e-03	-5.5526448468718863e-05
 3.3133985018329848e-01	 7.2470937436330237e-03	-5.5616281264462700e-05
 3.3747577333484102e-01	 7.2313815544761718e-03	-5.5691298671164121e-05
 3.4361169648638362e-01	 7.2156507852172815e-03	-5.5753943854311697e-05
 3.4974761963792622e-01	 7.1999045003065211e-03	-5.5806257151307525e-05
 3.5588354278946877e-01	 7.1841452587817541e-03	-5.5849942460224879e-05
 3.6201946594101131e-01	 7.1683751976419057e-03	-5.5886422709234545e-05
 3.6815538909255391e-01	 7.1525961014191298e-03	-5.5916886196338492e-05
 3.7429131224409640e-01	 7.1368094603108641e-03	-5.5942325239493649e-05
 3.8042723539563900e-01	 7.1210165187473116e-03	-5.5963568504066291e-05
 3.8656315854718160e-01	 7.1052183159113613e-03	-5.5981308006318867e-05
 3.9269908169872408e-01	 7.0894157195781756e-03	-5.5996121628420183e-05
 3.9883500485026663e-01	 7.0736094544039639e-03	-5.6008491946104489e-05
 4.0497092800180928e-01	 7.0578001255114852e-03	-5.6018821944213881e-05
 4.1110685115335188e-01	 7.0419882382295341e-03	-5.6027448134761373e-05
 4.1724277430489443e-01	 7.0261742145369859e-03	-5.6034651542246024e-05
 4.2337869745643697e-01	 7.0103584068086184e-03	-5.6040666833408477e-05
 4.2951462060797951e-01	 6.9945411093029928e-03	-5.6045689975569778e-05
 4.3565054375952217e-01	 6.9787225677364444e-03	-5.6049884611556470e-05
 4.4178646691106466e-01	 6.9629029873044960e-03	-5.6053387387969718e-05
 4.4792239006260720e-01	 6.9470825393578130e-03	-5.6056312421249637e-05
 4.5405831321414980e-01	 6.9312613669832096e-03	-5.6058754999553203e-05
 4.6019423636569234e-01	 6.9154395896717123e-03	-5.6060794702429502e-05
 4.6633015951723489e-01	 6.8996173071962106e-03	-5.6062497979967137e-05
 4.7246608266877754e-01	 6.8837946028806451e-03	-5.6063920321850590e-05
 4.7860200582032003e-01	 6.8679715462982710e-03	-5.6065108066022947e-05
 4.8473792897186263e-01	 6.8521481955536546e-03	-5.6066099903123922e-05
 4.9087385212340517e-01	 6.8363245991653844e-03	-5.6066928146897509e-05
 4.9700977527494766e-01	 6.8205007976512308e-03	-5.6067619778011394e-05
 5.0314569842649037e-01	 6.8046768248463622e-03	-5.6068197331039129e-05
 5.0928162157803292e-01	 6.7888527090028492e-03	-5.6068679622758765e-05
 5.1541754472957546e-01	 6.7730284737139582e-03	-5.6069082366049949e-05
 5.2155346788111800e-01	 6.7572041386793971e-03	-5.6069418683372173e-05
 5.2768939103266055e-01	 6.7413797203501437e-03	-5.6069699529136461e-05
 5.3382531418420309e-01	 6.7255552324645930e-03	-5.6069934053857522e-05
 5.3996123733574575e-01	 6.7097306864942023e-03	-5.6070129894890644e-05
 5.4609716048728829e-01	 6.6939060920213518e-03	-5.6070293433388851e-05
 5.5223308363883084e-01	 6.6780814570452669e-03	-5.6070429995407455e-05
 5.5836900679037338e-01	 6.6622567882494424e-03	-5.6070544031454546e-05
 5.6450492994191592e-01	 6.6464320912110863e-03	-5.6070639256625828e-05
 5.7064085309345847e-01	 6.6306073705909487e-03	-5.6070718774672855e-05
 5.7677677624500112e-01	 6.6147826302771252e-03	-5.6070785177041749e-05
 5.8291269939654355e-01	 6.5989578735189845e-03	-5.6070840627728001e-05
 5.8904862254808610e-01	 6.5831331030273233e-03	-5.6070886933719838e-05
 5.9518454569962886e-01	 6.5673083210673602e-03	-5.6070925603748199e-05
 6.0132046885117130e-01	 6.5514835295293885e-03	-5.6070957897067605e-05
 6.0745639200271395e-01	 6.5356587299929677e-03	-5.6070984865864186e-05
 6.1359231515425650e-01	 6.5198339237763575e-03	-5.6071007387331665e-05
 6.1972823830579904e-01	 6.5040091119814725e-03	-5.6071026195697432e-05
 6.2586416145734158e-01	 6.4881842955274863e-03	-5.6071041901833937e-05
 6.3200008460888413e-01	 6.4723594751836446e-03	-5.6071055018497867e-05
 6.3813600776042678e-01	 6.4565346515903259e-03	-5.6071065971151961e-05
 6.4427193091196933e-01	 6.4407098252850254e-03	-5.6071075117808240e-05
 6.5040785406351198e-01	 6.4248849967135108e-03	-5.6071082755227136e-05
 6.5654377721505441e-01	 6.4090601662513316e-03	-5.6071089132998087e-05
 6.6267970036659696e-01	 6.3932353342089259e-03	-5.6071094458376477e-05
 6.6881562351813950e-01	 6.3774105008483524e-03	-5.6071098905324400e-05
 6.7495154666968216e-01	 6.3615856663859979e-03	-5.6071102618407064e-05
 6.8108746982122470e-01	 6.3457608310045982e-03	-5.6071105719097301e-05
 6.8722339297276724e-01	 6.3299359948549893e-03	-5.6071108307951867e-05
 6.9335931612430979e-01	 6.3141111580645882e-03	-5.6071110470066016e-05
 6.9949523927585233e-01	 6.2982863207385002e-03	-5.6071112274999016e-05
 7.0563116242739499e-01	 6.2824614829657477e-03	-5.6071113782800597e-05
 7.1176708557893753e-01	 6.2666366448191711e-03	-5.6071115041160211e-05
 7.1790300873048007e-01	 6.2508118063615611e-03	-5.6071116092683852e-05
 7.2403893188202262e-01	 6.2349869676427729e-03	-5.6071116970087464e-05
 7.3017485503356516e-01	 6.2191621287075900e-03	-5.6071117703327667e-05
 7.3631077818510771e-01	 6.2033372895898354e-03	-5.6071118315209998e-05
 7.4244670133665036e-01	 6.1875124503215492e-03	-5.6071118826446538e-05
 7.4858262448819290e-01	 6.1716876109256481e-03	-5.6071119253237818e-05
 7.5471854763973545e-01	 6.1558627714249810e-03	-5.6071119609610003e-05
 7.6085447079127788e-01	 6.1400379318352575e-03	-5.6071119907369121e-05
 7.6699039394282054e-01	 6.1242130921723547e-03	-5.6071120155786930e-05
 7.7312631709436319e-01	 6.1083882524476385e-03	-5.6071120363422597e-05
 7.7926224024590574e-01	 6.0925634126715294e-03	-5.6071120536788808e-05
 7.8539816339744839e-01	 6.0767385728526125e-03	-5.6071120681336790e-05
 7.9153408654899082e-01	 6.0609137329977331e-03	-5.6071120802532087e-05
 7.9767000970053337e-01	 6.0450888931129106e-03	-5.6071120903039634e-05
 8.0380593285207591e-01	 6.0292640532032806e-03	-5.6071120987795133e-05
 8.0994185600361845e-01	 6.0134392132724012e-03	-5.6071121057700714e-05
 8.1607777915516100e-01	 5.9976143733246230e-03	-5.6071121116940918e-05
 8.2221370230670354e-01	 5.9817895333616287e-03	-5.6071121165574988e-05
 8.2834962545824620e-01	 5.9659646933872476e-03	-5.6071121206986904e-05
 8.3448554860978885e-01	 5.9501398534018346e-03	-5.6071121240814947e-05
 8.4062147176133140e-01	 5.9343150134089423e-03	-5.6071121269745160e-05
 8.4675739491287394e-01	 5.9184901734078673e-03	-5.6071121293336464e-05
 8.5289331806441637e-01	 5.9026653334020591e-03	-5.6071121313442072e-05
 8.5902924121595903e-01	 5.8868404933901291e-03	-5.6071121330022695e-05
 8.6516516436750157e-01	 5.8710156533751823e-03	-5.6071121343874855e-05
 8.7130108751904423e-01	 5.8551908133558598e-03	-5.6071121355605414e-05
 8.7743701067058666e-01	 5.8393659733343532e-03	-5.6071121365140403e-05
 8.8357293382212931e-01	 5.8235411333100373e-03	-5.6071121373361806e-05
 8.8970885697367186e-01	 5.8077162932838591e-03	-5.6071121380077314e-05
 8.9584478012521440e-01	 5.7918914532560642e-03	-5.6071121385632867e-05
 9.0198070327675706e-01	 5.7760666132267236e-03	-5.6071121390583856e-05
 9.0811662642829971e-01	 5.7602417731963309e-03	-5.6071121394138549e-05
 9.1425254957984214e-01	 5.7444169331649989e-03	-5.6071121397911125e-05
 9.2038847273138458e-01	 5.7285920931325835e-03	-5.6071121400119015e-05
 9.2652439588292723e-01	 5.7127672531000241e-03	-5.6071121402934274e-05
 9.3266031903446978e-01	 5.6969424130661160e-03	-5.6071121404391998e-05
 9.3879624218601254e-01	 5.6811175730326910e-03	-5.6071121406341779e-05
 9.4493216533755497e-01	 5.6652927329978436e-03	-5.6071121407438071e-05
 9.5106808848909752e-01	 5.6494678929636492e-03	-5.6071121408695000e-05
 9.5720401164064017e-01	 5.6336430529283239e-03	-5.6071121409538672e-05
 9.6333993479218272e-01	 5.6178182128934469e-03	-5.6071121410397753e-05
 9.6947585794372526e-01	 5.6019933728578752e-03	-5.6071121410920304e-05
 9.7561178109526792e-01	 5.5861685328225186e-03	-5.6071121411668275e-05
 9.8174770424681035e-01	 5.5703436927866954e-03	-5.6071121411820775e-05
 9.8788362739835278e-01	 5.5545188527511453e-03	-5.6071121412581085e-05
 9.9401955054989533e-01	 5.5386940127149743e-03	-5.6071121412464750e-05
 1.0001554737014380e+00	 5.5228691726794529e-03	-5.6071121413161743e-05
 1.0062913968529805e+00	 5.5070443326429306e-03	-5.6071121412998340e-05
 1.0124273200045231e+00	 5.4912194926074629e-03	-5.6071121413471351e-05
 1.0185632431560658e+00	 5.4753946525707376e-03	-5.6071121413457256e-05
 1.0246991663076084e+00	 5.4595698125351894e-03	-5.6071121413625619e-05
 1.0308350894591509e+00	 5.4437449724984979e-03	-5.6071121413800704e-05
 1.0369710126106935e+00	 5.4279201324626911e-03	-5.6071121413752810e-05
 1.0431069357622360e+00	 5.4120952924262130e-03	-5.6071121413980804e-05
 1.0492428589137786e+00	 5.3962704523900880e-03	-5.6071121413931391e-05
 1.0553787820653213e+00	 5.3804456123538302e-03	-5.6071121414000618e-05
 1.0615147052168636e+00	 5.3646207723174865e-03	-5.6071121414160578e-05
 1.0676506283684062e+00	 5.3487959322812955e-03	-5.6071121413926905e-05
 1.0737865515199487e+00	 5.3329710922449605e-03	-5.6071121414377839e-05
 1.0799224746714913e+00	 5.3171462522086134e-03	-5.6071121413856100e-05
 1.0860583978230340e+00	 5.3013214121724961e-03	-5.6071121414508180e-05
 1.0921943209745768e+00	 5.2854965721358402e-03	-5.6071121413864943e-05
 1.0983302441261191e+00	 5.2696717321000343e-03	-5.6071121414512469e-05
 1.1044661672776617e+00	 5.2538468920630705e-03	-5.6071121413974224e-05
 1.1106020904292042e+00	 5.2380220520275031e-03	-5.6071121414409382e-05
 1.1167380135807468e+00	 5.2221972119903728e-03	-5.6071121414146036e-05
 1.1228739367322893e+00	 5.2063723719548531e-03	-5.6071121414264214e-05
 1.1290098598838318e+00	 5.1905475319177791e-03	-5.6071121414308612e-05
 1.1351457830353744e+00	 5.1747226918820990e-03	-5.6071121414154825e-05
 1.1412817061869169e+00	 5.1588978518452558e-03	-5.6071121414395809e-05
 1.1474176293384595e+00	 5.1430730118092903e-03	-5.6071121414134849e-05
 1.1535535524900022e+00	 5.1272481717727410e-03	-5.6071121414378008e-05
 1.1596894756415448e+00	 5.1114233317364963e-03	-5.6071121414211563e-05
 1.1658253987930873e+00	 5.0955984917001743e-03	-5.6071121414273410e-05
 1.1719613219446299e+00	 5.0797736516637795e-03	-5.6071121414348430e-05
 1.1780972450961724e+00	 5.0639488116275147e-03	-5.6071121414135214e-05
 1.1842331682477150e+00	 5.0481239715911511e-03	-5.6071121414484944e-05
 1.1903690913992575e+00	 5.0322991315547676e-03	-5.6071121414024450e-05
 1.1965050145507998e+00	 5.0164742915185931e-03	-5.6071121414567228e-05
 1.2026409377023426e+00	 5.0006494514819701e-03	-5.6071121413984443e-05
 1.2087768608538849e+00	 4.9848246114460584e-03	-5.6071121414568313e-05
 1.2149127840054279e+00	 4.9689997714091770e-03	-5.6071121414025690e-05
 1.2210487071569704e+00	 4.9531749313734977e-03	-5.6071121414494241e-05
 1.2271846303085130e+00	 4.9373500913364263e-03	-5.6071121414128187e-05
 1.2333205534600555e+00	 4.9215252513008729e-03	-5.6071121414376138e-05
 1.2394564766115981e+00	 4.9057004112637460e-03	-5.6071121414253799e-05
 1.2455923997631406e+00	 4.8898755712281795e-03	-5.6071121414255825e-05
 1.2517283229146834e+00	 4.8740507311911324e-03	-5.6071121414361020e-05
 1.2578642460662257e+00	 4.8582258911554271e-03	-5.6071121414171291e-05
 1.2640001692177683e+00	 4.8424010511185639e-03	-5.6071121414418320e-05
 1.2701360923693108e+00	 4.8265762110826470e-03	-5.6071121414145602e-05
 1.2762720155208533e+00	 4.8107513710460023e-03	-5.6071121414413028e-05
 1.2824079386723961e+00	 4.7949265310098747e-03	-5.6071121414181083e-05
 1.2885438618239387e+00	 4.7791016909734174e-03	-5.6071121414352272e-05
 1.2946797849754810e+00	 4.7632768509371414e-03	-5.6071121414261361e-05
 1.3008157081270237e+00	 4.7474520109007873e-03	-5.6071121414259532e-05
 1.3069516312785661e+00	 4.7316271708644610e-03	-5.6071121414359116e-05
 1.3130875544301088e+00	 4.7158023308280983e-03	-5.6071121414164413e-05
 1.3192234775816516e+00	 4.6999774907918318e-03	-5.6071121414445249e-05
 1.3253594007331939e+00	 4.6841526507553650e-03	-5.6071121414093520e-05
 1.3314953238847365e+00	 4.6683278107192425e-03	-5.6071121414496443e-05
 1.3376312470362790e+00	 4.6525029706826031e-03	-5.6071121414065602e-05
 1.3437671701878215e+00	 4.6366781306466671e-03	-5.6071121414499168e-05
 1.3499030933393643e+00	 4.6208532906098386e-03	-5.6071121414087855e-05
 1.3560390164909069e+00	 4.6050284505740778e-03	-5.6071121414453814e-05
 1.3621749396424494e+00	 4.5892036105371009e-03	-5.6071121414153165e-05
 1.3683108627939919e+00	 4.5733787705014564e-03	-5.6071121414374105e-05
 1.3744467859455345e+00	 4.5575539304644015e-03	-5.6071121414241507e-05
 1.3805827090970770e+00	 4.5417290904287934e-03	-5.6071121414283479e-05
 1.3867186322486196e+00	 4.5259042503917454e-03	-5.6071121414329693e-05
 1.3928545554001621e+00	 4.5100794103560913e-03	-5.6071121414202977e-05
 1.3989904785517047e+00	 4.4942545703191223e-03	-5.6071121414399360e-05
 1.4051264017032472e+00	 4.4784297302833597e-03	-5.6071121414146328e-05
 1.4112623248547900e+00	 4.4626048902465182e-03	-5.6071121414441698e-05
 1.4173982480063327e+00	 4.4467800502106152e-03	-5.6071121414119243e-05
 1.4235341711578751e+00	 4.4309552101739228e-03	-5.6071121414453570e-05
 1.4296700943094176e+00	 4.4151303701378689e-03	-5.6071121414122922e-05
 1.4358060174609601e+00	 4.3993055301013257e-03	-5.6071121414434983e-05
 1.4419419406125029e+00	 4.3834806900651313e-03	-5.6071121414155706e-05
 1.4480778637640452e+00	 4.3676558500287122e-03	-5.6071121414389778e-05
 1.4542137869155878e+00	 4.3518310099924162e-03	-5.6071121414210892e-05
 1.4603497100671303e+00	 4.3360061699560699e-03	-5.6071121414327830e-05
 1.4664856332186729e+00	 4.3201813299197306e-03	-5.6071121414276479e-05
 1.4726215563702154e+00	 4.3043564898834017e-03	-5.6071121414262202e-05
 1.4787574795217582e+00	 4.2885316498470685e-03	-5.6071121414338848e-05
 1.4848934026733007e+00	 4.2727068098107057e-03	-5.6071121414205674e-05
 1.4910293258248433e+00	 4.2568819697744349e-03	-5.6071121414387617e-05
 1.4971652489763858e+00	 4.2410571297379924e-03	-5.6071121414165911e-05
 1.5033011721279284e+00	 4.2252322897018127e-03	-5.6071121414417432e-05
 1.5094370952794709e+00	 4.2094074496652660e-03	-5.6071121414146612e-05
 1.5155730184310134e+00	 4.1935826096291965e-03	-5.6071121414426086e-05
 1.5217089415825558e+00	 4.1777577695925380e-03	-5.6071121414149180e-05
 1.5278448647340985e+00	 4.1619329295565820e-03	-5.6071121414411916e-05
 1.5339807878856411e+00	 4.1461080895198160e-03	-5.6071121414174957e-05
 1.5401167110371838e+00	 4.1302832494839589e-03	-5.6071121414375433e-05
 1.5462526341887264e+00	 4.1144584094471052e-03	-5.6071121414221558e-05
 1.5523885573402689e+00	 4.0986335694113167e-03	-5.6071121414320471e-05
 1.5585244804918115e+00	 4.0828087293744170e-03	-5.6071121414282063e-05
 1.5646604036433540e+00	 4.0669838893386476e-03	-5.6071121414257844e-05
 1.5707963267948966e+00	 4.0511590493017583e-03	-5.6071121414343917e-05
 1.5769322499464391e+00	 4.0353342092659551e-03	-5.6071121414199785e-05
 1.5830681730979816e+00	 4.0195093692291187e-03	-5.6071121414395071e-05
 1.5892040962495240e+00	 4.0036845291932426e-03	-5.6071121414157698e-05
 1.5953400194010667e+00	 3.9878596891564965e-03	-5.6071121414426892e-05
 1.6014759425526093e+00	 3.9720348491205206e-03	-5.6071121414135445e-05
 1.6076118657041520e+00	 3.9562100090838777e-03	-5.6071121414438886e-05
 1.6137477888556946e+00	 3.9403851690477994e-03	-5.6071121414132016e-05
 1.6198837120072371e+00	 3.9245603290112546e-03	-5.6071121414434353e-05
 1.6260196351587797e+00	 3.9087354889750818e-03	-5.6071121414142614e-05
 1.6321555583103224e+00	 3.8929106489386271e-03	-5.6071121414417791e-05
 1.6382914814618650e+00	 3.8770858089023732e-03	-5.6071121414163607e-05
 1.6444274046134073e+00	 3.8612609688659927e-03	-5.6071121414391872e-05
 1.6505633277649499e+00	 3.8454361288296707e-03	-5.6071121414193517e-05
 1.6566992509164924e+00	 3.8296112887933492e-03	-5.6071121414357476e-05
 1.6628351740680349e+00	 3.8137864487569778e-03	-5.6071121414231925e-05
 1.6689710972195775e+00	 3.7979616087206966e-03	-5.6071121414315212e-05
 1.6751070203711202e+00	 3.7821367686842961e-03	-5.6071121414276804e-05
 1.6812429435226628e+00	 3.7663119286480253e-03	-5.6071121414268849e-05
 1.6873788666742053e+00	 3.7504870886116348e-03	-5.6071121414323107e-05
 1.6935147898257479e+00	 3.7346622485753423e-03	-5.6071121414224478e-05
 1.6996507129772904e+00	 3.7188374085389874e-03	-5.6071121414363879e-05
 1.7057866361288330e+00	 3.7030125685026407e-03	-5.6071121414188903e-05
 1.7119225592803755e+00	 3.6871877284663499e-03	-5.6071121414392760e-05
 1.7180584824319181e+00	 3.6713628884299330e-03	-5.6071121414167293e-05
 1.7241944055834606e+00	 3.6555380483937207e-03	-5.6071121414406841e-05
 1.7303303287350031e+00	 3.6397132083572209e-03	-5.6071121414160849e-05
 1.7364662518865459e+00	 3.6238883683210933e-03	-5.6071121414406251e-05
 1.7426021750380882e+00	 3.6080635282845107e-03	-5.6071121414167524e-05
 1.7487380981896310e+00	 3.5922386882484567e-03	-5.6071121414394156e-05
 1.7548740213411735e+00	 3.5764138482118086e-03	-5.6071121414184004e-05
 1.7610099444927161e+00	 3.5605890081758149e-03	-5.6071121414374173e-05
 1.7671458676442586e+00	 3.5447641681391126e-03	-5.6071121414206941e-05
 1.7732817907958012e+00	 3.5289393281031688e-03	-5.6071121414348518e-05
 1.7794177139473437e+00	 3.5131144880664205e-03	-5.6071121414234981e-05
 1.7855536370988863e+00	 3.4972896480305179e-03	-5.6071121414317963e-05
 1.7916895602504286e+00	 3.4814648079937362e-03	-5.6071121414267785e-05
 1.7978254834019713e+00	 3.4656399679578575e-03	-5.6071121414283039e-05
 1.8039614065535141e+00	 3.4498151279210580e-03	-5.6071121414305109e-05
 1.8100973297050564e+00	 3.4339902878851871e-03	-5.6071121414244062e-05
 1.8162332528565992e+00	 3.4181654478483933e-03	-5.6071121414345035e-05
 1.8223691760081417e+00	 3.4023406078125058e-03	-5.6071121414204231e-05
 1.8285050991596843e+00	 3.3865157677757380e-03	-5.6071121414384256e-05
 1.8346410223112268e+00	 3.3706909277398151e-03	-5.6071121414167510e-05
 1.8407769454627694e+00	 3.3548660877030980e-03	-5.6071121414418029e-05
 1.8469128686143119e+00	 3.3390412476671095e-03	-5.6071121414138501e-05
 1.8530487917658545e+00	 3.3232164076304632e-03	-5.6071121414441651e-05
 1.8591847149173970e+00	 3.3073915675943997e-03	-5.6071121414120991e-05
 1.8653206380689393e+00	 3.2915667275578370e-03	-5.6071121414452757e-05
 1.8714565612204823e+00	 3.2757418875216833e-03	-5.6071121414116620e-05
 1.8775924843720246e+00	 3.2599170474852065e-03	-5.6071121414451015e-05
 1.8837284075235674e+00	 3.2440922074489756e-03	-5.6071121414124345e-05
 1.8898643306751099e+00	 3.2282673674125725e-03	-5.6071121414438357e-05
 1.8960002538266525e+00	 3.2124425273762709e-03	-5.6071121414141435e-05
 1.9021361769781950e+00	 3.1966176873399308e-03	-5.6071121414418225e-05
 1.9082721001297376e+00	 3.1807928473035728e-03	-5.6071121414164054e-05
 1.9144080232812801e+00	 3.1649680072672820e-03	-5.6071121414394264e-05
 1.9205439464328224e+00	 3.1491431672308833e-03	-5.6071121414189120e-05
 1.9266798695843652e+00	 3.1333183271946272e-03	-5.6071121414368975e-05
 1.9328157927359080e+00	 3.1174934871582021e-03	-5.6071121414214321e-05
 1.9389517158874505e+00	 3.1016686471219673e-03	-5.6071121414343903e-05
 1.9450876390389933e+00	 3.0858438070855230e-03	-5.6071121414239250e-05
 1.9512235621905356e+00	 3.0700189670493008e-03	-5.6071121414319224e-05
 1.9573594853420782e+00	 3.0541941270128461e-03	-5.6071121414264018e-05
 1.9634954084936207e+00	 3.0383692869766325e-03	-5.6071121414294579e-05
 1.9696313316451632e+00	 3.0225444469401770e-03	-5.6071121414289151e-05
 1.9757672547967058e+00	 3.0067196069039582e-03	-5.6071121414269371e-05
 1.9819031779482483e+00	 2.9908947668675096e-03	-5.6071121414314325e-05
 1.9880391010997909e+00	 2.9750699268312813e-03	-5.6071121414244455e-05
 1.9941750242513334e+00	 2.9592450867948488e-03	-5.6071121414338658e-05
 2.0003109474028760e+00	 2.9434202467585975e-03	-5.6071121414220907e-05
 2.0064468705544187e+00	 2.9275954067221940e-03	-5.6071121414360363e-05
 2.0125827937059610e+00	 2.9117705666859084e-03	-5.6071121414201195e-05
 2.0187187168575038e+00	 2.8959457266495431e-03	-5.6071121414377507e-05
 2.0248546400090461e+00	 2.8801208866132137e-03	-5.6071121414186890e-05
 2.0309905631605889e+00	 2.8642960465768987e-03	-5.6071121414388105e-05
 2.0371264863121317e+00	 2.8484712065405178e-03	-5.6071121414179579e-05
 2.0432624094636740e+00	 2.8326463665042539e-03	-5.6071121414391256e-05
 2.0493983326152168e+00	 2.8168215264678209e-03	-5.6071121414179972e-05
 2.0555342557667591e+00	 2.8009966864316086e-03	-5.6071121414387203e-05
 2.0616701789183018e+00	 2.7851718463951275e-03	-5.6071121414187507e-05
 2.0678061020698442e+00	 2.7693470063589595e-03	-5.6071121414376598e-05
 2.0739420252213869e+00	 2.7535221663224367e-03	-5.6071121414200551e-05
 2.0800779483729293e+00	 2.7376973262863069e-03	-5.6071121414361542e-05
 2.0862138715244720e+00	 2.7218724862497529e-03	-5.6071121414217255e-05
 2.0923497946760143e+00	 2.7060476462136482e-03	-5.6071121414343957e-05
 2.0984857178275571e+00	 2.6902228061770712e-03	-5.6071121414235374e-05
 2.1046216409790999e+00	 2.6743979661409804e-03	-5.6071121414325932e-05
 2.1107575641306422e+00	 2.6585731261043986e-03	-5.6071121414253365e-05
 2.1168934872821850e+00	 2.6427482860683109e-03	-5.6071121414308517e-05
 2.1230294104337273e+00	 2.6269234460317274e-03	-5.6071121414269777e-05
 2.1291653335852700e+00	 2.6110986059956409e-03	-5.6071121414292796e-05
 2.1353012567368124e+00	 2.5952737659590600e-03	-5.6071121414284455e-05
 2.1414371798883551e+00	 2.5794489259229640e-03	-5.6071121414278844e-05
 2.1475731030398975e+00	 2.5636240858863952e-03	-5.6071121414297350e-05
 2.1537090261914402e+00	 2.5477992458502858e-03	-5.6071121414266687e-05
 2.1598449493429825e+00	 2.5319744058137318e-03	-5.6071121414309039e-05
 2.1659808724945253e+00	 2.5161495657776097e-03	-5.6071121414255500e-05
 2.1721167956460681e+00	 2.5003247257410688e-03	-5.6071121414319569e-05
 2.1782527187976104e+00	 2.4844998857049320e-03	-5.6071121414245247e-05
 2.1843886419491532e+00	 2.4686750456684083e-03	-5.6071121414329314e-05
 2.1905245651006955e+00	 2.4528502056322507e-03	-5.6071121414235910e-05
 2.1966604882522383e+00	 2.4370253655957475e-03	-5.6071121414337723e-05
 2.2027964114037806e+00	 2.4212005255595669e-03	-5.6071121414228280e-05
 2.2089323345553233e+00	 2.4053756855230927e-03	-5.6071121414344594e-05
 2.2150682577068657e+00	 2.3895508454868800e-03	-5.6071121414222513e-05
 2.2212041808584084e+00	 2.3737260054504353e-03	-5.6071121414348829e-05
 2.2273401040099512e+00	 2.3579011654141948e-03	-5.6071121414219653e-05
 2.2334760271614935e+00	 2.3420763253777835e-03	-5.6071121414349785e-05
 2.2396119503130363e+00	 2.3262514853415058e-03	-5.6071121414220561e-05
 2.2457478734645786e+00	 2.3104266453051309e-03	-5.6071121414346790e-05
 2.2518837966161214e+00	 2.2946018052688194e-03	-5.6071121414225474e-05
 2.2580197197676637e+00	 2.2787769652324792e-03	-5.6071121414339620e-05
 2.2641556429192065e+00	 2.2629521251961320e-03	-5.6071121414234460e-05
 2.2702915660707488e+00	 2.2471272851598222e-03	-5.6071121414328521e-05
 2.2764274892222915e+00	 2.2313024451234482e-03	-5.6071121414247253e-05
 2.2825634123738339e+00	 2.2154776050871644e-03	-5.6071121414314033e-05
 2.2886993355253766e+00	 2.1996527650507670e-03	-5.6071121414263164e-05
 2.2948352586769194e+00	 2.1838279250145018e-03	-5.6071121414297038e-05
 2.3009711818284617e+00	 2.1680030849780879e-03	-5.6071121414281040e-05
 2.3071071049800045e+00	 2.1521782449418392e-03	-5.6071121414278742e-05
 2.3132430281315468e+00	 2.1363534049054144e-03	-5.6071121414299464e-05
 2.3193789512830896e+00	 2.1205285648691697e-03	-5.6071121414260148e-05
 2.3255148744346319e+00	 2.1047037248327466e-03	-5.6071121414317842e-05
 2.3316507975861747e+00	 2.0888788847964971e-03	-5.6071121414242489e-05
 2.3377867207377170e+00	 2.0730540447600788e-03	-5.6071121414335216e-05
 2.3439226438892597e+00	 2.0572292047238185e-03	-5.6071121414226240e-05
 2.3500585670408021e+00	 2.0414043646874167e-03	-5.6071121414350855e-05
 2.3561944901923448e+00	 2.0255795246511420e-03	-5.6071121414212213e-05
 2.3623304133438876e+00	 2.0097546846147563e-03	-5.6071121414363737e-05
 2.3684663364954299e+00	 1.9939298445784599e-03	-5.6071121414200117e-05
 2.3746022596469727e+00	 1.9781050045420967e-03	-5.6071121414374559e-05
 2.3807381827985150e+00	 1.9622801645057786e-03	-5.6071121414190455e-05
 2.3868741059500578e+00	 1.9464553244694369e-03	-5.6071121414383321e-05
 2.3930100291016001e+00	 1.9306304844330963e-03	-5.6071121414182858e-05
 2.3991459522531429e+00	 1.9148056443967795e-03	-5.6071121414390510e-05
 2.4052818754046852e+00	 1.8989808043604131e-03	-5.6071121414176888e-05
 2.4114177985562280e+00	 1.8831559643241200e-03	-5.6071121414395850e-05
 2.4175537217077703e+00	 1.8673311242877304e-03	-5.6071121414172308e-05
 2.4236896448593130e+00	 1.8515062842514626e-03	-5.6071121414399970e-05
 2.4298255680108558e+00	 1.8356814442150467e-03	-5.6071121414168886e-05
 2.4359614911623981e+00	 1.8198566041788035e-03	-5.6071121414402863e-05
 2.4420974143139409e+00	 1.8040317641423640e-03	-5.6071121414166555e-05
 2.4482333374654832e+00	 1.7882069241061467e-03	-5.6071121414404422e-05
 2.4543692606170260e+00	 1.7723820840696799e-03	-5.6071121414165681e-05
 2.4605051837685683e+00	 1.7565572440334887e-03	-5.6071121414404706e-05
 2.4666411069201111e+00	 1.7407324039969943e-03	-5.6071121414166236e-05
 2.4727770300716534e+00	 1.7249075639608339e-03	-5.6071121414403270e-05
 2.4789129532231962e+00	 1.7090827239243079e-03	-5.6071121414168676e-05
 2.4850488763747385e+00	 1.6932578838881778e-03	-5.6071121414400038e-05
 2.4911847995262812e+00	 1.6774330438516219e-03	-5.6071121414172938e-05
 2.4973207226778240e+00	 1.6616082038155204e-03	-5.6071121414394576e-05
 2.5034566458293663e+00	 1.6457833637789380e-03	-5.6071121414179497e-05
 2.5095925689809091e+00	 1.6299585237428643e-03	-5.6071121414386878e-05
 2.5157284921324514e+00	 1.6141336837062529e-03	-5.6071121414188483e-05
 2.5218644152839942e+00	 1.5983088436702085e-03	-5.6071121414376781e-05
 2.5280003384355365e+00	 1.5824840036335688e-03	-5.6071121414200009e-05
 2.5341362615870793e+00	 1.5666591635975493e-03	-5.6071121414364266e-05
 2.5402721847386216e+00	 1.5508343235608845e-03	-5.6071121414213501e-05
 2.5464081078901644e+00	 1.5350094835248880e-03	-5.6071121414349500e-05
 2.5525440310417071e+00	 1.5191846434882048e-03	-5.6071121414228917e-05
 2.5586799541932495e+00	 1.5033598034522252e-03	-5.6071121414332973e-05
 2.5648158773447922e+00	 1.4875349634155288e-03	-5.6071121414245891e-05
 2.5709518004963345e+00	 1.4717101233795613e-03	-5.6071121414315416e-05
 2.5770877236478773e+00	 1.4558852833428527e-03	-5.6071121414264133e-05
 2.5832236467994196e+00	 1.4400604433068920e-03	-5.6071121414297255e-05
 2.5893595699509624e+00	 1.4242356032701806e-03	-5.6071121414282558e-05
 2.5954954931025047e+00	 1.4084107632342205e-03	-5.6071121414278790e-05
 2.6016314162540475e+00	 1.3925859231975113e-03	-5.6071121414300914e-05
 2.6077673394055898e+00	 1.3767610831615462e-03	-5.6071121414260772e-05
 2.6139032625571326e+00	 1.3609362431248450e-03	-5.6071121414318438e-05
 2.6200391857086753e+00	 1.3451114030888721e-03	-5.6071121414243655e-05
 2.6261751088602177e+00	 1.3292865630521818e-03	-5.6071121414335006e-05
 2.6323110320117604e+00	 1.3134617230161918e-03	-5.6071121414228002e-05
 2.6384469551633027e+00	 1.2976368829795196e-03	-5.6071121414350029e-05
 2.6445828783148455e+00	 1.2818120429435133e-03	-5.6071121414213792e-05
 2.6507188014663878e+00	 1.2659872029068581e-03	-5.6071121414363297e-05
 2.6568547246179306e+00	 1.2501623628708293e-03	-5.6071121414201412e-05
 2.6629906477694729e+00	 1.2343375228341990e-03	-5.6071121414374694e-05
 2.6691265709210157e+00	 1.2185126827981472e-03	-5.6071121414190637e-05
 2.6752624940725580e+00	 1.2026878427615403e-03	-5.6071121414384269e-05
 2.6813984172241008e+00	 1.1868630027254651e-03	-5.6071121414181747e-05
 2.6875343403756435e+00	 1.1710381626888814e-03	-5.6071121414392197e-05
 2.6936702635271859e+00	 1.1552133226527803e-03	-5.6071121414174483e-05
 2.6998061866787286e+00	 1.1393884826162259e-03	-5.6071121414398425e-05
 2.7059421098302709e+00	 1.1235636425800969e-03	-5.6071121414168649e-05
 2.7120780329818137e+00	 1.1077388025435677e-03	-5.6071121414403372e-05
 2.7182139561333560e+00	 1.0919139625074135e-03	-5.6071121414164169e-05
 2.7243498792848988e+00	 1.0760891224709101e-03	-5.6071121414406943e-05
 2.7304858024364411e+00	 1.0602642824347290e-03	-5.6071121414160937e-05
 2.7366217255879839e+00	 1.0444394423982527e-03	-5.6071121414409389e-05
 2.7427576487395262e+00	 1.0286146023620463e-03	-5.6071121414159108e-05
 2.7488935718910690e+00	 1.0127897623255953e-03	-5.6071121414410968e-05
 2.7550294950426117e+00	 9.9696492228936351e-04	-5.6071121414158274e-05
 2.7611654181941541e+00	 9.8114008225293854e-04	-5.6071121414411212e-05
 2.7673013413456968e+00	 9.6531524221667923e-04	-5.6071121414158572e-05
 2.7734372644972392e+00	 9.4949040218028158e-04	-5.6071121414410520e-05
 2.7795731876487819e+00	 9.3366556214399539e-04	-5.6071121414159955e-05
 2.7857091108003242e+00	 9.1784072210762311e-04	-5.6071121414408555e-05
 2.7918450339518670e+00	 9.0201588207131219e-04	-5.6071121414162699e-05
 2.7979809571034093e+00	 8.8619104203496463e-04	-5.6071121414405377e-05
 2.8041168802549521e+00	 8.7036620199862867e-04	-5.6071121414166426e-05
 2.8102528034064944e+00	 8.5454136196230757e-04	-5.6071121414400803e-05
 2.8163887265580372e+00	 8.3871652192594656e-04	-5.6071121414171596e-05
 2.8225246497095799e+00	 8.2289168188964909e-04	-5.6071121414394996e-05
 2.8286605728611223e+00	 8.0706684185326283e-04	-5.6071121414177932e-05
 2.8347964960126650e+00	 7.9124200181699073e-04	-5.6071121414387861e-05
 2.8409324191642074e+00	 7.7541716178058191e-04	-5.6071121414185657e-05
 2.8470683423157501e+00	 7.5959232174433030e-04	-5.6071121414379262e-05
 2.8532042654672924e+00	 7.4376748170790099e-04	-5.6071121414194642e-05
 2.8593401886188352e+00	 7.2794264167167009e-04	-5.6071121414369538e-05
 2.8654761117703775e+00	 7.1211780163522192e-04	-5.6071121414204915e-05
 2.8716120349219203e+00	 6.9629296159900728e-04	-5.6071121414358702e-05
 2.8777479580734626e+00	 6.8046812156254285e-04	-5.6071121414216164e-05
 2.8838838812250054e+00	 6.6464328152634317e-04	-5.6071121414346864e-05
 2.8900198043765482e+00	 6.4881844148986659e-04	-5.6071121414228259e-05
 2.8961557275280905e+00	 6.3299360145367971e-04	-5.6071121414334260e-05
 2.9022916506796332e+00	 6.1716876141719066e-04	-5.6071121414241046e-05
 2.9084275738311756e+00	 6.0134392138101375e-04	-5.6071121414321223e-05
 2.9145634969827183e+00	 5.8551908134451842e-04	-5.6071121414254409e-05
 2.9206994201342606e+00	 5.6969424130834455e-04	-5.6071121414308050e-05
 2.9268353432858034e+00	 5.5386940127184661e-04	-5.6071121414267914e-05
 2.9329712664373457e+00	 5.3804456123567556e-04	-5.6071121414294612e-05
 2.9391071895888885e+00	 5.2221972119917610e-04	-5.6071121414281195e-05
 2.9452431127404308e+00	 5.0639488116300407e-04	-5.6071121414281609e-05
 2.9513790358919736e+00	 4.9057004112650732e-04	-5.6071121414294463e-05
 2.9575149590435164e+00	 4.7474520109033026e-04	-5.6071121414269134e-05
 2.9636508821950587e+00	 4.5892036105384126e-04	-5.6071121414306674e-05
 2.9697868053466014e+00	 4.4309552101765546e-04	-5.6071121414257451e-05
 2.9759227284981438e+00	 4.2727068098117569e-04	-5.6071121414317970e-05
 2.9820586516496865e+00	 4.1144584094497986e-04	-5.6071121414246589e-05
 2.9881945748012289e+00	 3.9562100090851119e-04	-5.6071121414328135e-05
 2.9943304979527716e+00	 3.7979616087230176e-04	-5.6071121414236906e-05
 3.0004664211043139e+00	 3.6397132083584741e-04	-5.6071121414337181e-05
 3.0066023442558567e+00	 3.4814648079962502e-04	-5.6071121414228469e-05
 3.0127382674073995e+00	 3.3232164076318601e-04	-5.6071121414344987e-05
 3.0188741905589418e+00	 3.1649680072694573e-04	-5.6071121414221151e-05
 3.0250101137104846e+00	 3.0067196069052265e-04	-5.6071121414351662e-05
 3.0311460368620269e+00	 2.8484712065426692e-04	-5.6071121414215242e-05
 3.0372819600135696e+00	 2.6902228061786125e-04	-5.6071121414356900e-05
 3.0434178831651120e+00	 2.5319744058158693e-04	-5.6071121414210505e-05
 3.0495538063166547e+00	 2.3737260054519914e-04	-5.6071121414361257e-05
 3.0556897294681971e+00	 2.2154776050890840e-04	-5.6071121414206934e-05
 3.0618256526197398e+00	 2.0572292047253888e-04	-5.6071121414364300e-05
 3.0679615757712821e+00	 1.8989808043622835e-04	-5.6071121414204231e-05
 3.0740974989228249e+00	 1.7407324039987547e-04	-5.6071121414366719e-05
 3.0802334220743677e+00	 1.5824840036354878e-04	-5.6071121414202381e-05
 3.0863693452259100e+00	 1.4242356032721315e-04	-5.6071121414367966e-05
 3.0925052683774528e+00	 1.2659872029087058e-04	-5.6071121414200985e-05
 3.0986411915289951e+00	 1.1077388025455094e-04	-5.6071121414369063e-05
 3.1047771146805379e+00	 9.4949040218193022e-05	-5.6071121414200443e-05
 3.1109130378320802e+00	 7.9124200181887963e-05	-5.6071121414369504e-05
 3.1170489609836229e+00	 6.3299360145514382e-05	-5.6071121414200023e-05
 3.1231848841351653e+00	 4.7474520109225043e-05	-5.6071121414369876e-05
 3.1293208072867080e+00	 3.1649680072835633e-05	-5.6071121414200233e-05
 3.1354567304382504e+00	 1.5824840036562232e-05	-5.6071121414368799e-05
