%# 1. u 2. x_tilde 3. y 
%# N = 1024	L =  0.0000000000000000e+00
%# H/L =  6.1551716808977495e-04	c =  1.6000000000000000e-01	h = 2.200000e-02	y0 = 0.000000e+00

-3.1415926535897931e+00	 1.0667591646858974e-16	-7.8441883392952827e-05
-3.1354567304382504e+00	-1.9634791871680677e-05	-7.8441883392915530e-05
-3.1293208072867080e+00	-3.9269583743317335e-05	-7.8441883392993688e-05
-3.1231848841351653e+00	-5.8904375615068810e-05	-7.8441883392847049e-05
-3.1170489609836229e+00	-7.8539167486664160e-05	-7.8441883393067522e-05
-3.1109130378320802e+00	-9.8173959358539235e-05	-7.8441883392794181e-05
-3.1047771146805379e+00	-1.1780875122995417e-04	-7.8441883393081413e-05
-3.0986411915289951e+00	-1.3744354310202267e-04	-7.8441883392823901e-05
-3.0925052683774528e+00	-1.5707833497328235e-04	-7.8441883393021308e-05
-3.0863693452259100e+00	-1.7671312684543021e-04	-7.8441883392887544e-05
-3.0802334220743677e+00	-1.9634791871669249e-04	-7.8441883392982873e-05
-3.0740974989228249e+00	-2.1598271058878744e-04	-7.8441883392880754e-05
-3.0679615757712821e+00	-2.3561750246009310e-04	-7.8441883393034806e-05
-3.0618256526197398e+00	-2.5525229433220886e-04	-7.8441883392803722e-05
-3.0556897294681971e+00	-2.7488708620339655e-04	-7.8441883393103802e-05
-3.0495538063166547e+00	-2.9452187807573089e-04	-7.8441883392776251e-05
-3.0434178831651120e+00	-3.1415666994663929e-04	-7.8441883393069419e-05
-3.0372819600135696e+00	-3.3379146181924425e-04	-7.8441883392872623e-05
-3.0311460368620269e+00	-3.5342625368996010e-04	-7.8441883392932295e-05
-3.0250101137104846e+00	-3.7306104556263618e-04	-7.8441883393015168e-05
-3.0188741905589418e+00	-3.9269583743340667e-04	-7.8441883392821421e-05
-3.0127382674073995e+00	-4.1233062930593704e-04	-7.8441883393068701e-05
-3.0066023442558567e+00	-4.3196542117687753e-04	-7.8441883392828333e-05
-3.0004664211043139e+00	-4.5160021304928560e-04	-7.8441883393021768e-05
-2.9943304979527716e+00	-4.7123500492025645e-04	-7.8441883392880565e-05
-2.9881945748012289e+00	-4.9086979679272696e-04	-7.8441883392998743e-05
-2.9820586516496865e+00	-5.1050458866359026e-04	-7.8441883392857566e-05
-2.9759227284981438e+00	-5.3013938053614144e-04	-7.8441883393059593e-05
-2.9697868053466014e+00	-5.4977417240700301e-04	-7.8441883392788367e-05
-2.9636508821950587e+00	-5.6940896427946312e-04	-7.8441883393101227e-05
-2.9575149590435164e+00	-5.8904375615047820e-04	-7.8441883392800700e-05
-2.9513790358919736e+00	-6.0867854802278479e-04	-7.8441883393033600e-05
-2.9452431127404308e+00	-6.2831333989388780e-04	-7.8441883392900582e-05
-2.9391071895888885e+00	-6.4794813176621423e-04	-7.8441883392938027e-05
-2.9329712664373457e+00	-6.6758292363719907e-04	-7.8441883392958559e-05
-2.9268353432858034e+00	-6.8721771550968736e-04	-7.8441883392931834e-05
-2.9206994201342606e+00	-7.0685250738053516e-04	-7.8441883392924190e-05
-2.9145634969827183e+00	-7.2648729925308179e-04	-7.8441883392975663e-05
-2.9084275738311756e+00	-7.4612209112396373e-04	-7.8441883392907981e-05
-2.9022916506796332e+00	-7.6575688299641582e-04	-7.8441883392937892e-05
-2.8961557275280905e+00	-7.8539167486738558e-04	-7.8441883393002863e-05
-2.8900198043765482e+00	-8.0502646673982791e-04	-7.8441883392807015e-05
-2.8838838812250054e+00	-8.2466125861068178e-04	-7.8441883393132032e-05
-2.8777479580734626e+00	-8.4429605048337803e-04	-7.8441883392719601e-05
-2.8716120349219203e+00	-8.6393084235387833e-04	-7.8441883393148295e-05
-2.8654761117703775e+00	-8.8356563422695351e-04	-7.8441883392783623e-05
-2.8593401886188352e+00	-9.0320042609712855e-04	-7.8441883393016307e-05
-2.8532042654672924e+00	-9.2283521797040821e-04	-7.8441883392953138e-05
-2.8470683423157501e+00	-9.4247000984053393e-04	-7.8441883392849922e-05
-2.8409324191642074e+00	-9.6210480171371265e-04	-7.8441883393075775e-05
-2.8347964960126650e+00	-9.8173959358405141e-04	-7.8441883392800415e-05
-2.8286605728611223e+00	-1.0013743854569816e-03	-7.8441883393042639e-05
-2.8225246497095799e+00	-1.0210091773275147e-03	-7.8441883392899538e-05
-2.8163887265580372e+00	-1.0406439692003723e-03	-7.8441883392914337e-05
-2.8102528034064944e+00	-1.0602787610708270e-03	-7.8441883393010262e-05
-2.8041168802549521e+00	-1.0799135529438930e-03	-7.8441883392859490e-05
-2.7979809571034093e+00	-1.0995483448140693e-03	-7.8441883392990530e-05
-2.7918450339518670e+00	-1.1191831366874009e-03	-7.8441883392947866e-05
-2.7857091108003242e+00	-1.1388179285574014e-03	-7.8441883392859938e-05
-2.7795731876487819e+00	-1.1584527204307757e-03	-7.8441883393084991e-05
-2.7734372644972392e+00	-1.1780875123008712e-03	-7.8441883392751517e-05
-2.7673013413456968e+00	-1.1977223041740408e-03	-7.8441883393136572e-05
-2.7611654181941541e+00	-1.2173570960443976e-03	-7.8441883392771575e-05
-2.7550294950426117e+00	-1.2369918879173163e-03	-7.8441883393045011e-05
-2.7488935718910690e+00	-1.2566266797878448e-03	-7.8441883392914636e-05
-2.7427576487395262e+00	-1.2762614716607217e-03	-7.8441883392885335e-05
-2.7366217255879839e+00	-1.2958962635311489e-03	-7.8441883393050364e-05
-2.7304858024364411e+00	-1.3155310554042424e-03	-7.8441883392804169e-05
-2.7243498792848988e+00	-1.3351658472743999e-03	-7.8441883393066993e-05
-2.7182139561333560e+00	-1.3548006391477421e-03	-7.8441883392839080e-05
-2.7120780329818137e+00	-1.3744354310177228e-03	-7.8441883393008812e-05
-2.7059421098302709e+00	-1.3940702228911561e-03	-7.8441883392892125e-05
-2.6998061866787286e+00	-1.4137050147611106e-03	-7.8441883392978712e-05
-2.6936702635271859e+00	-1.4333398066345396e-03	-7.8441883392896164e-05
-2.6875343403756435e+00	-1.4529745985045030e-03	-7.8441883392995327e-05
-2.6813984172241008e+00	-1.4726093903779419e-03	-7.8441883392866619e-05
-2.6752624940725580e+00	-1.4922441822478650e-03	-7.8441883393030808e-05
-2.6691265709210157e+00	-1.5118789741213705e-03	-7.8441883392830935e-05
-2.6629906477694729e+00	-1.5315137659912014e-03	-7.8441883393060854e-05
-2.6568547246179306e+00	-1.5511485578648268e-03	-7.8441883392811528e-05
-2.6507188014663878e+00	-1.5707833497345201e-03	-7.8441883393066844e-05
-2.6445828783148455e+00	-1.5904181416082851e-03	-7.8441883392817464e-05
-2.6384469551633027e+00	-1.6100529334778426e-03	-7.8441883393051733e-05
-2.6323110320117604e+00	-1.6296877253517425e-03	-7.8441883392841777e-05
-2.6261751088602177e+00	-1.6493225172211660e-03	-7.8441883393013230e-05
-2.6200391857086753e+00	-1.6689573090951885e-03	-7.8441883392899823e-05
-2.6139032625571326e+00	-1.6885921009645248e-03	-7.8441883392937729e-05
-2.6077673394055898e+00	-1.7082268928385711e-03	-7.8441883392977845e-05
-2.6016314162540475e+00	-1.7278616847079553e-03	-7.8441883392880754e-05
-2.5954954931025047e+00	-1.7474964765818966e-03	-7.8441883392991533e-05
-2.5893595699509624e+00	-1.7671312684514003e-03	-7.8441883392918159e-05
-2.5832236467994196e+00	-1.7867660603252716e-03	-7.8441883392917170e-05
-2.5770877236478773e+00	-1.8064008521947489e-03	-7.8441883392997225e-05
-2.5709518004963345e+00	-1.8260356440687486e-03	-7.8441883392869573e-05
-2.5648158773447922e+00	-1.8456704359380335e-03	-7.8441883392990326e-05
-2.5586799541932495e+00	-1.8653052278122203e-03	-7.8441883392930722e-05
-2.5525440310417071e+00	-1.8849400196813938e-03	-7.8441883392899606e-05
-2.5464081078901644e+00	-1.9045748115555814e-03	-7.8441883393013312e-05
-2.5402721847386216e+00	-1.9242096034248536e-03	-7.8441883392859219e-05
-2.5341362615870793e+00	-1.9438443952988910e-03	-7.8441883392995300e-05
-2.5280003384355365e+00	-1.9634791871682988e-03	-7.8441883392928066e-05
-2.5218644152839942e+00	-1.9831139790422703e-03	-7.8441883392902926e-05
-2.5157284921324514e+00	-2.0027487709116552e-03	-7.8441883393014084e-05
-2.5095925689809091e+00	-2.0223835627857195e-03	-7.8441883392842577e-05
-2.5034566458293663e+00	-2.0420183546549795e-03	-7.8441883393048047e-05
-2.4973207226778240e+00	-2.0616531465291617e-03	-7.8441883392822126e-05
-2.4911847995262812e+00	-2.0812879383983267e-03	-7.8441883393071479e-05
-2.4850488763747385e+00	-2.1009227302725970e-03	-7.8441883392788502e-05
-2.4789129532231962e+00	-2.1205575221416558e-03	-7.8441883393109602e-05
-2.4727770300716534e+00	-2.1401923140160662e-03	-7.8441883392759256e-05
-2.4666411069201111e+00	-2.1598271058849549e-03	-7.8441883393117314e-05
-2.4605051837685683e+00	-2.1794618977595448e-03	-7.8441883392778067e-05
-2.4543692606170260e+00	-2.1990966896282740e-03	-7.8441883393076277e-05
-2.4482333374654832e+00	-2.2187314815029758e-03	-7.8441883392828645e-05
-2.4420974143139409e+00	-2.2383662733716507e-03	-7.8441883393032732e-05
-2.4359614911623981e+00	-2.2580010652463547e-03	-7.8441883392846724e-05
-2.4298255680108558e+00	-2.2776358571150574e-03	-7.8441883393054240e-05
-2.4236896448593130e+00	-2.2972706489897479e-03	-7.8441883392783962e-05
-2.4175537217077703e+00	-2.3169054408583964e-03	-7.8441883393141356e-05
-2.4114177985562280e+00	-2.3365402327332483e-03	-7.8441883392706631e-05
-2.4052818754046852e+00	-2.3561750246016266e-03	-7.8441883393170141e-05
-2.3991459522531429e+00	-2.3758098164768076e-03	-7.8441883392749728e-05
-2.3930100291016001e+00	-2.3954446083448823e-03	-7.8441883393061382e-05
-2.3868741059500578e+00	-2.4150794002202654e-03	-7.8441883392889685e-05
-2.3807381827985150e+00	-2.4347141920882734e-03	-7.8441883392935778e-05
-2.3746022596469727e+00	-2.4543489839636101e-03	-7.8441883392967884e-05
-2.3684663364954299e+00	-2.4739837758317109e-03	-7.8441883392913213e-05
-2.3623304133438876e+00	-2.4936185677069790e-03	-7.8441883392951187e-05
-2.3561944901923448e+00	-2.5132533595750863e-03	-7.8441883392943543e-05
-2.3500585670408021e+00	-2.5328881514504126e-03	-7.8441883392926752e-05
-2.3439226438892597e+00	-2.5525229433184127e-03	-7.8441883392953287e-05
-2.3377867207377170e+00	-2.5721577351938787e-03	-7.8441883392936076e-05
-2.3316507975861747e+00	-2.5917925270617166e-03	-7.8441883392919867e-05
-2.3255148744346319e+00	-2.6114273189373509e-03	-7.8441883393000315e-05
-2.3193789512830896e+00	-2.6310621108050457e-03	-7.8441883392822316e-05
-2.3132430281315468e+00	-2.6506969026807606e-03	-7.8441883393118384e-05
-2.3071071049800045e+00	-2.6703316945484628e-03	-7.8441883392709911e-05
-2.3009711818284617e+00	-2.6899664864240809e-03	-7.8441883393195688e-05
-2.2948352586769194e+00	-2.7096012782919349e-03	-7.8441883392683619e-05
-2.2886993355253766e+00	-2.7292360701674078e-03	-7.8441883393177040e-05
-2.2825634123738339e+00	-2.7488708620353494e-03	-7.8441883392723220e-05
-2.2764274892222915e+00	-2.7685056539108080e-03	-7.8441883393144907e-05
-2.2702915660707488e+00	-2.7881404457787118e-03	-7.8441883392729779e-05
-2.2641556429192065e+00	-2.8077752376542199e-03	-7.8441883393164287e-05
-2.2580197197676637e+00	-2.8274100295220990e-03	-7.8441883392697551e-05
-2.2518837966161214e+00	-2.8470448213975871e-03	-7.8441883393191690e-05
-2.2457478734645786e+00	-2.8666796132655287e-03	-7.8441883392688986e-05
-2.2396119503130363e+00	-2.8863144051409343e-03	-7.8441883393175115e-05
-2.2334760271614935e+00	-2.9059491970089522e-03	-7.8441883392730538e-05
-2.2273401040099512e+00	-2.9255839888843085e-03	-7.8441883393115430e-05
-2.2212041808584084e+00	-2.9452187807523299e-03	-7.8441883392796661e-05
-2.2150682577068657e+00	-2.9648535726277364e-03	-7.8441883393057452e-05
-2.2089323345553233e+00	-2.9844883644956632e-03	-7.8441883392833930e-05
-2.2027964114037806e+00	-3.0041231563711851e-03	-7.8441883393045987e-05
-2.1966604882522383e+00	-3.0237579482390079e-03	-7.8441883392825921e-05
-2.1905245651006955e+00	-3.0433927401145987e-03	-7.8441883393057466e-05
-2.1843886419491532e+00	-3.0630275319823907e-03	-7.8441883392827940e-05
-2.1782527187976104e+00	-3.0826623238579950e-03	-7.8441883393035334e-05
-2.1721167956460681e+00	-3.1022971157257562e-03	-7.8441883392862797e-05
-2.1659808724945253e+00	-3.1219319076014307e-03	-7.8441883393005397e-05
-2.1598449493429825e+00	-3.1415666994690909e-03	-7.8441883392871783e-05
-2.1537090261914402e+00	-3.1612014913448626e-03	-7.8441883393018746e-05
-2.1475731030398975e+00	-3.1808362832124628e-03	-7.8441883392852999e-05
-2.1414371798883551e+00	-3.2004710750882437e-03	-7.8441883393016266e-05
-2.1353012567368124e+00	-3.2201058669558661e-03	-7.8441883392896584e-05
-2.1291653335852700e+00	-3.2397406588316525e-03	-7.8441883392934260e-05
-2.1230294104337273e+00	-3.2593754506991782e-03	-7.8441883392987386e-05
-2.1168934872821850e+00	-3.2790102425751789e-03	-7.8441883392877746e-05
-2.1107575641306422e+00	-3.2986450344424001e-03	-7.8441883392973183e-05
-2.1046216409790999e+00	-3.3182798263187122e-03	-7.8441883392971448e-05
-2.0984857178275571e+00	-3.3379146181857170e-03	-7.8441883392825799e-05
-2.0923497946760143e+00	-3.3575494100620872e-03	-7.8441883393121285e-05
-2.0862138715244720e+00	-3.3771842019291952e-03	-7.8441883392726621e-05
-2.0800779483729293e+00	-3.3968189938053577e-03	-7.8441883393138401e-05
-2.0739420252213869e+00	-3.4164537856726795e-03	-7.8441883392789221e-05
-2.0678061020698442e+00	-3.4360885775487141e-03	-7.8441883393028233e-05
-2.0616701789183018e+00	-3.4557233694160333e-03	-7.8441883392903048e-05
-2.0555342557667591e+00	-3.4753581612921918e-03	-7.8441883392947609e-05
-2.0493983326152168e+00	-3.4949929531593107e-03	-7.8441883392933108e-05
-2.0432624094636740e+00	-3.5146277450356879e-03	-7.8441883392965674e-05
-2.0371264863121317e+00	-3.5342625369026207e-03	-7.8441883392881202e-05
-2.0309905631605889e+00	-3.5538973287791184e-03	-7.8441883393032719e-05
-2.0248546400090461e+00	-3.5735321206460070e-03	-7.8441883392816759e-05
-2.0187187168575038e+00	-3.5931669125224808e-03	-7.8441883393077632e-05
-2.0125827937059610e+00	-3.6128017043894436e-03	-7.8441883392805700e-05
-2.0064468705544187e+00	-3.6324364962658207e-03	-7.8441883393048101e-05
-2.0003109474028760e+00	-3.6520712881328594e-03	-7.8441883392870129e-05
-1.9941750242513334e+00	-3.6717060800092217e-03	-7.8441883392966786e-05
-1.9880391010997909e+00	-3.6913408718762045e-03	-7.8441883392945441e-05
-1.9819031779482483e+00	-3.7109756637526748e-03	-7.8441883392912535e-05
-1.9757672547967058e+00	-3.7306104556195292e-03	-7.8441883392979362e-05
-1.9696313316451632e+00	-3.7502452474961210e-03	-7.8441883392885294e-05
-1.9634954084936207e+00	-3.7698800393628634e-03	-7.8441883393014138e-05
-1.9573594853420782e+00	-3.7895148312395784e-03	-7.8441883392842780e-05
-1.9512235621905356e+00	-3.8091496231061621e-03	-7.8441883393051042e-05
-1.9450876390389933e+00	-3.8287844149830766e-03	-7.8441883392830176e-05
-1.9389517158874505e+00	-3.8484192068494456e-03	-7.8441883393031675e-05
-1.9328157927359080e+00	-3.8680539987265513e-03	-7.8441883392872813e-05
-1.9266798695843652e+00	-3.8876887905927764e-03	-7.8441883392984919e-05
-1.9205439464328224e+00	-3.9073235824699836e-03	-7.8441883392907778e-05
-1.9144080232812801e+00	-3.9269583743361232e-03	-7.8441883392962395e-05
-1.9082721001297376e+00	-3.9465931662134189e-03	-7.8441883392927768e-05
-1.9021361769781950e+00	-3.9662279580794700e-03	-7.8441883392937079e-05
-1.8960002538266525e+00	-3.9858627499568420e-03	-7.8441883392955076e-05
-1.8898643306751099e+00	-4.0054975418228351e-03	-7.8441883392920816e-05
-1.8837284075235674e+00	-4.0251323337002617e-03	-7.8441883392951742e-05
-1.8775924843720246e+00	-4.0447671255661715e-03	-7.8441883392933745e-05
-1.8714565612204823e+00	-4.0644019174437326e-03	-7.8441883392954927e-05
-1.8653206380689393e+00	-4.0840367093094698e-03	-7.8441883392889753e-05
-1.8591847149173970e+00	-4.1036715011871887e-03	-7.8441883393043032e-05
-1.8530487917658545e+00	-4.1233062930528469e-03	-7.8441883392783786e-05
-1.8469128686143119e+00	-4.1429410849305312e-03	-7.8441883393124090e-05
-1.8407769454627694e+00	-4.1625758767963169e-03	-7.8441883392762874e-05
-1.8346410223112268e+00	-4.1822106686738528e-03	-7.8441883393077185e-05
-1.8285050991596843e+00	-4.2018454605397253e-03	-7.8441883392855384e-05
-1.8223691760081417e+00	-4.2214802524172838e-03	-7.8441883392975839e-05
-1.8162332528565992e+00	-4.2411150442830227e-03	-7.8441883392932972e-05
-1.8100973297050564e+00	-4.2607498361607972e-03	-7.8441883392939220e-05
-1.8039614065535141e+00	-4.2803846280262793e-03	-7.8441883392925261e-05
-1.7978254834019713e+00	-4.3000194199043131e-03	-7.8441883392988687e-05
-1.7916895602504286e+00	-4.3196542117695646e-03	-7.8441883392838267e-05
-1.7855536370988863e+00	-4.3392890036477675e-03	-7.8441883393104168e-05
-1.7794177139473437e+00	-4.3589237955129374e-03	-7.8441883392712540e-05
-1.7732817907958012e+00	-4.3785585873911213e-03	-7.8441883393214580e-05
-1.7671458676442586e+00	-4.3981933792564040e-03	-7.8441883392644764e-05
-1.7610099444927161e+00	-4.4178281711344247e-03	-7.8441883393226439e-05
-1.7548740213411735e+00	-4.4374629629998566e-03	-7.8441883392681925e-05
-1.7487380981896310e+00	-4.4570977548777924e-03	-7.8441883393165019e-05
-1.7426021750380882e+00	-4.4767325467432268e-03	-7.8441883392737003e-05
-1.7364662518865459e+00	-4.4963673386212268e-03	-7.8441883393138456e-05
-1.7303303287350031e+00	-4.5160021304865745e-03	-7.8441883392730836e-05
-1.7241944055834606e+00	-4.5356369223646317e-03	-7.8441883393163311e-05
-1.7180584824319181e+00	-4.5552717142299821e-03	-7.8441883392711131e-05
-1.7119225592803755e+00	-4.5749065061079820e-03	-7.8441883393156196e-05
-1.7057866361288330e+00	-4.5945412979734165e-03	-7.8441883392755800e-05
-1.6996507129772904e+00	-4.6141760898513410e-03	-7.8441883393077388e-05
-1.6935147898257479e+00	-4.6338108817168024e-03	-7.8441883392854937e-05
-1.6873788666742053e+00	-4.6534456735947720e-03	-7.8441883392974253e-05
-1.6812429435226628e+00	-4.6730804654601249e-03	-7.8441883392949073e-05
-1.6751070203711202e+00	-4.6927152573382497e-03	-7.8441883392894971e-05
-1.6689710972195775e+00	-4.7123500492034119e-03	-7.8441883393010669e-05
-1.6628351740680349e+00	-4.7319848410817544e-03	-7.8441883392854096e-05
-1.6566992509164924e+00	-4.7516196329466772e-03	-7.8441883393026390e-05
-1.6505633277649499e+00	-4.7712544248252643e-03	-7.8441883392866199e-05
-1.6444274046134073e+00	-4.7908892166899650e-03	-7.8441883392989703e-05
-1.6382914814618650e+00	-4.8105240085687360e-03	-7.8441883392917658e-05
-1.6321555583103224e+00	-4.8301588004332954e-03	-7.8441883392933962e-05
-1.6260196351587797e+00	-4.8497935923121609e-03	-7.8441883392970811e-05
-1.6198837120072371e+00	-4.8694283841766691e-03	-7.8441883392886961e-05
-1.6137477888556946e+00	-4.8890631760555433e-03	-7.8441883393006495e-05
-1.6076118657041520e+00	-4.9086979679200879e-03	-7.8441883392876160e-05
-1.6014759425526093e+00	-4.9283327597988893e-03	-7.8441883392971854e-05
-1.5953400194010667e+00	-4.9479675516635093e-03	-7.8441883392970296e-05
-1.5892040962495240e+00	-4.9676023435423038e-03	-7.8441883392830054e-05
-1.5830681730979816e+00	-4.9872371354067893e-03	-7.8441883393119699e-05
-1.5769322499464391e+00	-5.0068719272858839e-03	-7.8441883392728736e-05
-1.5707963267948966e+00	-5.0265067191499532e-03	-7.8441883393129348e-05
-1.5646604036433540e+00	-5.0461415110294727e-03	-7.8441883392813913e-05
-1.5585244804918115e+00	-5.0657763028932202e-03	-7.8441883392987630e-05
-1.5523885573402689e+00	-5.0854110947728933e-03	-7.8441883392951431e-05
-1.5462526341887264e+00	-5.1050458866366407e-03	-7.8441883392903888e-05
-1.5401167110371838e+00	-5.1246806785162410e-03	-7.8441883392964685e-05
-1.5339807878856411e+00	-5.1443154703800422e-03	-7.8441883392944153e-05
-1.5278448647340985e+00	-5.1639502622596659e-03	-7.8441883392902587e-05
-1.5217089415825558e+00	-5.1835850541233517e-03	-7.8441883393000017e-05
-1.5155730184310134e+00	-5.2032198460031619e-03	-7.8441883392868964e-05
-1.5094370952794709e+00	-5.2228546378666170e-03	-7.8441883393001372e-05
-1.5033011721279284e+00	-5.2424894297466822e-03	-7.8441883392908442e-05
-1.4971652489763858e+00	-5.2621242216098962e-03	-7.8441883392916885e-05
-1.4910293258248433e+00	-5.2817590134901331e-03	-7.8441883393026254e-05
-1.4848934026733007e+00	-5.3013938053532942e-03	-7.8441883392801797e-05
-1.4787574795217582e+00	-5.3210285972334521e-03	-7.8441883393088596e-05
-1.4726215563702154e+00	-5.3406633890967729e-03	-7.8441883392829241e-05
-1.4664856332186729e+00	-5.3602981809767964e-03	-7.8441883392972139e-05
-1.4603497100671303e+00	-5.3799329728401075e-03	-7.8441883392988361e-05
-1.4542137869155878e+00	-5.3995677647203470e-03	-7.8441883392840883e-05
-1.4480778637640452e+00	-5.4192025565832714e-03	-7.8441883393032746e-05
-1.4419419406125029e+00	-5.4388373484639662e-03	-7.8441883392904092e-05
-1.4358060174609601e+00	-5.4584721403264872e-03	-7.8441883392887029e-05
-1.4296700943094176e+00	-5.4781069322074423e-03	-7.8441883393081034e-05
-1.4235341711578751e+00	-5.4977417240698679e-03	-7.8441883392728844e-05
-1.4173982480063327e+00	-5.5173765159507952e-03	-7.8441883393191595e-05
-1.4112623248547900e+00	-5.5370113078132988e-03	-7.8441883392668874e-05
-1.4051264017032472e+00	-5.5566460996941602e-03	-7.8441883393217169e-05
-1.3989904785517047e+00	-5.5762808915566942e-03	-7.8441883392654414e-05
-1.3928545554001621e+00	-5.5959156834375651e-03	-7.8441883393244070e-05
-1.3867186322486196e+00	-5.6155504753000688e-03	-7.8441883392600962e-05
-1.3805827090970770e+00	-5.6351852671809354e-03	-7.8441883393320683e-05
-1.3744467859455345e+00	-5.6548200590435353e-03	-7.8441883392527670e-05
-1.3683108627939919e+00	-5.6744548509241868e-03	-7.8441883393347476e-05
-1.3621749396424494e+00	-5.6940896427870912e-03	-7.8441883392591110e-05
-1.3560390164909069e+00	-5.7137244346674347e-03	-7.8441883393175481e-05
-1.3499030933393643e+00	-5.7333592265305343e-03	-7.8441883392848242e-05
-1.3437671701878215e+00	-5.7529940184109073e-03	-7.8441883392897288e-05
-1.3376312470362790e+00	-5.7726288102737172e-03	-7.8441883393068579e-05
-1.3314953238847365e+00	-5.7922636021545655e-03	-7.8441883392792148e-05
-1.3253594007331939e+00	-5.8118983940168532e-03	-7.8441883393049063e-05
-1.3192234775816516e+00	-5.8315331858981249e-03	-7.8441883392892667e-05
-1.3130875544301088e+00	-5.8511679777601818e-03	-7.8441883392942866e-05
-1.3069516312785661e+00	-5.8708027696414977e-03	-7.8441883392933934e-05
-1.3008157081270237e+00	-5.8904375615035989e-03	-7.8441883393000166e-05
-1.2946797849754810e+00	-5.9100723533849261e-03	-7.8441883392797650e-05
-1.2885438618239387e+00	-5.9297071452468451e-03	-7.8441883393153973e-05
-1.2824079386723961e+00	-5.9493419371285505e-03	-7.8441883392699259e-05
-1.2762720155208533e+00	-5.9689767289899621e-03	-7.8441883393147671e-05
-1.2701360923693108e+00	-5.9886115208721835e-03	-7.8441883392812517e-05
-1.2640001692177683e+00	-6.0082463127331936e-03	-7.8441883392971258e-05
-1.2578642460662257e+00	-6.0278811046156336e-03	-7.8441883392986803e-05
-1.2517283229146834e+00	-6.0475158964765881e-03	-7.8441883392849705e-05
-1.2455923997631406e+00	-6.0671506883590073e-03	-7.8441883393042233e-05
-1.2394564766115981e+00	-6.0867854802199653e-03	-7.8441883392834622e-05
-1.2333205534600555e+00	-6.1064202721024391e-03	-7.8441883393055595e-05
-1.2271846303085130e+00	-6.1260550639633017e-03	-7.8441883392795970e-05
-1.2210487071569704e+00	-6.1456898558458622e-03	-7.8441883393114034e-05
-1.2149127840054279e+00	-6.1653246477066962e-03	-7.8441883392742505e-05
-1.2087768608538849e+00	-6.1849594395892177e-03	-7.8441883393130446e-05
-1.2026409377023426e+00	-6.2045942314501220e-03	-7.8441883392774394e-05
-1.1965050145507998e+00	-6.2242290233325967e-03	-7.8441883393055338e-05
-1.1903690913992575e+00	-6.2438638151934758e-03	-7.8441883392866429e-05
-1.1842331682477150e+00	-6.2634986070760623e-03	-7.8441883392965905e-05
-1.1780972450961724e+00	-6.2831333989367567e-03	-7.8441883392928147e-05
-1.1719613219446299e+00	-6.3027681908195696e-03	-7.8441883392936320e-05
-1.1658253987930873e+00	-6.3224029826800358e-03	-7.8441883392918905e-05
-1.1596894756415448e+00	-6.3420377745630283e-03	-7.8441883392956689e-05
-1.1535535524900022e+00	-6.3616725664233905e-03	-7.8441883392908388e-05
-1.1474176293384595e+00	-6.3813073583064202e-03	-7.8441883392907615e-05
-1.1412817061869169e+00	-6.4009421501667434e-03	-7.8441883393017526e-05
-1.1351457830353744e+00	-6.4205769420499111e-03	-7.8441883392744863e-05
-1.1290098598838318e+00	-6.4402117339099089e-03	-7.8441883393146831e-05
-1.1228739367322893e+00	-6.4598465257935805e-03	-7.8441883392692943e-05
-1.1167380135807468e+00	-6.4794813176529973e-03	-7.8441883393050771e-05
-1.1106020904292042e+00	-6.4991161095371546e-03	-7.8441883392870143e-05
-1.1044661672776617e+00	-6.5187509013963025e-03	-7.8441883392826775e-05
-1.0983302441261191e+00	-6.5383856932804789e-03	-7.8441883392990286e-05
-1.0921943209745768e+00	-6.5580204851397378e-03	-7.8441883392793395e-05
-1.0860583978230340e+00	-6.5776552770238283e-03	-7.8441883392875225e-05
-1.0799224746714913e+00	-6.5972900688829840e-03	-7.8441883392878505e-05
-1.0737865515199487e+00	-6.6169248607673729e-03	-7.8441883392793720e-05
-1.0676506283684062e+00	-6.6365596526260975e-03	-7.8441883392761885e-05
-1.0615147052168636e+00	-6.6561944445108438e-03	-7.8441883392922198e-05
-1.0553787820653213e+00	-6.6758292363693949e-03	-7.8441883392493152e-05
-1.0492428589137786e+00	-6.6954640282540206e-03	-7.8441883392986423e-05
-1.0431069357622360e+00	-6.7150988201128414e-03	-7.8441883392408408e-05
-1.0369710126106935e+00	-6.7347336119971480e-03	-7.8441883392731256e-05
-1.0308350894591509e+00	-6.7543684038560651e-03	-7.8441883392510567e-05
-1.0246991663076084e+00	-6.7740031957404835e-03	-7.8441883392372101e-05
-1.0185632431560658e+00	-6.7936379875989964e-03	-7.8441883392427368e-05
-1.0124273200045231e+00	-6.8132727794837826e-03	-7.8441883392169165e-05
-1.0062913968529805e+00	-6.8329075713419538e-03	-7.8441883392097215e-05
-1.0001554737014380e+00	-6.8525423632267443e-03	-7.8441883391853988e-05
-9.9401955054989533e-01	-6.8721771550848756e-03	-7.8441883391847686e-05
-9.8788362739835278e-01	-6.8918119469696159e-03	-7.8441883391144486e-05
-9.8174770424681035e-01	-6.9114467388273013e-03	-7.8441883391558312e-05
-9.7561178109526792e-01	-6.9310815307125438e-03	-7.8441883390335495e-05
-9.6947585794372526e-01	-6.9507163225692222e-03	-7.8441883390721146e-05
-9.6333993479218272e-01	-6.9703511144550432e-03	-7.8441883389582137e-05
-9.5720401164064017e-01	-6.9899859063109271e-03	-7.8441883389298930e-05
-9.5106808848909752e-01	-7.0096206981967047e-03	-7.8441883388448549e-05
-9.4493216533755497e-01	-7.0292554900521992e-03	-7.8441883387469623e-05
-9.3879624218601254e-01	-7.0488902819374416e-03	-7.8441883386540340e-05
-9.3266031903446978e-01	-7.0685250737925788e-03	-7.8441883385076803e-05
-9.2652439588292723e-01	-7.0881598656770267e-03	-7.8441883383563026e-05
-9.2038847273138458e-01	-7.1077946575315125e-03	-7.8441883381827557e-05
-9.1425254957984214e-01	-7.1274294494151590e-03	-7.8441883379139115e-05
-9.0811662642829971e-01	-7.1470642412681728e-03	-7.8441883377084918e-05
-9.0198070327675706e-01	-7.1666990331511809e-03	-7.8441883373030544e-05
-8.9584478012521440e-01	-7.1863338250018529e-03	-7.8441883369837433e-05
-8.8970885697367186e-01	-7.2059686168836632e-03	-7.8441883364535291e-05
-8.8357293382212931e-01	-7.2256034087316325e-03	-7.8441883359303040e-05
-8.7743701067058666e-01	-7.2452382006110158e-03	-7.8441883352109616e-05
-8.7130108751904423e-01	-7.2648729924554255e-03	-7.8441883344312563e-05
-8.6516516436750157e-01	-7.2845077843313732e-03	-7.8441883334128869e-05
-8.5902924121595903e-01	-7.3041425761704859e-03	-7.8441883322492127e-05
-8.5289331806441637e-01	-7.3237773680413206e-03	-7.8441883308440609e-05
-8.4675739491287394e-01	-7.3434121598734206e-03	-7.8441883290899207e-05
-8.4062147176133140e-01	-7.3630469517359798e-03	-7.8441883271156062e-05
-8.3448554860978885e-01	-7.3826817435586724e-03	-7.8441883245746740e-05
-8.2834962545824620e-01	-7.4023165354090877e-03	-7.8441883216873664e-05
-8.2221370230670354e-01	-7.4219513272178808e-03	-7.8441883180868828e-05
-8.1607777915516100e-01	-7.4415861190513487e-03	-7.8441883138467022e-05
-8.0994185600361845e-01	-7.4612209108395489e-03	-7.8441883087134671e-05
-8.0380593285207591e-01	-7.4808557026488972e-03	-7.8441883025444584e-05
-7.9767000970053337e-01	-7.5004904944071847e-03	-7.8441882951683518e-05
-7.9153408654899082e-01	-7.5201252861818125e-03	-7.8441882862524640e-05
-7.8539816339744839e-01	-7.5397600778969879e-03	-7.8441882755923064e-05
-7.7926224024590574e-01	-7.5593948696211794e-03	-7.8441882627614716e-05
-7.7312631709436319e-01	-7.5790296612747417e-03	-7.8441882473291249e-05
-7.6699039394282054e-01	-7.5986644529253888e-03	-7.8441882288419207e-05
-7.6085447079127788e-01	-7.6182992444906112e-03	-7.8441882065682461e-05
-7.5471854763973545e-01	-7.6379340360349379e-03	-7.8441881798507805e-05
-7.4858262448819290e-01	-7.6575688274723797e-03	-7.8441881477560923e-05
-7.4244670133665036e-01	-7.6772036188637663e-03	-7.8441881091444328e-05
-7.3631077818510771e-01	-7.6968384101163256e-03	-7.8441880628474456e-05
-7.3017485503356516e-01	-7.7164732012871351e-03	-7.8441880071241716e-05
-7.2403893188202262e-01	-7.7361079922730553e-03	-7.8441879402676442e-05
-7.1790300873048007e-01	-7.7557427831249741e-03	-7.8441878598916443e-05
-7.1176708557893753e-01	-7.7753775737267519e-03	-7.8441877633462760e-05
-7.0563116242739499e-01	-7.7950123641177269e-03	-7.8441876473682779e-05
-6.9949523927585233e-01	-7.8146471541654921e-03	-7.8441875080192529e-05
-6.9335931612430979e-01	-7.8342819438911113e-03	-7.8441873406026258e-05
-6.8722339297276724e-01	-7.8539167331390103e-03	-7.8441871395069346e-05
-6.8108746982122470e-01	-7.8735515219046336e-03	-7.8441868978521847e-05
-6.7495154666968216e-01	-7.8931863099979318e-03	-7.8441866075980169e-05
-6.6881562351813950e-01	-7.9128210973777209e-03	-7.8441862588382073e-05
-6.6267970036659696e-01	-7.9324558838051069e-03	-7.8441858398795258e-05
-6.5654377721505441e-01	-7.9520906691841215e-03	-7.8441853365110147e-05
-6.5040785406351198e-01	-7.9717254532072814e-03	-7.8441847318381667e-05
-6.4427193091196933e-01	-7.9913602356987655e-03	-7.8441840052785841e-05
-6.3813600776042678e-01	-8.0109950162513127e-03	-7.8441831325542114e-05
-6.3200008460888413e-01	-8.0306297945755313e-03	-7.8441820839225451e-05
-6.2586416145734158e-01	-8.0502645701190645e-03	-7.8441808242077192e-05
-6.1972823830579904e-01	-8.0698993424275240e-03	-7.8441793108115305e-05
-6.1359231515425650e-01	-8.0895341107430404e-03	-7.8441774925271524e-05
-6.0745639200271395e-01	-8.1091688743672504e-03	-7.8441753082289064e-05
-6.0132046885117130e-01	-8.1288036322509812e-03	-7.8441726839254125e-05
-5.9518454569962886e-01	-8.1484383833418210e-03	-7.8441695311229847e-05
-5.8904862254808610e-01	-8.1680731261672065e-03	-7.8441657435200887e-05
-5.8291269939654355e-01	-8.1877078591699320e-03	-7.8441611929667355e-05
-5.7677677624500112e-01	-8.2073425802610817e-03	-7.8441557261201773e-05
-5.7064085309345847e-01	-8.2269772871550843e-03	-7.8441491583134540e-05
-5.6450492994191592e-01	-8.2466119768789137e-03	-7.8441412677716411e-05
-5.5836900679037338e-01	-8.2662466460880837e-03	-7.8441317882359788e-05
-5.5223308363883084e-01	-8.2858812905381787e-03	-7.8441203996756218e-05
-5.4609716048728829e-01	-8.3055159053570873e-03	-7.8441067174960733e-05
-5.3996123733574575e-01	-8.3251504844612020e-03	-7.8440902800448482e-05
-5.3382531418420309e-01	-8.3447850207766239e-03	-7.8440705321937291e-05
-5.2768939103266055e-01	-8.3644195055660280e-03	-7.8440468074825388e-05
-5.2155346788111800e-01	-8.3840539285738938e-03	-7.8440183048211396e-05
-5.1541754472957546e-01	-8.4036882772357858e-03	-7.8439840623039316e-05
-5.0928162157803292e-01	-8.4233225367040792e-03	-7.8439429236193314e-05
-5.0314569842649037e-01	-8.4429566888887565e-03	-7.8438935004206082e-05
-4.9700977527494766e-01	-8.4625907123148745e-03	-7.8438341240253797e-05
-4.9087385212340517e-01	-8.4822245809204055e-03	-7.8437627902344127e-05
-4.8473792897186263e-01	-8.5018582636597565e-03	-7.8436770909076409e-05
-4.7860200582032003e-01	-8.5214917229690483e-03	-7.8435741332598096e-05
-4.7246608266877754e-01	-8.5411249139887655e-03	-7.8434504414477921e-05
-4.6633015951723489e-01	-8.5607577825515917e-03	-7.8433018402826395e-05
-4.6019423636569234e-01	-8.5803902638618007e-03	-7.8431233130937022e-05
-4.5405831321414980e-01	-8.6000222797892080e-03	-7.8429088333118005e-05
-4.4792239006260720e-01	-8.6196537367578784e-03	-7.8426511605706215e-05
-4.4178646691106466e-01	-8.6392845220565635e-03	-7.8423415963361064e-05
-4.3565054375952217e-01	-8.6589145005663976e-03	-7.8419696903221840e-05
-4.2951462060797951e-01	-8.6785435096632460e-03	-7.8415228879946477e-05
-4.2337869745643697e-01	-8.6981713542711378e-03	-7.8409861061140752e-05
-4.1724277430489443e-01	-8.7177977997240173e-03	-7.8403412246197345e-05
-4.1110685115335188e-01	-8.7374225644088494e-03	-7.8395664738955162e-05
-4.0497092800180928e-01	-8.7570453096846787e-03	-7.8386357008471456e-05
-3.9883500485026663e-01	-8.7766656290345375e-03	-7.8375174853154790e-05
-3.9269908169872408e-01	-8.7962830337522738e-03	-7.8361740801448428e-05
-3.8656315854718160e-01	-8.8158969370423848e-03	-7.8345601361616912e-05
-3.8042723539563900e-01	-8.8355066336041291e-03	-7.8326211727050031e-05
-3.7429131224409640e-01	-8.8551112764416028e-03	-7.8302917372772131e-05
-3.6815538909255391e-01	-8.8747098476376352e-03	-7.8274931982120780e-05
-3.6201946594101131e-01	-8.8943011246432127e-03	-7.8241310895333930e-05
-3.5588354278946877e-01	-8.9138836383470844e-03	-7.8200919238587515e-05
-3.4974761963792622e-01	-8.9334556241595850e-03	-7.8152393622284391e-05
-3.4361169648638362e-01	-8.9530149617681933e-03	-7.8094096134385528e-05
-3.3747577333484102e-01	-8.9725591042553541e-03	-7.8024059074737557e-05
-3.3133985018329848e-01	-8.9920849914299893e-03	-7.7939918572633417e-05
-3.2520392703175588e-01	-9.0115889472479858e-03	-7.7838834844319363e-05
-3.1906800388021334e-01	-9.0310665550150226e-03	-7.7717396417891502e-05
-3.1293208072867085e-01	-9.0505125090608058e-03	-7.7571505088162829e-05
-3.0679615757712825e-01	-9.0699204349275475e-03	-7.7396237747059645e-05
-3.0066023442558570e-01	-9.0892826750123903e-03	-7.7185680435741931e-05
-2.9452431127404310e-01	-9.1085900293714755e-03	-7.6932729074193583e-05
-2.8838838812250062e-01	-9.1278314460883289e-03	-7.6628850173377443e-05
-2.8225246497095796e-01	-9.1469936475716135e-03	-7.6263793524879552e-05
-2.7611654181941536e-01	-9.1660606834518040e-03	-7.5825247280350371e-05
-2.6998061866787282e-01	-9.1850133917061490e-03	-7.5298423906184023e-05
-2.6384469551633033e-01	-9.2038287532307493e-03	-7.4665563280006383e-05
-2.5770877236478773e-01	-9.2224791147553099e-03	-7.3905336477233437e-05
-2.5157284921324513e-01	-9.2409312574916816e-03	-7.2992130517466594e-05
-2.4543692606170259e-01	-9.2591452766102901e-03	-7.1895190601933476e-05
-2.3930100291016002e-01	-9.2770732376596891e-03	-7.0577591854526555e-05
-2.3316507975861744e-01	-9.2946575612075227e-03	-6.8995007185020753e-05
-2.2702915660707490e-01	-9.3118290854808695e-03	-6.7094231597837606e-05
-2.2089323345553236e-01	-9.3285047384050589e-03	-6.4811416007812982e-05
-2.1475731030398976e-01	-9.3445847455820713e-03	-6.2069954982504864e-05
-2.0862138715244721e-01	-9.3599492773543003e-03	-5.8777962967273348e-05
-2.0248546400090464e-01	-9.3744544281934104e-03	-5.4825262256966650e-05
-1.9634954084936207e-01	-9.3879273915851817e-03	-5.0079793298847917e-05
-1.9021361769781950e-01	-9.4001606766164151e-03	-4.4383343691681802e-05
-1.8407769454627693e-01	-9.4109051731192609e-03	-3.7546477194065610e-05
-1.7794177139473438e-01	-9.4198618457076531e-03	-2.9342528147916712e-05
-1.7180584824319181e-01	-9.4266717854227973e-03	-1.9500511489010692e-05
-1.6566992509164927e-01	-9.4309043084655087e-03	-7.6967851476856047e-06
-1.5953400194010672e-01	-9.4320427243849286e-03	 6.4547067686884347e-06
-1.5339807878856412e-01	-9.4294673411779058e-03	 2.3413781191612674e-05
-1.4726215563702158e-01	-9.4224351897302071e-03	 4.3727108921367873e-05
-1.4112623248547898e-01	-9.4100558784309171e-03	 6.8043167109695872e-05
-1.3499030933393641e-01	-9.3912628874249122e-03	 9.7129084442341450e-05
-1.2885438618239387e-01	-9.3647795298500737e-03	 1.3188926981808860e-04
-1.2271846303085131e-01	-9.3290787033860310e-03	 1.7338548022751419e-04
-1.1658253987930872e-01	-9.2823354898690109e-03	 2.2285761054880568e-04
-1.1044661672776616e-01	-9.2223716024720324e-03	 2.8174391183335328e-04
-1.0431069357622361e-01	-9.1465907160922285e-03	 3.5169847421956363e-04
-9.8174770424681035e-02	-9.0519038508541337e-03	 4.3460251879982674e-04
-9.2038847273138463e-02	-8.9346443688415409e-03	 5.3256415868598798e-04
-8.5902924121595906e-02	-8.7904729054394531e-03	 6.4789859057378979e-04
-7.9767000970053348e-02	-8.6142740536951229e-03	 7.8307689662961372e-04
-7.3631077818510776e-02	-8.4000493159910386e-03	 9.4062649249807646e-04
-6.7495154666968205e-02	-8.1408157127924995e-03	 1.1229595718424369e-03
-6.1359231515425654e-02	-7.8285279731523001e-03	 1.3320978697834579e-03
-5.5223308363883082e-02	-7.4540570201848877e-03	 1.5692539165101192e-03
-4.9087385212340517e-02	-7.0072821734765110e-03	 1.8342242732581613e-03
-4.2951462060797953e-02	-6.4773936918083247e-03	 2.1245576223281768e-03
-3.6815538909255388e-02	-5.8535580555546408e-03	 2.4344978621650679e-03
-3.0679615757712820e-02	-5.1261607104584675e-03	 2.7538010980125440e-03
-2.4543692606170259e-02	-4.2888641784703530e-03	 3.0667269904781995e-03
-1.8407769454627694e-02	-3.3415875315697605e-03	 3.3518229093677378e-03
-1.2271846303085129e-02	-2.2940392464044180e-03	 3.5834290563330142e-03
-6.1359231515425638e-03	-1.1685367760996745e-03	 3.7357189730172400e-03
 0.0000000000000000e+00	-2.9636382001606631e-15	 3.7889665434651140e-03
 6.1359231515425638e-03	 1.1685367760939100e-03	 3.7357189730177695e-03
 1.2271846303085129e-02	 2.2940392463989172e-03	 3.5834290563339991e-03
 1.8407769454627694e-02	 3.3415875315647705e-03	 3.3518229093690579e-03
 2.4543692606170259e-02	 4.2888641784658496e-03	 3.0667269904797209e-03
 3.0679615757712820e-02	 5.1261607104545730e-03	 2.7538010980141469e-03
 3.6815538909255388e-02	 5.8535580555512355e-03	 2.4344978621666574e-03
 4.2951462060797953e-02	 6.4773936918054650e-03	 2.1245576223296891e-03
 4.9087385212340517e-02	 7.0072821734740469e-03	 1.8342242732595573e-03
 5.5223308363883082e-02	 7.4540570201828650e-03	 1.5692539165113794e-03
 6.1359231515425654e-02	 7.8285279731505619e-03	 1.3320978697845766e-03
 6.7495154666968205e-02	 8.1408157127911013e-03	 1.1229595718434172e-03
 7.3631077818510776e-02	 8.4000493159898330e-03	 9.4062649249892659e-04
 7.9767000970053348e-02	 8.6142740536941757e-03	 7.8307689663034588e-04
 8.5902924121595906e-02	 8.7904729054386274e-03	 6.4789859057441483e-04
 9.2038847273138463e-02	 8.9346443688409164e-03	 5.3256415868652184e-04
 9.8174770424681035e-02	 9.0519038508535786e-03	 4.3460251880027680e-04
 1.0431069357622361e-01	 9.1465907160918295e-03	 3.5169847421994712e-04
 1.1044661672776616e-01	 9.2223716024716716e-03	 2.8174391183367296e-04
 1.1658253987930872e-01	 9.2823354898687715e-03	 2.2285761054907825e-04
 1.2271846303085131e-01	 9.3290787033858021e-03	 1.7338548022773911e-04
 1.2885438618239387e-01	 9.3647795298499453e-03	 1.3188926981828064e-04
 1.3499030933393641e-01	 9.3912628874247769e-03	 9.7129084442498957e-05
 1.4112623248547898e-01	 9.4100558784308633e-03	 6.8043167109830638e-05
 1.4726215563702158e-01	 9.4224351897301342e-03	 4.3727108921477459e-05
 1.5339807878856412e-01	 9.4294673411779058e-03	 2.3413781191707656e-05
 1.5953400194010672e-01	 9.4320427243849026e-03	 6.4547067687635428e-06
 1.6566992509164927e-01	 9.4309043084655469e-03	-7.6967851476182741e-06
 1.7180584824319181e-01	 9.4266717854228025e-03	-1.9500511488959541e-05
 1.7794177139473438e-01	 9.4198618457077173e-03	-2.9342528147869200e-05
 1.8407769454627693e-01	 9.4109051731192887e-03	-3.7546477194030563e-05
 1.9021361769781950e-01	 9.4001606766164966e-03	-4.4383343691648809e-05
 1.9634954084936207e-01	 9.3879273915852234e-03	-5.0079793298823536e-05
 2.0248546400090464e-01	 9.3744544281935040e-03	-5.4825262256943515e-05
 2.0862138715244721e-01	 9.3599492773543524e-03	-5.8777962967256699e-05
 2.1475731030398976e-01	 9.3445847455821737e-03	-6.2069954982487964e-05
 2.2089323345553236e-01	 9.3285047384051197e-03	-6.4811416007802167e-05
 2.2702915660707490e-01	 9.3118290854809788e-03	-6.7094231597825260e-05
 2.3316507975861744e-01	 9.2946575612075887e-03	-6.8995007185013854e-05
 2.3930100291016002e-01	 9.2770732376598018e-03	-7.0577591854518044e-05
 2.4543692606170259e-01	 9.2591452766103595e-03	-7.1895190601928434e-05
 2.5157284921324513e-01	 9.2409312574917944e-03	-7.2992130517460970e-05
 2.5770877236478773e-01	 9.2224791147553810e-03	-7.3905336477229574e-05
 2.6384469551633033e-01	 9.2038287532308638e-03	-7.4665563280002791e-05
 2.6998061866787282e-01	 9.1850133917062253e-03	-7.5298423906180879e-05
 2.7611654181941536e-01	 9.1660606834519150e-03	-7.5825247280348826e-05
 2.8225246497095796e-01	 9.1469936475716881e-03	-7.6263793524876137e-05
 2.8838838812250062e-01	 9.1278314460884451e-03	-7.6628850173378026e-05
 2.9452431127404310e-01	 9.1085900293715501e-03	-7.6932729074189233e-05
 3.0066023442558570e-01	 9.0892826750125066e-03	-7.7185680435744194e-05
 3.0679615757712825e-01	 9.0699204349276238e-03	-7.7396237747054915e-05
 3.1293208072867085e-01	 9.0505125090609255e-03	-7.7571505088165811e-05
 3.1906800388021334e-01	 9.0310665550151006e-03	-7.7717396417886813e-05
 3.2520392703175588e-01	 9.0115889472481055e-03	-7.7838834844322737e-05
 3.3133985018329848e-01	 8.9920849914300674e-03	-7.7939918572628579e-05
 3.3747577333484102e-01	 8.9725591042554721e-03	-7.8024059074741379e-05
 3.4361169648638362e-01	 8.9530149617682714e-03	-7.8094096134380053e-05
 3.4974761963792622e-01	 8.9334556241597064e-03	-7.8152393622289311e-05
 3.5588354278946877e-01	 8.9138836383471590e-03	-7.8200919238581172e-05
 3.6201946594101131e-01	 8.8943011246433359e-03	-7.8241310895339704e-05
 3.6815538909255391e-01	 8.8747098476377097e-03	-7.8274931982114587e-05
 3.7429131224409640e-01	 8.8551112764417277e-03	-7.8302917372777837e-05
 3.8042723539563900e-01	 8.8355066336042037e-03	-7.8326211727044990e-05
 3.8656315854718160e-01	 8.8158969370425097e-03	-7.8345601361621696e-05
 3.9269908169872408e-01	 8.7962830337523466e-03	-7.8361740801443752e-05
 3.9883500485026663e-01	 8.7766656290346606e-03	-7.8375174853159777e-05
 4.0497092800180928e-01	 8.7570453096847533e-03	-7.8386357008465709e-05
 4.1110685115335188e-01	 8.7374225644089743e-03	-7.8395664738961329e-05
 4.1724277430489443e-01	 8.7177977997240919e-03	-7.8403412246191002e-05
 4.2337869745643697e-01	 8.6981713542712627e-03	-7.8409861061147311e-05
 4.2951462060797951e-01	 8.6785435096633189e-03	-7.8415228879940365e-05
 4.3565054375952217e-01	 8.6589145005665259e-03	-7.8419696903227518e-05
 4.4178646691106466e-01	 8.6392845220566328e-03	-7.8423415963355724e-05
 4.4792239006260720e-01	 8.6196537367580050e-03	-7.8426511605711298e-05
 4.5405831321414980e-01	 8.6000222797892791e-03	-7.8429088333113235e-05
 4.6019423636569234e-01	 8.5803902638619291e-03	-7.8431233130941643e-05
 4.6633015951723489e-01	 8.5607577825516628e-03	-7.8433018402821570e-05
 4.7246608266877754e-01	 8.5411249139888939e-03	-7.8434504414482515e-05
 4.7860200582032003e-01	 8.5214917229691177e-03	-7.8435741332593393e-05
 4.8473792897186263e-01	 8.5018582636598866e-03	-7.8436770909080732e-05
 4.9087385212340517e-01	 8.4822245809204767e-03	-7.8437627902340048e-05
 4.9700977527494766e-01	 8.4625907123150011e-03	-7.8438341240257565e-05
 5.0314569842649037e-01	 8.4429566888888259e-03	-7.8438935004202735e-05
 5.0928162157803292e-01	 8.4233225367042076e-03	-7.8439429236196675e-05
 5.1541754472957546e-01	 8.4036882772358552e-03	-7.8439840623036172e-05
 5.2155346788111800e-01	 8.3840539285740222e-03	-7.8440183048214662e-05
 5.2768939103266055e-01	 8.3644195055660991e-03	-7.8440468074822013e-05
 5.3382531418420309e-01	 8.3447850207767557e-03	-7.8440705321940665e-05
 5.3996123733574575e-01	 8.3251504844612731e-03	-7.8440902800444972e-05
 5.4609716048728829e-01	 8.3055159053572174e-03	-7.8441067174964393e-05
 5.5223308363883084e-01	 8.2858812905382481e-03	-7.8441203996752545e-05
 5.5836900679037338e-01	 8.2662466460882121e-03	-7.8441317882363082e-05
 5.6450492994191592e-01	 8.2466119768789831e-03	-7.8441412677713443e-05
 5.7064085309345847e-01	 8.2269772871552162e-03	-7.8441491583137020e-05
 5.7677677624500112e-01	 8.2073425802611493e-03	-7.8441557261199225e-05
 5.8291269939654355e-01	 8.1877078591700621e-03	-7.8441611929669334e-05
 5.8904862254808610e-01	 8.1680731261672725e-03	-7.8441657435199112e-05
 5.9518454569962886e-01	 8.1484383833419494e-03	-7.8441695311231473e-05
 6.0132046885117130e-01	 8.1288036322510471e-03	-7.8441726839253406e-05
 6.0745639200271395e-01	 8.1091688743673805e-03	-7.8441753082289403e-05
 6.1359231515425650e-01	 8.0895341107431063e-03	-7.8441774925271538e-05
 6.1972823830579904e-01	 8.0698993424276541e-03	-7.8441793108114654e-05
 6.2586416145734158e-01	 8.0502645701191304e-03	-7.8441808242078086e-05
 6.3200008460888413e-01	 8.0306297945756597e-03	-7.8441820839223974e-05
 6.3813600776042678e-01	 8.0109950162513804e-03	-7.8441831325544025e-05
 6.4427193091196933e-01	 7.9913602356988939e-03	-7.8441840052783469e-05
 6.5040785406351198e-01	 7.9717254532073491e-03	-7.8441847318384432e-05
 6.5654377721505441e-01	 7.9520906691842481e-03	-7.8441853365107152e-05
 6.6267970036659696e-01	 7.9324558838051763e-03	-7.8441858398798159e-05
 6.6881562351813950e-01	 7.9128210973778475e-03	-7.8441862588379431e-05
 6.7495154666968216e-01	 7.8931863099980029e-03	-7.8441866075982920e-05
 6.8108746982122470e-01	 7.8735515219047602e-03	-7.8441868978518906e-05
 6.8722339297276724e-01	 7.8539167331390831e-03	-7.8441871395072151e-05
 6.9335931612430979e-01	 7.8342819438912328e-03	-7.8441873406023656e-05
 6.9949523927585233e-01	 7.8146471541655667e-03	-7.8441875080195077e-05
 7.0563116242739499e-01	 7.7950123641178483e-03	-7.8441876473680488e-05
 7.1176708557893753e-01	 7.7753775737268264e-03	-7.8441877633464129e-05
 7.1790300873048007e-01	 7.7557427831250947e-03	-7.8441878598915508e-05
 7.2403893188202262e-01	 7.7361079922731342e-03	-7.8441879402676578e-05
 7.3017485503356516e-01	 7.7164732012872557e-03	-7.8441880071241892e-05
 7.3631077818510771e-01	 7.6968384101164028e-03	-7.8441880628473656e-05
 7.4244670133665036e-01	 7.6772036188638842e-03	-7.8441881091445670e-05
 7.4858262448819290e-01	 7.6575688274724586e-03	-7.8441881477559053e-05
 7.5471854763973545e-01	 7.6379340360350559e-03	-7.8441881798510977e-05
 7.6085447079127788e-01	 7.6182992444906918e-03	-7.8441882065678477e-05
 7.6699039394282054e-01	 7.5986644529255033e-03	-7.8441882288424628e-05
 7.7312631709436319e-01	 7.5790296612748241e-03	-7.8441882473284378e-05
 7.7926224024590574e-01	 7.5593948696212948e-03	-7.8441882627623024e-05
 7.8539816339744839e-01	 7.5397600778970694e-03	-7.8441882755913740e-05
 7.9153408654899082e-01	 7.5201252861819296e-03	-7.8441882862536214e-05
 7.9767000970053337e-01	 7.5004904944072663e-03	-7.8441882951671809e-05
 8.0380593285207591e-01	 7.4808557026490143e-03	-7.8441883025459126e-05
 8.0994185600361845e-01	 7.4612209108396296e-03	-7.8441883087119804e-05
 8.1607777915516100e-01	 7.4415861190514666e-03	-7.8441883138484275e-05
 8.2221370230670354e-01	 7.4219513272179597e-03	-7.8441883180851182e-05
 8.2834962545824620e-01	 7.4023165354092056e-03	-7.8441883216893451e-05
 8.3448554860978885e-01	 7.3826817435587496e-03	-7.8441883245726398e-05
 8.4062147176133140e-01	 7.3630469517360986e-03	-7.8441883271178559e-05
 8.4675739491287394e-01	 7.3434121598734926e-03	-7.8441883290876290e-05
 8.5289331806441637e-01	 7.3237773680414429e-03	-7.8441883308465085e-05
 8.5902924121595903e-01	 7.3041425761705588e-03	-7.8441883322467285e-05
 8.6516516436750157e-01	 7.2845077843314973e-03	-7.8441883334155093e-05
 8.7130108751904423e-01	 7.2648729924554957e-03	-7.8441883344285851e-05
 8.7743701067058666e-01	 7.2452382006111433e-03	-7.8441883352137385e-05
 8.8357293382212931e-01	 7.2256034087316992e-03	-7.8441883359274336e-05
 8.8970885697367186e-01	 7.2059686168837915e-03	-7.8441883364565175e-05
 8.9584478012521440e-01	 7.1863338250019171e-03	-7.8441883369806777e-05
 9.0198070327675706e-01	 7.1666990331513136e-03	-7.8441883373061850e-05
 9.0811662642829971e-01	 7.1470642412682309e-03	-7.8441883377052961e-05
 9.1425254957984214e-01	 7.1274294494152951e-03	-7.8441883379171424e-05
 9.2038847273138458e-01	 7.1077946575315697e-03	-7.8441883381795383e-05
 9.2652439588292723e-01	 7.0881598656771672e-03	-7.8441883383595389e-05
 9.3266031903446978e-01	 7.0685250737926334e-03	-7.8441883385044480e-05
 9.3879624218601254e-01	 7.0488902819375856e-03	-7.8441883386572636e-05
 9.4493216533755497e-01	 7.0292554900522504e-03	-7.8441883387436894e-05
 9.5106808848909752e-01	 7.0096206981968522e-03	-7.8441883388481374e-05
 9.5720401164064017e-01	 6.9899859063109748e-03	-7.8441883389265387e-05
 9.6333993479218272e-01	 6.9703511144551950e-03	-7.8441883389615341e-05
 9.6947585794372526e-01	 6.9507163225692673e-03	-7.8441883390688077e-05
 9.7561178109526792e-01	 6.9310815307127016e-03	-7.8441883390367872e-05
 9.8174770424681035e-01	 6.9114467388273395e-03	-7.8441883391526708e-05
 9.8788362739835278e-01	 6.8918119469697729e-03	-7.8441883391175250e-05
 9.9401955054989533e-01	 6.8721771550849086e-03	-7.8441883391818155e-05
 1.0001554737014380e+00	 6.8525423632269057e-03	-7.8441883391883099e-05
 1.0062913968529805e+00	 6.8329075713419842e-03	-7.8441883392069161e-05
 1.0124273200045231e+00	 6.8132727794839466e-03	-7.8441883392197002e-05
 1.0185632431560658e+00	 6.7936379875990242e-03	-7.8441883392400317e-05
 1.0246991663076084e+00	 6.7740031957406492e-03	-7.8441883392398474e-05
 1.0308350894591509e+00	 6.7543684038560894e-03	-7.8441883392485156e-05
 1.0369710126106935e+00	 6.7347336119973188e-03	-7.8441883392755746e-05
 1.0431069357622360e+00	 6.7150988201128640e-03	-7.8441883392385409e-05
 1.0492428589137786e+00	 6.6954640282541958e-03	-7.8441883393007863e-05
 1.0553787820653213e+00	 6.6758292363694157e-03	-7.8441883392472972e-05
 1.0615147052168636e+00	 6.6561944445110198e-03	-7.8441883392941036e-05
 1.0676506283684062e+00	 6.6365596526261131e-03	-7.8441883392744226e-05
 1.0737865515199487e+00	 6.6169248607675533e-03	-7.8441883392810132e-05
 1.0799224746714913e+00	 6.5972900688829987e-03	-7.8441883392863204e-05
 1.0860583978230340e+00	 6.5776552770240087e-03	-7.8441883392889252e-05
 1.0921943209745768e+00	 6.5580204851397490e-03	-7.8441883392780804e-05
 1.0983302441261191e+00	 6.5383856932806628e-03	-7.8441883393001087e-05
 1.1044661672776617e+00	 6.5187509013963103e-03	-7.8441883392817722e-05
 1.1106020904292042e+00	 6.4991161095373428e-03	-7.8441883392877326e-05
 1.1167380135807468e+00	 6.4794813176530051e-03	-7.8441883393045743e-05
 1.1228739367322893e+00	 6.4598465257937679e-03	-7.8441883392695898e-05
 1.1290098598838318e+00	 6.4402117339099141e-03	-7.8441883393145516e-05
 1.1351457830353744e+00	 6.4205769420501001e-03	-7.8441883392744158e-05
 1.1412817061869169e+00	 6.4009421501667468e-03	-7.8441883393019424e-05
 1.1474176293384595e+00	 6.3813073583066093e-03	-7.8441883392903482e-05
 1.1535535524900022e+00	 6.3616725664233948e-03	-7.8441883392913741e-05
 1.1596894756415448e+00	 6.3420377745632191e-03	-7.8441883392949466e-05
 1.1658253987930873e+00	 6.3224029826800384e-03	-7.8441883392927646e-05
 1.1719613219446299e+00	 6.3027681908197604e-03	-7.8441883392925329e-05
 1.1780972450961724e+00	 6.2831333989367601e-03	-7.8441883392940602e-05
 1.1842331682477150e+00	 6.2634986070762540e-03	-7.8441883392951227e-05
 1.1903690913992575e+00	 6.2438638151934810e-03	-7.8441883392882625e-05
 1.1965050145507998e+00	 6.2242290233327866e-03	-7.8441883393037083e-05
 1.2026409377023426e+00	 6.2045942314501281e-03	-7.8441883392793097e-05
 1.2087768608538849e+00	 6.1849594395894068e-03	-7.8441883393110348e-05
 1.2149127840054279e+00	 6.1653246477067040e-03	-7.8441883392763633e-05
 1.2210487071569704e+00	 6.1456898558460531e-03	-7.8441883393091564e-05
 1.2271846303085130e+00	 6.1260550639633060e-03	-7.8441883392820229e-05
 1.2333205534600555e+00	 6.1064202721026316e-03	-7.8441883393029276e-05
 1.2394564766115981e+00	 6.0867854802199714e-03	-7.8441883392862485e-05
 1.2455923997631406e+00	 6.0671506883591964e-03	-7.8441883393012404e-05
 1.2517283229146834e+00	 6.0475158964765951e-03	-7.8441883392880781e-05
 1.2578642460662257e+00	 6.0278811046158218e-03	-7.8441883392954453e-05
 1.2640001692177683e+00	 6.0082463127332031e-03	-7.8441883393004448e-05
 1.2701360923693108e+00	 5.9886115208723717e-03	-7.8441883392778351e-05
 1.2762720155208533e+00	 5.9689767289899725e-03	-7.8441883393182799e-05
 1.2824079386723961e+00	 5.9493419371287369e-03	-7.8441883392662911e-05
 1.2885438618239387e+00	 5.9297071452468573e-03	-7.8441883393191554e-05
 1.2946797849754810e+00	 5.9100723533851117e-03	-7.8441883392758795e-05
 1.3008157081270237e+00	 5.8904375615036102e-03	-7.8441883393040254e-05
 1.3069516312785661e+00	 5.8708027696416833e-03	-7.8441883392892816e-05
 1.3130875544301088e+00	 5.8511679777601966e-03	-7.8441883392984404e-05
 1.3192234775816516e+00	 5.8315331858983062e-03	-7.8441883392850871e-05
 1.3253594007331939e+00	 5.8118983940168688e-03	-7.8441883393091388e-05
 1.3314953238847365e+00	 5.7922636021547486e-03	-7.8441883392749241e-05
 1.3376312470362790e+00	 5.7726288102737328e-03	-7.8441883393112096e-05
 1.3437671701878215e+00	 5.7529940184110904e-03	-7.8441883392852795e-05
 1.3499030933393643e+00	 5.7333592265305482e-03	-7.8441883392893887e-05
 1.3560390164909069e+00	 5.7137244346676169e-03	-7.8441883393128522e-05
 1.3621749396424494e+00	 5.6940896427871094e-03	-7.8441883392638720e-05
 1.3683108627939919e+00	 5.6744548509243672e-03	-7.8441883393299256e-05
 1.3744467859455345e+00	 5.6548200590435527e-03	-7.8441883392576310e-05
 1.3805827090970770e+00	 5.6351852671811141e-03	-7.8441883393271514e-05
 1.3867186322486196e+00	 5.6155504753000853e-03	-7.8441883392650538e-05
 1.3928545554001621e+00	 5.5959156834377429e-03	-7.8441883393193885e-05
 1.3989904785517047e+00	 5.5762808915567116e-03	-7.8441883392705845e-05
 1.4051264017032472e+00	 5.5566460996943363e-03	-7.8441883393165032e-05
 1.4112623248547900e+00	 5.5370113078133188e-03	-7.8441883392722014e-05
 1.4173982480063327e+00	 5.5173765159509730e-03	-7.8441883393138049e-05
 1.4235341711578751e+00	 5.4977417240698861e-03	-7.8441883392783054e-05
 1.4296700943094176e+00	 5.4781069322076166e-03	-7.8441883393026837e-05
 1.4358060174609601e+00	 5.4584721403265089e-03	-7.8441883392941090e-05
 1.4419419406125029e+00	 5.4388373484641379e-03	-7.8441883392849977e-05
 1.4480778637640452e+00	 5.4192025565832913e-03	-7.8441883393087186e-05
 1.4542137869155878e+00	 5.3995677647205222e-03	-7.8441883392785656e-05
 1.4603497100671303e+00	 5.3799329728401284e-03	-7.8441883393044442e-05
 1.4664856332186729e+00	 5.3602981809769707e-03	-7.8441883392915489e-05
 1.4726215563702154e+00	 5.3406633890967945e-03	-7.8441883392886785e-05
 1.4787574795217582e+00	 5.3210285972336256e-03	-7.8441883393030686e-05
 1.4848934026733007e+00	 5.3013938053533150e-03	-7.8441883392860141e-05
 1.4910293258248433e+00	 5.2817590134903074e-03	-7.8441883392967653e-05
 1.4971652489763858e+00	 5.2621242216099170e-03	-7.8441883392976232e-05
 1.5033011721279284e+00	 5.2424894297468574e-03	-7.8441883392848865e-05
 1.5094370952794709e+00	 5.2228546378666370e-03	-7.8441883393062412e-05
 1.5155730184310134e+00	 5.2032198460033353e-03	-7.8441883392807693e-05
 1.5217089415825558e+00	 5.1835850541233734e-03	-7.8441883393062927e-05
 1.5278448647340985e+00	 5.1639502622598393e-03	-7.8441883392838863e-05
 1.5339807878856411e+00	 5.1443154703800622e-03	-7.8441883393009408e-05
 1.5401167110371838e+00	 5.1246806785164162e-03	-7.8441883392899145e-05
 1.5462526341887264e+00	 5.1050458866366607e-03	-7.8441883392971028e-05
 1.5523885573402689e+00	 5.0854110947730667e-03	-7.8441883392884156e-05
 1.5585244804918115e+00	 5.0657763028932427e-03	-7.8441883393055487e-05
 1.5646604036433540e+00	 5.0461415110296445e-03	-7.8441883392745527e-05
 1.5707963267948966e+00	 5.0265067191499740e-03	-7.8441883393198927e-05
 1.5769322499464391e+00	 5.0068719272860565e-03	-7.8441883392658086e-05
 1.5830681730979816e+00	 4.9872371354068110e-03	-7.8441883393191012e-05
 1.5892040962495240e+00	 4.9676023435424764e-03	-7.8441883392756844e-05
 1.5953400194010667e+00	 4.9479675516635327e-03	-7.8441883393043737e-05
 1.6014759425526093e+00	 4.9283327597990610e-03	-7.8441883392896123e-05
 1.6076118657041520e+00	 4.9086979679201122e-03	-7.8441883392952664e-05
 1.6137477888556946e+00	 4.8890631760557177e-03	-7.8441883392928595e-05
 1.6198837120072371e+00	 4.8694283841766899e-03	-7.8441883392965891e-05
 1.6260196351587797e+00	 4.8497935923123327e-03	-7.8441883392890268e-05
 1.6321555583103224e+00	 4.8301588004333188e-03	-7.8441883393015250e-05
 1.6382914814618650e+00	 4.8105240085689061e-03	-7.8441883392834838e-05
 1.6444274046134073e+00	 4.7908892166899876e-03	-7.8441883393073742e-05
 1.6505633277649499e+00	 4.7712544248254343e-03	-7.8441883392780682e-05
 1.6566992509164924e+00	 4.7516196329467041e-03	-7.8441883393112814e-05
 1.6628351740680349e+00	 4.7319848410819244e-03	-7.8441883392766154e-05
 1.6689710972195775e+00	 4.7123500492034405e-03	-7.8441883393099655e-05
 1.6751070203711202e+00	 4.6927152573384154e-03	-7.8441883392804684e-05
 1.6812429435226628e+00	 4.6730804654601561e-03	-7.8441883393040552e-05
 1.6873788666742053e+00	 4.6534456735949359e-03	-7.8441883392882028e-05
 1.6935147898257479e+00	 4.6338108817168362e-03	-7.8441883392947853e-05
 1.6996507129772904e+00	 4.6141760898515058e-03	-7.8441883392983537e-05
 1.7057866361288330e+00	 4.5945412979734503e-03	-7.8441883392850166e-05
 1.7119225592803755e+00	 4.5749065061081425e-03	-7.8441883393060840e-05
 1.7180584824319181e+00	 4.5552717142300176e-03	-7.8441883392807679e-05
 1.7241944055834606e+00	 4.5356369223647931e-03	-7.8441883393065435e-05
 1.7303303287350031e+00	 4.5160021304866110e-03	-7.8441883392829878e-05
 1.7364662518865459e+00	 4.4963673386213881e-03	-7.8441883393038275e-05
 1.7426021750380882e+00	 4.4767325467432641e-03	-7.8441883392838416e-05
 1.7487380981896310e+00	 4.4570977548779502e-03	-7.8441883393062778e-05
 1.7548740213411735e+00	 4.4374629629998965e-03	-7.8441883392785033e-05
 1.7610099444927161e+00	 4.4178281711345800e-03	-7.8441883393122816e-05
 1.7671458676442586e+00	 4.3981933792564456e-03	-7.8441883392749064e-05
 1.7732817907958012e+00	 4.3785585873912739e-03	-7.8441883393109819e-05
 1.7794177139473437e+00	 4.3589237955129808e-03	-7.8441883392818358e-05
 1.7855536370988863e+00	 4.3392890036479184e-03	-7.8441883392997726e-05
 1.7916895602504286e+00	 4.3196542117696106e-03	-7.8441883392946376e-05
 1.7978254834019713e+00	 4.3000194199044597e-03	-7.8441883392880036e-05
 1.8039614065535141e+00	 4.2803846280263270e-03	-7.8441883393034928e-05
 1.8100973297050564e+00	 4.2607498361609437e-03	-7.8441883392829228e-05
 1.8162332528565992e+00	 4.2411150442830704e-03	-7.8441883393043330e-05
 1.8223691760081417e+00	 4.2214802524174286e-03	-7.8441883392865223e-05
 1.8285050991596843e+00	 4.2018454605397782e-03	-7.8441883392966284e-05
 1.8346410223112268e+00	 4.1822106686739916e-03	-7.8441883392966122e-05
 1.8407769454627694e+00	 4.1625758767963698e-03	-7.8441883392874236e-05
 1.8469128686143119e+00	 4.1429410849306717e-03	-7.8441883393011943e-05
 1.8530487917658545e+00	 4.1233062930529016e-03	-7.8441883392896435e-05
 1.8591847149173970e+00	 4.1036715011873292e-03	-7.8441883392929340e-05
 1.8653206380689393e+00	 4.0840367093095261e-03	-7.8441883393004082e-05
 1.8714565612204823e+00	 4.0644019174438696e-03	-7.8441883392840097e-05
 1.8775924843720246e+00	 4.0447671255662314e-03	-7.8441883393048833e-05
 1.8837284075235674e+00	 4.0251323337003944e-03	-7.8441883392836844e-05
 1.8898643306751099e+00	 4.0054975418228984e-03	-7.8441883393036012e-05
 1.8960002538266525e+00	 3.9858627499569747e-03	-7.8441883392839731e-05
 1.9021361769781950e+00	 3.9662279580795334e-03	-7.8441883393052749e-05
 1.9082721001297376e+00	 3.9465931662135498e-03	-7.8441883392811365e-05
 1.9144080232812801e+00	 3.9269583743361909e-03	-7.8441883393079339e-05
 1.9205439464328224e+00	 3.9073235824701119e-03	-7.8441883392790535e-05
 1.9266798695843652e+00	 3.8876887905928414e-03	-7.8441883393102718e-05
 1.9328157927359080e+00	 3.8680539987266806e-03	-7.8441883392754756e-05
 1.9389517158874505e+00	 3.8484192068495137e-03	-7.8441883393149772e-05
 1.9450876390389933e+00	 3.8287844149832023e-03	-7.8441883392711348e-05
 1.9512235621905356e+00	 3.8091496231062324e-03	-7.8441883393169315e-05
 1.9573594853420782e+00	 3.7895148312397037e-03	-7.8441883392723830e-05
 1.9634954084936207e+00	 3.7698800393629337e-03	-7.8441883393133089e-05
 1.9696313316451632e+00	 3.7502452474962463e-03	-7.8441883392765409e-05
 1.9757672547967058e+00	 3.7306104556196003e-03	-7.8441883393100048e-05
 1.9819031779482483e+00	 3.7109756637527984e-03	-7.8441883392791308e-05
 1.9880391010997909e+00	 3.6913408718762760e-03	-7.8441883393067888e-05
 1.9941750242513334e+00	 3.6717060800093427e-03	-7.8441883392843458e-05
 2.0003109474028760e+00	 3.6520712881329331e-03	-7.8441883392994257e-05
 2.0064468705544187e+00	 3.6324364962659430e-03	-7.8441883392922645e-05
 2.0125827937059610e+00	 3.6128017043895169e-03	-7.8441883392931874e-05
 2.0187187168575038e+00	 3.5931669125226001e-03	-7.8441883392950319e-05
 2.0248546400090461e+00	 3.5735321206460829e-03	-7.8441883392944831e-05
 2.0309905631605889e+00	 3.5538973287792363e-03	-7.8441883392903739e-05
 2.0371264863121317e+00	 3.5342625369026992e-03	-7.8441883393011157e-05
 2.0432624094636740e+00	 3.5146277450358041e-03	-7.8441883392834269e-05
 2.0493983326152168e+00	 3.4949929531593897e-03	-7.8441883393065679e-05
 2.0555342557667591e+00	 3.4753581612923055e-03	-7.8441883392813520e-05
 2.0616701789183018e+00	 3.4557233694161170e-03	-7.8441883393038235e-05
 2.0678061020698442e+00	 3.4360885775488225e-03	-7.8441883392891922e-05
 2.0739420252213869e+00	 3.4164537856727663e-03	-7.8441883392926331e-05
 2.0800779483729293e+00	 3.3968189938054665e-03	-7.8441883393000694e-05
 2.0862138715244720e+00	 3.3771842019292837e-03	-7.8441883392865101e-05
 2.0923497946760143e+00	 3.3575494100621917e-03	-7.8441883392982073e-05
 2.0984857178275571e+00	 3.3379146181858072e-03	-7.8441883392966054e-05
 2.1046216409790999e+00	 3.3182798263188124e-03	-7.8441883392830312e-05
 2.1107575641306422e+00	 3.2986450344424986e-03	-7.8441883393115498e-05
 2.1168934872821850e+00	 3.2790102425752764e-03	-7.8441883392734577e-05
 2.1230294104337273e+00	 3.2593754506992775e-03	-7.8441883393131151e-05
 2.1291653335852700e+00	 3.2397406588317475e-03	-7.8441883392789952e-05
 2.1353012567368124e+00	 3.2201058669559697e-03	-7.8441883393040972e-05
 2.1414371798883551e+00	 3.2004710750883330e-03	-7.8441883392871295e-05
 2.1475731030398975e+00	 3.1808362832125691e-03	-7.8441883392998051e-05
 2.1537090261914402e+00	 3.1612014913449506e-03	-7.8441883392872785e-05
 2.1598449493429825e+00	 3.1415666994692019e-03	-7.8441883393018177e-05
 2.1659808724945253e+00	 3.1219319076015123e-03	-7.8441883392858000e-05
 2.1721167956460681e+00	 3.1022971157258707e-03	-7.8441883393010588e-05
 2.1782527187976104e+00	 3.0826623238580731e-03	-7.8441883392887165e-05
 2.1843886419491532e+00	 3.0630275319825108e-03	-7.8441883392975405e-05
 2.1905245651006955e+00	 3.0433927401146712e-03	-7.8441883392909906e-05
 2.1966604882522383e+00	 3.0237579482391337e-03	-7.8441883392972546e-05
 2.2027964114037806e+00	 3.0041231563712550e-03	-7.8441883392899565e-05
 2.2089323345553233e+00	 2.9844883644957894e-03	-7.8441883392979701e-05
 2.2150682577068657e+00	 2.9648535726278040e-03	-7.8441883392911044e-05
 2.2212041808584084e+00	 2.9452187807524621e-03	-7.8441883392942635e-05
 2.2273401040099512e+00	 2.9255839888843727e-03	-7.8441883392968968e-05
 2.2334760271614935e+00	 2.9059491970090897e-03	-7.8441883392876838e-05
 2.2396119503130363e+00	 2.8863144051409911e-03	-7.8441883393028829e-05
 2.2457478734645786e+00	 2.8666796132656696e-03	-7.8441883392834161e-05
 2.2518837966161214e+00	 2.8470448213976417e-03	-7.8441883393047356e-05
 2.2580197197676637e+00	 2.8274100295222447e-03	-7.8441883392840734e-05
 2.2641556429192065e+00	 2.8077752376542706e-03	-7.8441883393021565e-05
 2.2702915660707488e+00	 2.7881404457788597e-03	-7.8441883392872026e-05
 2.2764274892222915e+00	 2.7685056539108579e-03	-7.8441883393002524e-05
 2.2825634123738339e+00	 2.7488708620354995e-03	-7.8441883392865670e-05
 2.2886993355253766e+00	 2.7292360701674516e-03	-7.8441883393034399e-05
 2.2948352586769194e+00	 2.7096012782920923e-03	-7.8441883392825582e-05
 2.3009711818284617e+00	 2.6899664864241213e-03	-7.8441883393054525e-05
 2.3071071049800045e+00	 2.6703316945486245e-03	-7.8441883392849814e-05
 2.3132430281315468e+00	 2.6506969026807961e-03	-7.8441883392979728e-05
 2.3193789512830896e+00	 2.6310621108052079e-03	-7.8441883392959616e-05
 2.3255148744346319e+00	 2.6114273189373855e-03	-7.8441883392863597e-05
 2.3316507975861747e+00	 2.5917925270618836e-03	-7.8441883393055772e-05
 2.3377867207377170e+00	 2.5721577351939091e-03	-7.8441883392800727e-05
 2.3439226438892597e+00	 2.5525229433185814e-03	-7.8441883393088067e-05
 2.3500585670408021e+00	 2.5328881514504386e-03	-7.8441883392792798e-05
 2.3561944901923448e+00	 2.5132533595752606e-03	-7.8441883393076155e-05
 2.3623304133438876e+00	 2.4936185677070016e-03	-7.8441883392819944e-05
 2.3684663364954299e+00	 2.4739837758318891e-03	-7.8441883393042707e-05
 2.3746022596469727e+00	 2.4543489839636301e-03	-7.8441883392840137e-05
 2.3807381827985150e+00	 2.4347141920884534e-03	-7.8441883393061531e-05
 2.3868741059500578e+00	 2.4150794002202819e-03	-7.8441883392765029e-05
 2.3930100291016001e+00	 2.3954446083450653e-03	-7.8441883393184683e-05
 2.3991459522531429e+00	 2.3758098164768228e-03	-7.8441883392627390e-05
 2.4052818754046852e+00	 2.3561750246018113e-03	-7.8441883393290894e-05
 2.4114177985562280e+00	 2.3365402327332621e-03	-7.8441883392586936e-05
 2.4175537217077703e+00	 2.3169054408585846e-03	-7.8441883393259371e-05
 2.4236896448593130e+00	 2.2972706489897583e-03	-7.8441883392667139e-05
 2.4298255680108558e+00	 2.2776358571152491e-03	-7.8441883393169003e-05
 2.4359614911623981e+00	 2.2580010652463625e-03	-7.8441883392733601e-05
 2.4420974143139409e+00	 2.2383662733718433e-03	-7.8441883393143850e-05
 2.4482333374654832e+00	 2.2187314815029844e-03	-7.8441883392719289e-05
 2.4543692606170260e+00	 2.1990966896284665e-03	-7.8441883393183965e-05
 2.4605051837685683e+00	 2.1794618977595513e-03	-7.8441883392671490e-05
 2.4666411069201111e+00	 2.1598271058851496e-03	-7.8441883393222332e-05
 2.4727770300716534e+00	 2.1401923140160740e-03	-7.8441883392654996e-05
 2.4789129532231962e+00	 2.1205575221418509e-03	-7.8441883393212561e-05
 2.4850488763747385e+00	 2.1009227302726027e-03	-7.8441883392686519e-05
 2.4911847995262812e+00	 2.0812879383985236e-03	-7.8441883393172066e-05
 2.4973207226778240e+00	 2.0616531465291661e-03	-7.8441883392722610e-05
 2.5034566458293663e+00	 2.0420183546551781e-03	-7.8441883393146031e-05
 2.5095925689809091e+00	 2.0223835627857243e-03	-7.8441883392745554e-05
 2.5157284921324514e+00	 2.0027487709118499e-03	-7.8441883393110578e-05
 2.5218644152839942e+00	 1.9831139790422760e-03	-7.8441883392806839e-05
 2.5280003384355365e+00	 1.9634791871684957e-03	-7.8441883393023896e-05
 2.5341362615870793e+00	 1.9438443952988938e-03	-7.8441883392899470e-05
 2.5402721847386216e+00	 1.9242096034250505e-03	-7.8441883392954954e-05
 2.5464081078901644e+00	 1.9045748115555853e-03	-7.8441883392918308e-05
 2.5525440310417071e+00	 1.8849400196815920e-03	-7.8441883392993877e-05
 2.5586799541932495e+00	 1.8653052278122216e-03	-7.8441883392837075e-05
 2.5648158773447922e+00	 1.8456704359382336e-03	-7.8441883393082646e-05
 2.5709518004963345e+00	 1.8260356440687499e-03	-7.8441883392777565e-05
 2.5770877236478773e+00	 1.8064008521949495e-03	-7.8441883393088460e-05
 2.5832236467994196e+00	 1.7867660603252719e-03	-7.8441883392825989e-05
 2.5893595699509624e+00	 1.7671312684516027e-03	-7.8441883393008988e-05
 2.5954954931025047e+00	 1.7474964765818962e-03	-7.8441883392900744e-05
 2.6016314162540475e+00	 1.7278616847081580e-03	-7.8441883392970716e-05
 2.6077673394055898e+00	 1.7082268928385678e-03	-7.8441883392888452e-05
 2.6139032625571326e+00	 1.6885921009647290e-03	-7.8441883393026363e-05
 2.6200391857086753e+00	 1.6689573090951820e-03	-7.8441883392811677e-05
 2.6261751088602177e+00	 1.6493225172213742e-03	-7.8441883393100292e-05
 2.6323110320117604e+00	 1.6296877253517352e-03	-7.8441883392755434e-05
 2.6384469551633027e+00	 1.6100529334780506e-03	-7.8441883393137317e-05
 2.6445828783148455e+00	 1.5904181416082775e-03	-7.8441883392732395e-05
 2.6507188014663878e+00	 1.5707833497347317e-03	-7.8441883393151263e-05
 2.6568547246179306e+00	 1.5511485578648145e-03	-7.8441883392727719e-05
 2.6629906477694729e+00	 1.5315137659914139e-03	-7.8441883393143958e-05
 2.6691265709210157e+00	 1.5118789741213590e-03	-7.8441883392748807e-05
 2.6752624940725580e+00	 1.4922441822480819e-03	-7.8441883393111716e-05
 2.6813984172241008e+00	 1.4726093903779259e-03	-7.8441883392787161e-05
 2.6875343403756435e+00	 1.4529745985047205e-03	-7.8441883393073580e-05
 2.6936702635271859e+00	 1.4333398066345220e-03	-7.8441883392819077e-05
 2.6998061866787286e+00	 1.4137050147613320e-03	-7.8441883393054796e-05
 2.7059421098302709e+00	 1.3940702228911370e-03	-7.8441883392817586e-05
 2.7120780329818137e+00	 1.3744354310179440e-03	-7.8441883393082660e-05
 2.7182139561333560e+00	 1.3548006391477232e-03	-7.8441883392766927e-05
 2.7243498792848988e+00	 1.3351658472746223e-03	-7.8441883393138700e-05
 2.7304858024364411e+00	 1.3155310554042181e-03	-7.8441883392734550e-05
 2.7366217255879839e+00	 1.2958962635313720e-03	-7.8441883393119523e-05
 2.7427576487395262e+00	 1.2762614716606982e-03	-7.8441883392818860e-05
 2.7488935718910690e+00	 1.2566266797880686e-03	-7.8441883392980596e-05
 2.7550294950426117e+00	 1.2369918879172916e-03	-7.8441883392981233e-05
 2.7611654181941541e+00	 1.2173570960446222e-03	-7.8441883392835096e-05
 2.7673013413456968e+00	 1.1977223041740154e-03	-7.8441883393074664e-05
 2.7734372644972392e+00	 1.1780875123010945e-03	-7.8441883392813303e-05
 2.7795731876487819e+00	 1.1584527204307482e-03	-7.8441883393024438e-05
 2.7857091108003242e+00	 1.1388179285576276e-03	-7.8441883392919596e-05
 2.7918450339518670e+00	 1.1191831366873714e-03	-7.8441883392889875e-05
 2.7979809571034093e+00	 1.0995483448142953e-03	-7.8441883393047396e-05
 2.8041168802549521e+00	 1.0799135529438639e-03	-7.8441883392804874e-05
 2.8102528034064944e+00	 1.0602787610710538e-03	-7.8441883393064079e-05
 2.8163887265580372e+00	 1.0406439692003419e-03	-7.8441883392862242e-05
 2.8225246497095799e+00	 1.0210091773277439e-03	-7.8441883392950943e-05
 2.8286605728611223e+00	 1.0013743854569480e-03	-7.8441883392992495e-05
 2.8347964960126650e+00	 9.8173959358428169e-04	-7.8441883392849448e-05
 2.8409324191642074e+00	 9.6210480171367904e-04	-7.8441883393028179e-05
 2.8470683423157501e+00	 9.4247000984076779e-04	-7.8441883392896096e-05
 2.8532042654672924e+00	 9.2283521797037417e-04	-7.8441883392908740e-05
 2.8593401886188352e+00	 9.0320042609736307e-04	-7.8441883393059106e-05
 2.8654761117703775e+00	 8.8356563422691773e-04	-7.8441883392742776e-05
 2.8716120349219203e+00	 8.6393084235411154e-04	-7.8441883393187638e-05
 2.8777479580734626e+00	 8.4429605048334257e-04	-7.8441883392681817e-05
 2.8838838812250054e+00	 8.2466125861091412e-04	-7.8441883393168732e-05
 2.8900198043765482e+00	 8.0502646673979354e-04	-7.8441883392771724e-05
 2.8961557275280905e+00	 7.8539167486761977e-04	-7.8441883393037205e-05
 2.9022916506796332e+00	 7.6575688299637939e-04	-7.8441883392905447e-05
 2.9084275738311756e+00	 7.4612209112419824e-04	-7.8441883392939030e-05
 2.9145634969827183e+00	 7.2648729925304503e-04	-7.8441883392946782e-05
 2.9206994201342606e+00	 7.0685250738076794e-04	-7.8441883392951512e-05
 2.9268353432858034e+00	 6.8721771550964974e-04	-7.8441883392906978e-05
 2.9329712664373457e+00	 6.6758292363743141e-04	-7.8441883392982209e-05
 2.9391071895888885e+00	 6.4794813176617726e-04	-7.8441883392916357e-05
 2.9452431127404308e+00	 6.2831333989411960e-04	-7.8441883392921195e-05
 2.9513790358919736e+00	 6.0867854802275074e-04	-7.8441883393014626e-05
 2.9575149590435164e+00	 5.8904375615070946e-04	-7.8441883392818413e-05
 2.9636508821950587e+00	 5.6940896427942853e-04	-7.8441883393084964e-05
 2.9697868053466014e+00	 5.4977417240723286e-04	-7.8441883392803017e-05
 2.9759227284981438e+00	 5.3013938053610870e-04	-7.8441883393046597e-05
 2.9820586516496865e+00	 5.1050458866381816e-04	-7.8441883392869601e-05
 2.9881945748012289e+00	 4.9086979679269314e-04	-7.8441883392988375e-05
 2.9943304979527716e+00	 4.7123500492048136e-04	-7.8441883392889699e-05
 3.0004664211043139e+00	 4.5160021304925502e-04	-7.8441883393014016e-05
 3.0066023442558567e+00	 4.3196542117710185e-04	-7.8441883392835191e-05
 3.0127382674073995e+00	 4.1233062930590961e-04	-7.8441883393062846e-05
 3.0188741905589418e+00	 3.9269583743362947e-04	-7.8441883392827032e-05
 3.0250101137104846e+00	 3.7306104556261000e-04	-7.8441883393010127e-05
 3.0311460368620269e+00	 3.5342625369017970e-04	-7.8441883392936821e-05
 3.0372819600135696e+00	 3.3379146181921943e-04	-7.8441883392868923e-05
 3.0434178831651120e+00	 3.1415666994685765e-04	-7.8441883393072346e-05
 3.0495538063166547e+00	 2.9452187807570856e-04	-7.8441883392774326e-05
 3.0556897294681971e+00	 2.7488708620361415e-04	-7.8441883393105184e-05
 3.0618256526197398e+00	 2.5525229433218815e-04	-7.8441883392802814e-05
 3.0679615757712821e+00	 2.3561750246031064e-04	-7.8441883393035904e-05
 3.0740974989228249e+00	 2.1598271058876608e-04	-7.8441883392879738e-05
 3.0802334220743677e+00	 1.9634791871690722e-04	-7.8441883392984011e-05
 3.0863693452259100e+00	 1.7671312684541026e-04	-7.8441883392886555e-05
 3.0925052683774528e+00	 1.5707833497349746e-04	-7.8441883393022243e-05
 3.0986411915289951e+00	 1.3744354310200380e-04	-7.8441883392823075e-05
 3.1047771146805379e+00	 1.1780875123016798e-04	-7.8441883393081982e-05
 3.1109130378320802e+00	 9.8173959358520586e-05	-7.8441883392793950e-05
 3.1170489609836229e+00	 7.8539167486877748e-05	-7.8441883393067318e-05
 3.1231848841351653e+00	 5.8904375615050813e-05	-7.8441883392847347e-05
 3.1293208072867080e+00	 3.9269583743530923e-05	-7.8441883392993633e-05
 3.1354567304382504e+00	 1.9634791871663438e-05	-7.8441883392915571e-05
