%# 1. u 2. x_tilde 3. y 
%# N = 1024	L =  0.0000000000000000e+00
%# H/L =  2.3439672876866398e-04	c =  1.2000000000000000e-01	h = 1.300000e-02	y0 = 0.000000e+00

-3.1415926535897931e+00	-7.5109994698126966e-14	-2.1667479586893257e-05
-3.1354567304382504e+00	-9.5214510938753803e-06	-2.1667479586730274e-05
-3.1293208072867080e+00	-1.9042902112250066e-05	-2.1667479586892959e-05
-3.1231848841351653e+00	-2.8564353131290939e-05	-2.1667479586730166e-05
-3.1170489609836229e+00	-3.8085804149389640e-05	-2.1667479586893291e-05
-3.1109130378320802e+00	-4.7607255168706985e-05	-2.1667479586729471e-05
-3.1047771146805379e+00	-5.7128706186528998e-05	-2.1667479586894189e-05
-3.0986411915289951e+00	-6.6650157206123248e-05	-2.1667479586728709e-05
-3.0925052683774528e+00	-7.6171608223668790e-05	-2.1667479586895243e-05
-3.0863693452259100e+00	-8.5693059243540162e-05	-2.1667479586727411e-05
-3.0802334220743677e+00	-9.5214510260808148e-05	-2.1667479586896628e-05
-3.0740974989228249e+00	-1.0473596128095664e-04	-2.1667479586726083e-05
-3.0679615757712821e+00	-1.1425741229794577e-04	-2.1667479586898258e-05
-3.0618256526197398e+00	-1.2377886331837486e-04	-2.1667479586724562e-05
-3.0556897294681971e+00	-1.3330031433508470e-04	-2.1667479586899935e-05
-3.0495538063166547e+00	-1.4282176535579220e-04	-2.1667479586723054e-05
-3.0434178831651120e+00	-1.5234321637222232e-04	-2.1667479586901538e-05
-3.0372819600135696e+00	-1.6186466739321085e-04	-2.1667479586721577e-05
-3.0311460368620269e+00	-1.7138611840935951e-04	-2.1667479586903049e-05
-3.0250101137104846e+00	-1.8090756943062950e-04	-2.1667479586720357e-05
-3.0188741905589418e+00	-1.9042902044649670e-04	-2.1667479586904252e-05
-3.0127382674073995e+00	-1.9995047146804945e-04	-2.1667479586719365e-05
-3.0066023442558567e+00	-2.0947192248363389e-04	-2.1667479586905122e-05
-3.0004664211043139e+00	-2.1899337350546897e-04	-2.1667479586718785e-05
-2.9943304979527716e+00	-2.2851482452077108e-04	-2.1667479586905719e-05
-2.9881945748012289e+00	-2.3803627554288848e-04	-2.1667479586718430e-05
-2.9820586516496865e+00	-2.4755772655790827e-04	-2.1667479586906074e-05
-2.9759227284981438e+00	-2.5707917758030800e-04	-2.1667479586718308e-05
-2.9697868053466014e+00	-2.6660062859504546e-04	-2.1667479586906467e-05
-2.9636508821950587e+00	-2.7612207961772751e-04	-2.1667479586718148e-05
-2.9575149590435164e+00	-2.8564353063218351e-04	-2.1667479586907054e-05
-2.9513790358919736e+00	-2.9516498165514573e-04	-2.1667479586717542e-05
-2.9452431127404308e+00	-3.0468643266932271e-04	-2.1667479586908016e-05
-2.9391071895888885e+00	-3.1420788369256487e-04	-2.1667479586716231e-05
-2.9329712664373457e+00	-3.2372933470646039e-04	-2.1667479586909608e-05
-2.9268353432858034e+00	-3.3325078572998368e-04	-2.1667479586714235e-05
-2.9206994201342606e+00	-3.4277223674359871e-04	-2.1667479586911770e-05
-2.9145634969827183e+00	-3.5229368776740265e-04	-2.1667479586711416e-05
-2.9084275738311756e+00	-3.6181513878073552e-04	-2.1667479586914684e-05
-2.9022916506796332e+00	-3.7133658980482206e-04	-2.1667479586708130e-05
-2.8961557275280905e+00	-3.8085804081787190e-04	-2.1667479586917980e-05
-2.8900198043765482e+00	-3.9037949184224320e-04	-2.1667479586704562e-05
-2.8838838812250054e+00	-3.9990094285500703e-04	-2.1667479586921487e-05
-2.8777479580734626e+00	-4.0942239387966548e-04	-2.1667479586701035e-05
-2.8716120349219203e+00	-4.1894384489214070e-04	-2.1667479586925001e-05
-2.8654761117703775e+00	-4.2846529591708841e-04	-2.1667479586697545e-05
-2.8593401886188352e+00	-4.3798674692927566e-04	-2.1667479586928192e-05
-2.8532042654672924e+00	-4.4750819795451075e-04	-2.1667479586694316e-05
-2.8470683423157501e+00	-4.5702964896640852e-04	-2.1667479586931323e-05
-2.8409324191642074e+00	-4.6655109999193422e-04	-2.1667479586691118e-05
-2.8347964960126650e+00	-4.7607255100354045e-04	-2.1667479586934406e-05
-2.8286605728611223e+00	-4.8559400202935829e-04	-2.1667479586688096e-05
-2.8225246497095799e+00	-4.9511545304067265e-04	-2.1667479586937537e-05
-2.8163887265580372e+00	-5.0463690406678274e-04	-2.1667479586684697e-05
-2.8102528034064944e+00	-5.1415835507780496e-04	-2.1667479586940833e-05
-2.8041168802549521e+00	-5.2367980610420822e-04	-2.1667479586681204e-05
-2.7979809571034093e+00	-5.3320125711493467e-04	-2.1667479586944408e-05
-2.7918450339518670e+00	-5.4272270814163467e-04	-2.1667479586677653e-05
-2.7857091108003242e+00	-5.5224415915206459e-04	-2.1667479586947969e-05
-2.7795731876487819e+00	-5.6176561017906189e-04	-2.1667479586674279e-05
-2.7734372644972392e+00	-5.7128706118919268e-04	-2.1667479586951201e-05
-2.7673013413456968e+00	-5.8080851221649051e-04	-2.1667479586671341e-05
-2.7611654181941541e+00	-5.9032996322631967e-04	-2.1667479586953793e-05
-2.7550294950426117e+00	-5.9985141425391957e-04	-2.1667479586669322e-05
-2.7488935718910690e+00	-6.0937286526344613e-04	-2.1667479586955568e-05
-2.7427576487395262e+00	-6.1889431629134992e-04	-2.1667479586668085e-05
-2.7366217255879839e+00	-6.2841576730057248e-04	-2.1667479586956398e-05
-2.7304858024364411e+00	-6.3793721832878115e-04	-2.1667479586667431e-05
-2.7243498792848988e+00	-6.4745866933769818e-04	-2.1667479586956629e-05
-2.7182139561333560e+00	-6.5698012036621151e-04	-2.1667479586667198e-05
-2.7120780329818137e+00	-6.6650157137482387e-04	-2.1667479586956646e-05
-2.7059421098302709e+00	-6.7602302240364111e-04	-2.1667479586667110e-05
-2.6998061866787286e+00	-6.8554447341194914e-04	-2.1667479586956764e-05
-2.6936702635271859e+00	-6.9506592444107266e-04	-2.1667479586666927e-05
-2.6875343403756435e+00	-7.0458737544907375e-04	-2.1667479586956947e-05
-2.6813984172241008e+00	-7.1410882647850518e-04	-2.1667479586666757e-05
-2.6752624940725580e+00	-7.2363027748619630e-04	-2.1667479586956907e-05
-2.6691265709210157e+00	-7.3315172851593912e-04	-2.1667479586667150e-05
-2.6629906477694729e+00	-7.4267317952331831e-04	-2.1667479586956127e-05
-2.6568547246179306e+00	-7.5219463055337392e-04	-2.1667479586668614e-05
-2.6507188014663878e+00	-7.6171608156043956e-04	-2.1667479586953898e-05
-2.6445828783148455e+00	-7.7123753259080970e-04	-2.1667479586671667e-05
-2.6384469551633027e+00	-7.8075898359756017e-04	-2.1667479586950137e-05
-2.6323110320117604e+00	-7.9028043462824515e-04	-2.1667479586676274e-05
-2.6261751088602177e+00	-7.9980188563468088e-04	-2.1667479586944760e-05
-2.6200391857086753e+00	-8.0932333666568039e-04	-2.1667479586682149e-05
-2.6139032625571326e+00	-8.1884478767180224e-04	-2.1667479586938621e-05
-2.6077673394055898e+00	-8.2836623870311443e-04	-2.1667479586688326e-05
-2.6016314162540475e+00	-8.3788768970892490e-04	-2.1667479586932576e-05
-2.5954954931025047e+00	-8.4740914074054837e-04	-2.1667479586694021e-05
-2.5893595699509624e+00	-8.5693059174604788e-04	-2.1667479586927454e-05
-2.5832236467994196e+00	-8.6645204277798100e-04	-2.1667479586698734e-05
-2.5770877236478773e+00	-8.7597349378317054e-04	-2.1667479586923215e-05
-2.5709518004963345e+00	-8.8549494481541602e-04	-2.1667479586702519e-05
-2.5648158773447922e+00	-8.9501639582029158e-04	-2.1667479586919569e-05
-2.5586799541932495e+00	-9.0453784685285191e-04	-2.1667479586706266e-05
-2.5525440310417071e+00	-9.1405929785741055e-04	-2.1667479586915422e-05
-2.5464081078901644e+00	-9.2358074889028964e-04	-2.1667479586710982e-05
-2.5402721847386216e+00	-9.3310219989452823e-04	-2.1667479586909751e-05
-2.5341362615870793e+00	-9.4262365092772954e-04	-2.1667479586717515e-05
-2.5280003384355365e+00	-9.5214510193164428e-04	-2.1667479586902215e-05
-2.5218644152839942e+00	-9.6166655296516846e-04	-2.1667479586726154e-05
-2.5157284921324514e+00	-9.7118800396876195e-04	-2.1667479586893013e-05
-2.5095925689809091e+00	-9.8070945500260674e-04	-2.1667479586736058e-05
-2.5034566458293663e+00	-9.9023090600588071e-04	-2.1667479586883011e-05
-2.4973207226778240e+00	-9.9975235704004447e-04	-2.1667479586746178e-05
-2.4911847995262812e+00	-1.0092738080429995e-03	-2.1667479586873294e-05
-2.4850488763747385e+00	-1.0187952590774813e-03	-2.1667479586755553e-05
-2.4789129532231962e+00	-1.0283167100801187e-03	-2.1667479586864177e-05
-2.4727770300716534e+00	-1.0378381611149191e-03	-2.1667479586764444e-05
-2.4666411069201111e+00	-1.0473596121172374e-03	-2.1667479586855473e-05
-2.4605051837685683e+00	-1.0568810631523592e-03	-2.1667479586773412e-05
-2.4543692606170260e+00	-1.0664025141543540e-03	-2.1667479586845969e-05
-2.4482333374654832e+00	-1.0759239651897993e-03	-2.1667479586783732e-05
-2.4420974143139409e+00	-1.0854454161914691e-03	-2.1667479586834504e-05
-2.4359614911623981e+00	-1.0949668672272403e-03	-2.1667479586796404e-05
-2.4298255680108558e+00	-1.1044883182285842e-03	-2.1667479586820487e-05
-2.4236896448593130e+00	-1.1140097692646804e-03	-2.1667479586811407e-05
-2.4175537217077703e+00	-1.1235312202657012e-03	-2.1667479586804491e-05
-2.4114177985562280e+00	-1.1330526713021186e-03	-2.1667479586827751e-05
-2.4052818754046852e+00	-1.1425741223028206e-03	-2.1667479586787930e-05
-2.3991459522531429e+00	-1.1520955733395541e-03	-2.1667479586843801e-05
-2.3930100291016001e+00	-1.1616170243399437e-03	-2.1667479586772579e-05
-2.3868741059500578e+00	-1.1711384753769873e-03	-2.1667479586858146e-05
-2.3807381827985150e+00	-1.1806599263770666e-03	-2.1667479586759301e-05
-2.3746022596469727e+00	-1.1901813774144211e-03	-2.1667479586870343e-05
-2.3684663364954299e+00	-1.1997028284141897e-03	-2.1667479586747767e-05
-2.3623304133438876e+00	-1.2092242794518549e-03	-2.1667479586881043e-05
-2.3561944901923448e+00	-1.2187457304513106e-03	-2.1667479586737200e-05
-2.3500585670408021e+00	-1.2282671814892905e-03	-2.1667479586891370e-05
-2.3439226438892597e+00	-1.2377886324884304e-03	-2.1667479586726727e-05
-2.3377867207377170e+00	-1.2473100835267261e-03	-2.1667479586902090e-05
-2.3316507975861747e+00	-1.2568315345255500e-03	-2.1667479586715695e-05
-2.3255148744346319e+00	-1.2663529855641629e-03	-2.1667479586913522e-05
-2.3193789512830896e+00	-1.2758744365626703e-03	-2.1667479586703989e-05
-2.3132430281315468e+00	-1.2853958876015983e-03	-2.1667479586925190e-05
-2.3071071049800045e+00	-1.2949173385997910e-03	-2.1667479586692493e-05
-2.3009711818284617e+00	-1.3044387896390325e-03	-2.1667479586936415e-05
-2.2948352586769194e+00	-1.3139602406369128e-03	-2.1667479586681868e-05
-2.2886993355253766e+00	-1.3234816916764662e-03	-2.1667479586946600e-05
-2.2825634123738339e+00	-1.3330031426740355e-03	-2.1667479586672625e-05
-2.2764274892222915e+00	-1.3425245937138998e-03	-2.1667479586955311e-05
-2.2702915660707488e+00	-1.3520460447111584e-03	-2.1667479586664812e-05
-2.2641556429192065e+00	-1.3615674957513338e-03	-2.1667479586962439e-05
-2.2580197197676637e+00	-1.3710889467482804e-03	-2.1667479586658646e-05
-2.2518837966161214e+00	-1.3806103977887685e-03	-2.1667479586967928e-05
-2.2457478734645786e+00	-1.3901318487854015e-03	-2.1667479586653987e-05
-2.2396119503130363e+00	-1.3996532998262032e-03	-2.1667479586971879e-05
-2.2334760271614935e+00	-1.4091747508225229e-03	-2.1667479586650877e-05
-2.2273401040099512e+00	-1.4186962018636394e-03	-2.1667479586974477e-05
-2.2212041808584084e+00	-1.4282176528596414e-03	-2.1667479586648749e-05
-2.2150682577068657e+00	-1.4377391039010782e-03	-2.1667479586976297e-05
-2.2089323345553233e+00	-1.4472605548967602e-03	-2.1667479586647126e-05
-2.2027964114037806e+00	-1.4567820059385168e-03	-2.1667479586977737e-05
-2.1966604882522383e+00	-1.4663034569338774e-03	-2.1667479586645812e-05
-2.1905245651006955e+00	-1.4758249079759548e-03	-2.1667479586978787e-05
-2.1843886419491532e+00	-1.4853463589709957e-03	-2.1667479586645331e-05
-2.1782527187976104e+00	-1.4948678100133936e-03	-2.1667479586978682e-05
-2.1721167956460681e+00	-1.5043892610081141e-03	-2.1667479586646560e-05
-2.1659808724945253e+00	-1.5139107120508322e-03	-2.1667479586976246e-05
-2.1598449493429825e+00	-1.5234321630452315e-03	-2.1667479586650403e-05
-2.1537090261914402e+00	-1.5329536140882712e-03	-2.1667479586970747e-05
-2.1475731030398975e+00	-1.5424750650823481e-03	-2.1667479586657355e-05
-2.1414371798883551e+00	-1.5519965161257126e-03	-2.1667479586962270e-05
-2.1353012567368124e+00	-1.5615179671194610e-03	-2.1667479586666940e-05
-2.1291653335852700e+00	-1.5710394181631573e-03	-2.1667479586951594e-05
-2.1230294104337273e+00	-1.5805608691565731e-03	-2.1667479586678389e-05
-2.1168934872821850e+00	-1.5900823202006050e-03	-2.1667479586939685e-05
-2.1107575641306422e+00	-1.5996037711936803e-03	-2.1667479586690596e-05
-2.1046216409790999e+00	-1.6091252222380549e-03	-2.1667479586927230e-05
-2.0984857178275571e+00	-1.6186466732307848e-03	-2.1667479586703373e-05
-2.0923497946760143e+00	-1.6281681242755065e-03	-2.1667479586914240e-05
-2.0862138715244720e+00	-1.6376895752678883e-03	-2.1667479586716746e-05
-2.0800779483729293e+00	-1.6472110263129603e-03	-2.1667479586900250e-05
-2.0739420252213869e+00	-1.6567324773049900e-03	-2.1667479586731504e-05
-2.0678061020698442e+00	-1.6662539283504169e-03	-2.1667479586884519e-05
-2.0616701789183018e+00	-1.6757753793420905e-03	-2.1667479586748252e-05
-2.0555342557667591e+00	-1.6852968303878741e-03	-2.1667479586866382e-05
-2.0493983326152168e+00	-1.6948182813791878e-03	-2.1667479586767659e-05
-2.0432624094636740e+00	-1.7043397324253350e-03	-2.1667479586845654e-05
-2.0371264863121317e+00	-1.7138611834162803e-03	-2.1667479586789543e-05
-2.0309905631605889e+00	-1.7233826344628005e-03	-2.1667479586822723e-05
-2.0248546400090461e+00	-1.7329040854533674e-03	-2.1667479586813324e-05
-2.0187187168575038e+00	-1.7424255365002727e-03	-2.1667479586798518e-05
-2.0125827937059610e+00	-1.7519469874904498e-03	-2.1667479586837573e-05
-2.0064468705544187e+00	-1.7614684385377495e-03	-2.1667479586774608e-05
-2.0003109474028760e+00	-1.7709898895275267e-03	-2.1667479586860823e-05
-1.9941750242513334e+00	-1.7805113405752323e-03	-2.1667479586752436e-05
-1.9880391010997909e+00	-1.7900327915645975e-03	-2.1667479586881456e-05
-1.9819031779482483e+00	-1.7995542426127186e-03	-2.1667479586733032e-05
-1.9757672547967058e+00	-1.8090756936016660e-03	-2.1667479586899173e-05
-1.9696313316451632e+00	-1.8185971446502082e-03	-2.1667479586716559e-05
-1.9634954084936207e+00	-1.8281185956387320e-03	-2.1667479586914931e-05
-1.9573594853420782e+00	-1.8376400466876975e-03	-2.1667479586701706e-05
-1.9512235621905356e+00	-1.8471614976757979e-03	-2.1667479586930035e-05
-1.9450876390389933e+00	-1.8566829487251892e-03	-2.1667479586686412e-05
-1.9389517158874505e+00	-1.8662043997128620e-03	-2.1667479586946210e-05
-1.9328157927359080e+00	-1.8757258507626834e-03	-2.1667479586669498e-05
-1.9266798695843652e+00	-1.8852473017499220e-03	-2.1667479586963852e-05
-1.9205439464328224e+00	-1.8947687528001833e-03	-2.1667479586651300e-05
-1.9144080232812801e+00	-1.9042902037869755e-03	-2.1667479586981799e-05
-1.9082721001297376e+00	-1.9138116548376894e-03	-2.1667479586634028e-05
-1.9021361769781950e+00	-1.9233331058240220e-03	-2.1667479586997561e-05
-1.8960002538266525e+00	-1.9328545568752012e-03	-2.1667479586620181e-05
-1.8898643306751099e+00	-1.9423760078610651e-03	-2.1667479587008738e-05
-1.8837284075235674e+00	-1.9518974589127181e-03	-2.1667479586611670e-05
-1.8775924843720246e+00	-1.9614189098981021e-03	-2.1667479587014427e-05
-1.8714565612204823e+00	-1.9709403609502363e-03	-2.1667479586608339e-05
-1.8653206380689393e+00	-1.9804618119351417e-03	-2.1667479587015830e-05
-1.8591847149173970e+00	-1.9899832629877543e-03	-2.1667479586608437e-05
-1.8530487917658545e+00	-1.9995047139721809e-03	-2.1667479587014935e-05
-1.8469128686143119e+00	-2.0090261650252718e-03	-2.1667479586609650e-05
-1.8407769454627694e+00	-2.0185476160092192e-03	-2.1667479587013922e-05
-1.8346410223112268e+00	-2.0280690670627902e-03	-2.1667479586610490e-05
-1.8285050991596843e+00	-2.0375905180462540e-03	-2.1667479587013302e-05
-1.8223691760081417e+00	-2.0471119691003125e-03	-2.1667479586611168e-05
-1.8162332528565992e+00	-2.0566334200832863e-03	-2.1667479587012143e-05
-1.8100973297050564e+00	-2.0661548711378395e-03	-2.1667479586613303e-05
-1.8039614065535141e+00	-2.0756763221203133e-03	-2.1667479587008508e-05
-1.7978254834019713e+00	-2.0851977731753714e-03	-2.1667479586618974e-05
-1.7916895602504286e+00	-2.0947192241573365e-03	-2.1667479587000458e-05
-1.7855536370988863e+00	-2.1042406752129071e-03	-2.1667479586629674e-05
-1.7794177139473437e+00	-2.1137621261943561e-03	-2.1667479586986820e-05
-1.7732817907958012e+00	-2.1232835772504437e-03	-2.1667479586646357e-05
-1.7671458676442586e+00	-2.1328050282313758e-03	-2.1667479586967288e-05
-1.7610099444927161e+00	-2.1423264792879786e-03	-2.1667479586668421e-05
-1.7548740213411735e+00	-2.1518479302683967e-03	-2.1667479586942822e-05
-1.7487380981896310e+00	-2.1613693813255148e-03	-2.1667479586695106e-05
-1.7426021750380882e+00	-2.1708908323054207e-03	-2.1667479586914701e-05
-1.7364662518865459e+00	-2.1804122833630449e-03	-2.1667479586724542e-05
-1.7303303287350031e+00	-2.1899337343424482e-03	-2.1667479586884638e-05
-1.7241944055834606e+00	-2.1994551854005737e-03	-2.1667479586754913e-05
-1.7180584824319181e+00	-2.2089766363794774e-03	-2.1667479586854765e-05
-1.7119225592803755e+00	-2.2184980874380999e-03	-2.1667479586784254e-05
-1.7057866361288330e+00	-2.2280195384165096e-03	-2.1667479586826192e-05
-1.6996507129772904e+00	-2.2375409894756239e-03	-2.1667479586811888e-05
-1.6935147898257479e+00	-2.2470624404535423e-03	-2.1667479586799511e-05
-1.6873788666742053e+00	-2.2565838915131497e-03	-2.1667479586838017e-05
-1.6812429435226628e+00	-2.2661053424905720e-03	-2.1667479586773602e-05
-1.6751070203711202e+00	-2.2756267935506768e-03	-2.1667479586864079e-05
-1.6689710972195775e+00	-2.2851482445276016e-03	-2.1667479586747239e-05
-1.6628351740680349e+00	-2.2946696955882047e-03	-2.1667479586890926e-05
-1.6566992509164924e+00	-2.3041911465646317e-03	-2.1667479586719781e-05
-1.6505633277649499e+00	-2.3137125976257305e-03	-2.1667479586918512e-05
-1.6444274046134073e+00	-2.3232340486016639e-03	-2.1667479586692483e-05
-1.6382914814618650e+00	-2.3327554996632541e-03	-2.1667479586944882e-05
-1.6321555583103224e+00	-2.3422769506386979e-03	-2.1667479586667628e-05
-1.6260196351587797e+00	-2.3517984017007751e-03	-2.1667479586967417e-05
-1.6198837120072371e+00	-2.3613198526757340e-03	-2.1667479586647824e-05
-1.6137477888556946e+00	-2.3708413037382965e-03	-2.1667479586984154e-05
-1.6076118657041520e+00	-2.3803627547127680e-03	-2.1667479586634096e-05
-1.6014759425526093e+00	-2.3898842057758205e-03	-2.1667479586995033e-05
-1.5953400194010667e+00	-2.3994056567497981e-03	-2.1667479586625693e-05
-1.5892040962495240e+00	-2.4089271078133493e-03	-2.1667479587001559e-05
-1.5830681730979816e+00	-2.4184485587868229e-03	-2.1667479586620499e-05
-1.5769322499464391e+00	-2.4279700098508842e-03	-2.1667479587005943e-05
-1.5707963267948966e+00	-2.4374914608238422e-03	-2.1667479586616853e-05
-1.5646604036433540e+00	-2.4470129118884234e-03	-2.1667479587009094e-05
-1.5585244804918115e+00	-2.4565343628608579e-03	-2.1667479586614041e-05
-1.5523885573402689e+00	-2.4660558139259657e-03	-2.1667479587011283e-05
-1.5462526341887264e+00	-2.4755772648978715e-03	-2.1667479586612635e-05
-1.5401167110371838e+00	-2.4850987159635110e-03	-2.1667479587011201e-05
-1.5339807878856411e+00	-2.4946201669348803e-03	-2.1667479586614221e-05
-1.5278448647340985e+00	-2.5041416180010606e-03	-2.1667479587007664e-05
-1.5217089415825558e+00	-2.5136630689718861e-03	-2.1667479586619655e-05
-1.5155730184310134e+00	-2.5231845200386132e-03	-2.1667479587000004e-05
-1.5094370952794709e+00	-2.5327059710088850e-03	-2.1667479586629349e-05
-1.5033011721279284e+00	-2.5422274220761746e-03	-2.1667479586988409e-05
-1.4971652489763858e+00	-2.5517488730458777e-03	-2.1667479586642549e-05
-1.4910293258248433e+00	-2.5612703241137437e-03	-2.1667479586973851e-05
-1.4848934026733007e+00	-2.5707917750828592e-03	-2.1667479586657901e-05
-1.4787574795217582e+00	-2.5803132261513224e-03	-2.1667479586958045e-05
-1.4726215563702154e+00	-2.5898346771198316e-03	-2.1667479586673391e-05
-1.4664856332186729e+00	-2.5993561281889119e-03	-2.1667479586943229e-05
-1.4603497100671303e+00	-2.6088775791567923e-03	-2.1667479586686910e-05
-1.4542137869155878e+00	-2.6183990302265123e-03	-2.1667479586931709e-05
-1.4480778637640452e+00	-2.6279204811937452e-03	-2.1667479586695821e-05
-1.4419419406125029e+00	-2.6374419322641200e-03	-2.1667479586925807e-05
-1.4358060174609601e+00	-2.6469633832306889e-03	-2.1667479586698202e-05
-1.4296700943094176e+00	-2.6564848343017351e-03	-2.1667479586927176e-05
-1.4235341711578751e+00	-2.6660062852676275e-03	-2.1667479586693039e-05
-1.4173982480063327e+00	-2.6755277363393541e-03	-2.1667479586935941e-05
-1.4112623248547900e+00	-2.6850491873045652e-03	-2.1667479586681109e-05
-1.4051264017032472e+00	-2.6945706383769727e-03	-2.1667479586950347e-05
-1.3989904785517047e+00	-2.7040920893415029e-03	-2.1667479586664863e-05
-1.3928545554001621e+00	-2.7136135404145908e-03	-2.1667479586967711e-05
-1.3867186322486196e+00	-2.7231349913784406e-03	-2.1667479586646913e-05
-1.3805827090970770e+00	-2.7326564424522085e-03	-2.1667479586985540e-05
-1.3744467859455345e+00	-2.7421778934153766e-03	-2.1667479586629213e-05
-1.3683108627939919e+00	-2.7516993444898293e-03	-2.1667479587003138e-05
-1.3621749396424494e+00	-2.7612207954523099e-03	-2.1667479586611436e-05
-1.3560390164909069e+00	-2.7707422465274557e-03	-2.1667479587021579e-05
-1.3499030933393643e+00	-2.7802636974892389e-03	-2.1667479586591757e-05
-1.3437671701878215e+00	-2.7897851485650829e-03	-2.1667479587043209e-05
-1.3376312470362790e+00	-2.7993065995261658e-03	-2.1667479586567956e-05
-1.3314953238847365e+00	-2.8088280506027132e-03	-2.1667479587069508e-05
-1.3253594007331939e+00	-2.8183495015630931e-03	-2.1667479586539692e-05
-1.3192234775816516e+00	-2.8278709526403396e-03	-2.1667479587099283e-05
-1.3130875544301088e+00	-2.8373924036000256e-03	-2.1667479586509704e-05
-1.3069516312785661e+00	-2.8469138546779590e-03	-2.1667479587128288e-05
-1.3008157081270237e+00	-2.8564353056369672e-03	-2.1667479586483676e-05
-1.2946797849754810e+00	-2.8659567567155719e-03	-2.1667479587149810e-05
-1.2885438618239387e+00	-2.8754782076739118e-03	-2.1667479586468609e-05
-1.2824079386723961e+00	-2.8849996587531805e-03	-2.1667479587157267e-05
-1.2762720155208533e+00	-2.8945211097108586e-03	-2.1667479586469954e-05
-1.2701360923693108e+00	-2.9040425607907948e-03	-2.1667479587146811e-05
-1.2640001692177683e+00	-2.9135640117477976e-03	-2.1667479586489615e-05
-1.2578642460662257e+00	-2.9230854628284199e-03	-2.1667479587118744e-05
-1.2517283229146834e+00	-2.9326069137847193e-03	-2.1667479586524849e-05
-1.2455923997631406e+00	-2.9421283648660653e-03	-2.1667479587077995e-05
-1.2394564766115981e+00	-2.9516498158216201e-03	-2.1667479586569338e-05
-1.2333205534600555e+00	-2.9611712669037316e-03	-2.1667479587031713e-05
-1.2271846303085130e+00	-2.9706927178584992e-03	-2.1667479586615762e-05
-1.2210487071569704e+00	-2.9802141689414200e-03	-2.1667479586986482e-05
-1.2149127840054279e+00	-2.9897356198953602e-03	-2.1667479586658920e-05
-1.2087768608538849e+00	-2.9992570709791232e-03	-2.1667479586945539e-05
-1.2026409377023426e+00	-3.0087785219322059e-03	-2.1667479586697897e-05
-1.1965050145507998e+00	-3.0182999730168393e-03	-2.1667479586907789e-05
-1.1903690913992575e+00	-3.0278214239690395e-03	-2.1667479586735343e-05
-1.1842331682477150e+00	-3.0373428750545698e-03	-2.1667479586870262e-05
-1.1780972450961724e+00	-3.0468643260058571e-03	-2.1667479586773107e-05
-1.1719613219446299e+00	-3.0563857770923176e-03	-2.1667479586832508e-05
-1.1658253987930873e+00	-3.0659072280426552e-03	-2.1667479586809187e-05
-1.1596894756415448e+00	-3.0754286791300888e-03	-2.1667479586800219e-05
-1.1535535524900022e+00	-3.0849501300794289e-03	-2.1667479586834687e-05
-1.1474176293384595e+00	-3.0944715811678826e-03	-2.1667479586784454e-05
-1.1412817061869169e+00	-3.1039930321161827e-03	-2.1667479586838346e-05
-1.1351457830353744e+00	-3.1135144832056911e-03	-2.1667479586795100e-05
-1.1290098598838318e+00	-3.1230359341529296e-03	-2.1667479586813094e-05
-1.1228739367322893e+00	-3.1325573852434970e-03	-2.1667479586833850e-05
-1.1167380135807468e+00	-3.1420788361896878e-03	-2.1667479586763227e-05
-1.1106020904292042e+00	-3.1516002872812856e-03	-2.1667479586890974e-05
-1.1044661672776617e+00	-3.1611217382264676e-03	-2.1667479586703003e-05
-1.0983302441261191e+00	-3.1706431893190530e-03	-2.1667479586949700e-05
-1.0921943209745768e+00	-3.1801646402632626e-03	-2.1667479586648990e-05
-1.0860583978230340e+00	-3.1896860913568068e-03	-2.1667479586996395e-05
-1.0799224746714913e+00	-3.1992075423000698e-03	-2.1667479586610233e-05
-1.0737865515199487e+00	-3.2087289933945564e-03	-2.1667479587027478e-05
-1.0676506283684062e+00	-3.2182504443368761e-03	-2.1667479586585913e-05
-1.0615147052168636e+00	-3.2277718954323072e-03	-2.1667479587045794e-05
-1.0553787820653213e+00	-3.2372933463736828e-03	-2.1667479586573827e-05
-1.0492428589137786e+00	-3.2468147974700555e-03	-2.1667479587049796e-05
-1.0431069357622360e+00	-3.2563362484104939e-03	-2.1667479586581129e-05
-1.0369710126106935e+00	-3.2658576995077977e-03	-2.1667479587026743e-05
-1.0308350894591509e+00	-3.2753791504473045e-03	-2.1667479586624358e-05
-1.0246991663076084e+00	-3.2849006015455515e-03	-2.1667479586960203e-05
-1.0185632431560658e+00	-3.2944220524840926e-03	-2.1667479586715008e-05
-1.0124273200045231e+00	-3.3039435035833440e-03	-2.1667479586847771e-05
-1.0062913968529805e+00	-3.3134649545208260e-03	-2.1667479586843936e-05
-1.0001554737014380e+00	-3.3229864056212020e-03	-2.1667479586710291e-05
-9.9401955054989533e-01	-3.3325078565574883e-03	-2.1667479586980851e-05
-9.8788362739835278e-01	-3.3420293076591289e-03	-2.1667479586582169e-05
-9.8174770424681035e-01	-3.3515507585940882e-03	-2.1667479587093211e-05
-9.7561178109526792e-01	-3.3610722096971066e-03	-2.1667479586489605e-05
-9.6947585794372526e-01	-3.3705936606306503e-03	-2.1667479587165117e-05
-9.6333993479218272e-01	-3.3801151117351103e-03	-2.1667479586437120e-05
-9.5720401164064017e-01	-3.3896365626671985e-03	-2.1667479587201448e-05
-9.5106808848909752e-01	-3.3991580137731222e-03	-2.1667479586414280e-05
-9.4493216533755497e-01	-3.4086794647037403e-03	-2.1667479587213290e-05
-9.3879624218601254e-01	-3.4182009158111393e-03	-2.1667479586411749e-05
-9.3266031903446978e-01	-3.4277223667402777e-03	-2.1667479587207323e-05
-9.2652439588292723e-01	-3.4372438178491590e-03	-2.1667479586425908e-05
-9.2038847273138458e-01	-3.4467652687768147e-03	-2.1667479587185931e-05
-9.1425254957984214e-01	-3.4562867198871753e-03	-2.1667479586452509e-05
-9.0811662642829971e-01	-3.4658081708133616e-03	-2.1667479587157291e-05
-9.0198070327675706e-01	-3.4753296219251794e-03	-2.1667479586478618e-05
-8.9584478012521440e-01	-3.4848510728499168e-03	-2.1667479587138615e-05
-8.8970885697367186e-01	-3.4943725239631775e-03	-2.1667479586484306e-05
-8.8357293382212931e-01	-3.5038939748864742e-03	-2.1667479587149762e-05
-8.7743701067058666e-01	-3.5134154260011842e-03	-2.1667479586452868e-05
-8.7130108751904423e-01	-3.5229368769230055e-03	-2.1667479587201069e-05
-8.6516516436750157e-01	-3.5324583280392338e-03	-2.1667479586382676e-05
-8.5902924121595903e-01	-3.5419797789594813e-03	-2.1667479587283932e-05
-8.5289331806441637e-01	-3.5515012300773490e-03	-2.1667479586292765e-05
-8.4675739491287394e-01	-3.5610226809958817e-03	-2.1667479587369507e-05
-8.4062147176133140e-01	-3.5705441321155396e-03	-2.1667479586218684e-05
-8.3448554860978885e-01	-3.5800655830322114e-03	-2.1667479587418909e-05
-8.2834962545824620e-01	-3.5895870341537879e-03	-2.1667479586196471e-05
-8.2221370230670354e-01	-3.5991084850685007e-03	-2.1667479587403866e-05
-8.1607777915516100e-01	-3.6086299361920487e-03	-2.1667479586240157e-05
-8.0994185600361845e-01	-3.6181513871047961e-03	-2.1667479587327253e-05
-8.0380593285207591e-01	-3.6276728382302770e-03	-2.1667479586326426e-05
-7.9767000970053337e-01	-3.6371942891411302e-03	-2.1667479587228370e-05
-7.9153408654899082e-01	-3.6467157402684590e-03	-2.1667479586402900e-05
-7.8539816339744839e-01	-3.6562371911774945e-03	-2.1667479587161109e-05
-7.7926224024590574e-01	-3.6657586423066175e-03	-2.1667479586416669e-05
-7.7312631709436319e-01	-3.6752800932138337e-03	-2.1667479587159747e-05
-7.6699039394282054e-01	-3.6848015443448102e-03	-2.1667479586350170e-05
-7.6085447079127788e-01	-3.6943229952500823e-03	-2.1667479587210007e-05
-7.5471854763973545e-01	-3.7038444463830863e-03	-2.1667479586233246e-05
-7.4858262448819290e-01	-3.7133658972861843e-03	-2.1667479587249892e-05
-7.4244670133665036e-01	-3.7228873484214456e-03	-2.1667479586126784e-05
-7.3631077818510771e-01	-3.7324087993221380e-03	-2.1667479587197616e-05
-7.3017485503356516e-01	-3.7419302504598257e-03	-2.1667479586078110e-05
-7.2403893188202262e-01	-3.7514517013579767e-03	-2.1667479586993705e-05
-7.1790300873048007e-01	-3.7609731524981113e-03	-2.1667479586076335e-05
-7.1176708557893753e-01	-3.7704946033937296e-03	-2.1667479586626726e-05
-7.0563116242739499e-01	-3.7800160545361718e-03	-2.1667479586031699e-05
-6.9949523927585233e-01	-3.7895375054293463e-03	-2.1667479586119919e-05
-6.9335931612430979e-01	-3.7990589565738992e-03	-2.1667479585794703e-05
-6.8722339297276724e-01	-3.8085804074646573e-03	-2.1667479585467050e-05
-6.8108746982122470e-01	-3.8181018586111739e-03	-2.1667479585199703e-05
-6.7495154666968216e-01	-3.8276233094993442e-03	-2.1667479584545587e-05
-6.6881562351813950e-01	-3.8371447606477750e-03	-2.1667479584081270e-05
-6.6267970036659696e-01	-3.8466662115329573e-03	-2.1667479583061992e-05
-6.5654377721505441e-01	-3.8561876626832135e-03	-2.1667479582205150e-05
-6.5040785406351198e-01	-3.8657091135648582e-03	-2.1667479580548245e-05
-6.4427193091196933e-01	-3.8752305647165850e-03	-2.1667479579101144e-05
-6.3813600776042678e-01	-3.8847520155940209e-03	-2.1667479576332494e-05
-6.3200008460888413e-01	-3.8942734667464117e-03	-2.1667479573863224e-05
-6.2586416145734158e-01	-3.9037949176186229e-03	-2.1667479569361762e-05
-6.1972823830579904e-01	-3.9133163687703285e-03	-2.1667479564976541e-05
-6.1359231515425650e-01	-3.9228378196355202e-03	-2.1667479557809551e-05
-6.0745639200271395e-01	-3.9323592707844260e-03	-2.1667479550027751e-05
-6.0132046885117130e-01	-3.9418807216395069e-03	-2.1667479538488824e-05
-5.9518454569962886e-01	-3.9514021727820340e-03	-2.1667479525026350e-05
-5.8904862254808610e-01	-3.9609236236219829e-03	-2.1667479506098023e-05
-5.8291269939654355e-01	-3.9704450747518969e-03	-2.1667479483200226e-05
-5.7677677624500112e-01	-3.9799665255685649e-03	-2.1667479451913925e-05
-5.7064085309345847e-01	-3.9894879766752978e-03	-2.1667479413090119e-05
-5.6450492994191592e-01	-3.9990094274549963e-03	-2.1667479361314926e-05
-5.5836900679037338e-01	-4.0085308785209970e-03	-2.1667479295636933e-05
-5.5223308363883084e-01	-4.0180523292406810e-03	-2.1667479209694490e-05
-5.4609716048728829e-01	-4.0275737802366310e-03	-2.1667479099025088e-05
-5.3996123733574575e-01	-4.0370952308577384e-03	-2.1667478955829490e-05
-5.3382531418420309e-01	-4.0466166817344964e-03	-2.1667478769997861e-05
-5.2768939103266055e-01	-4.0561381321925919e-03	-2.1667478530692073e-05
-5.2155346788111800e-01	-4.0656595828676804e-03	-2.1667478219404063e-05
-5.1541754472957546e-01	-4.0751810330551894e-03	-2.1667477818781355e-05
-5.0928162157803292e-01	-4.0847024833902072e-03	-2.1667477297926112e-05
-5.0314569842649037e-01	-4.0942239331273984e-03	-2.1667476626839960e-05
-4.9700977527494766e-01	-4.1037453828903486e-03	-2.1667475755503387e-05
-4.9087385212340517e-01	-4.1132668318765806e-03	-2.1667474631406288e-05
-4.8473792897186263e-01	-4.1227882806789372e-03	-2.1667473173531553e-05
-4.7860200582032003e-01	-4.1323097284110101e-03	-2.1667471290967377e-05
-4.7246608266877754e-01	-4.1418311756023585e-03	-2.1667468851339837e-05
-4.6633015951723489e-01	-4.1513526212379505e-03	-2.1667465698920729e-05
-4.6019423636569234e-01	-4.1608740657293614e-03	-2.1667461616059882e-05
-4.5405831321414980e-01	-4.1703955078586322e-03	-2.1667456337577705e-05
-4.4792239006260720e-01	-4.1799169478268826e-03	-2.1667449504261024e-05
-4.4178646691106466e-01	-4.1894383840901722e-03	-2.1667440666410898e-05
-4.3565054375952217e-01	-4.1989598164827143e-03	-2.1667429228990182e-05
-4.2951462060797951e-01	-4.2084812429303087e-03	-2.1667414432664613e-05
-4.2337869745643697e-01	-4.2180026626368232e-03	-2.1667395287730074e-05
-4.1724277430489443e-01	-4.2275240726570087e-03	-2.1667370517214835e-05
-4.1110685115335188e-01	-4.2370454711227242e-03	-2.1667338469213571e-05
-4.0497092800180928e-01	-4.2465668536472946e-03	-2.1667297002481495e-05
-3.9883500485026663e-01	-4.2560882165515700e-03	-2.1667243353748087e-05
-3.9269908169872408e-01	-4.2656095530519593e-03	-2.1667173938171881e-05
-3.8656315854718160e-01	-4.2751308564220594e-03	-2.1667084128714514e-05
-3.8042723539563900e-01	-4.2846521158809705e-03	-2.1666967927229540e-05
-3.7429131224409640e-01	-4.2941733195864477e-03	-2.1666817583739885e-05
-3.6815538909255391e-01	-4.3036944500804506e-03	-2.1666623062717186e-05
-3.6201946594101131e-01	-4.3132154869427019e-03	-2.1666371384637042e-05
-3.5588354278946877e-01	-4.3227364015517153e-03	-2.1666045756064494e-05
-3.4974761963792622e-01	-4.3322571591133301e-03	-2.1665624443528647e-05
-3.4361169648638362e-01	-4.3417777123333431e-03	-2.1665079338581647e-05
-3.3747577333484102e-01	-4.3512980023393657e-03	-2.1664374056204425e-05
-3.3133985018329848e-01	-4.3608179505960258e-03	-2.1663461541095906e-05
-3.2520392703175588e-01	-4.3703374579025260e-03	-2.1662280885813144e-05
-3.1906800388021334e-01	-4.3798563934455787e-03	-2.1660753311689736e-05
-3.1293208072867085e-01	-4.3893745904864468e-03	-2.1658776867078342e-05
-3.0679615757712825e-01	-4.3988918307235943e-03	-2.1656219667435728e-05
-3.0066023442558570e-01	-4.4084078343305062e-03	-2.1652911062006004e-05
-2.9452431127404310e-01	-4.4179222365873655e-03	-2.1648630273125052e-05
-2.8838838812250062e-01	-4.4274345683379349e-03	-2.1643091648740598e-05
-2.8225246497095796e-01	-4.4369442198017202e-03	-2.1635925602102402e-05
-2.7611654181941536e-01	-4.4464504048549033e-03	-2.1626653949877806e-05
-2.6998061866787282e-01	-4.4559521034994443e-03	-2.1614657998944272e-05
-2.6384469551633033e-01	-4.4654479989545623e-03	-2.1599137282847956e-05
-2.5770877236478773e-01	-4.4749363845420454e-03	-2.1579056174480951e-05
-2.5157284921324513e-01	-4.4844150551873185e-03	-2.1553074780146321e-05
-2.4543692606170259e-01	-4.4938811548161650e-03	-2.1519459596499162e-05
-2.3930100291016002e-01	-4.5033309913960849e-03	-2.1475967812079203e-05
-2.3316507975861744e-01	-4.5127597848163030e-03	-2.1419697899424642e-05
-2.2702915660707490e-01	-4.5221613540347098e-03	-2.1346896105991323e-05
-2.2089323345553236e-01	-4.5315276986152841e-03	-2.1252706296455711e-05
-2.1475731030398976e-01	-4.5408484713900868e-03	-2.1130846482974524e-05
-2.0862138715244721e-01	-4.5501102820849262e-03	-2.0973190576486575e-05
-2.0248546400090464e-01	-4.5592958111412554e-03	-2.0769227663030908e-05
-1.9634954084936207e-01	-4.5683826485778140e-03	-2.0505363302307076e-05
-1.9021361769781950e-01	-4.5773418077935078e-03	-2.0164016744308104e-05
-1.8407769454627693e-01	-4.5861357879528556e-03	-1.9722455231233987e-05
-1.7794177139473438e-01	-4.5947160853324759e-03	-1.9151289422770150e-05
-1.7180584824319181e-01	-4.6030199598448571e-03	-1.8412533109821881e-05
-1.6566992509164927e-01	-4.6109662742772799e-03	-1.7457103201417473e-05
-1.5953400194010672e-01	-4.6184501022214462e-03	-1.6221602803471648e-05
-1.5339807878856412e-01	-4.6253357854404813e-03	-1.4624188320363107e-05
-1.4726215563702158e-01	-4.6314479578602446e-03	-1.2559271421145318e-05
-1.4112623248547898e-01	-4.6365599948772788e-03	-9.8907461968057209e-06
-1.3499030933393641e-01	-4.6403791203065712e-03	-6.4433634446236576e-06
-1.2885438618239387e-01	-4.6425272791496214e-03	-1.9917989689913807e-06
-1.2271846303085131e-01	-4.6425165703378162e-03	 3.7531087555349536e-06
-1.1658253987930872e-01	-4.6397178223973419e-03	 1.1161530135938524e-05
-1.1044661672776616e-01	-4.6333204794729004e-03	 2.0705806200283807e-05
-1.0431069357622361e-01	-4.6222816767791048e-03	 3.2986078525158766e-05
-9.8174770424681035e-02	-4.6052619224255954e-03	 4.8760555719861574e-05
-9.2038847273138463e-02	-4.5805445841829665e-03	 6.8979905841238355e-05
-8.5902924121595906e-02	-4.5459361846296974e-03	 9.4823941072780843e-05
-7.9767000970053348e-02	-4.4986449806361135e-03	 1.2773636850520770e-04
-7.3631077818510776e-02	-4.4351365374220332e-03	 1.6944926655829086e-04
-6.7495154666968205e-02	-4.3509682922110845e-03	 2.2198220047686646e-04
-6.1359231515425654e-02	-4.2406115459075779e-03	 2.8759037439359474e-04
-5.5223308363883082e-02	-4.0972820253305604e-03	 3.6862092503084690e-04
-4.9087385212340517e-02	-3.9128230215218340e-03	 4.6721660802897364e-04
-4.2951462060797953e-02	-3.6777252474311769e-03	 5.8478602598550846e-04
-3.6815538909255388e-02	-3.3814324098516697e-03	 7.2115386320571186e-04
-3.0679615757712820e-02	-3.0131741407274956e-03	 8.7334954585069075e-04
-2.4543692606170259e-02	-2.5636612262619827e-03	 1.0341580181598446e-03
-1.8407769454627694e-02	-2.0279602596314904e-03	 1.1909297678148090e-03
-1.2271846303085129e-02	-1.4094674801556979e-03	 1.3257113680013822e-03
-6.1359231515425638e-03	-7.2380749108155880e-04	 1.4180774989734379e-03
 0.0000000000000000e+00	 5.7649109453570143e-12	 1.4510906026627675e-03
 6.1359231515425638e-03	 7.2380750229680282e-04	 1.4180774979498157e-03
 1.2271846303085129e-02	 1.4094674905068378e-03	 1.3257113661558743e-03
 1.8407769454627694e-02	 2.0279602687633073e-03	 1.1909297654611227e-03
 2.4543692606170259e-02	 2.5636612340325434e-03	 1.0341580156127427e-03
 3.0679615757712820e-02	 3.0131741471605238e-03	 8.7334954335488825e-04
 3.6815538909255388e-02	 3.3814324150684360e-03	 7.2115386091586170e-04
 4.2951462060797953e-02	 3.6777252515960844e-03	 5.8478602397812537e-04
 4.9087385212340517e-02	 3.9128230248060992e-03	 4.6721660632524588e-04
 5.5223308363883082e-02	 4.0972820278940940e-03	 3.6862092361833194e-04
 6.1359231515425654e-02	 4.2406115478899010e-03	 2.8759037324248976e-04
 6.7495154666968205e-02	 4.3509682937301402e-03	 2.2198219955070521e-04
 7.3631077818510776e-02	 4.4351365385743649e-03	 1.6944926582020540e-04
 7.9767000970053348e-02	 4.4986449815001533e-03	 1.2773636792124063e-04
 8.5902924121595906e-02	 4.5459361852677217e-03	 9.4823940613263422e-05
 9.2038847273138463e-02	 4.5805445846447083e-03	 6.8979905481161017e-05
 9.8174770424681035e-02	 4.6052619227498265e-03	 4.8760555438591308e-05
 1.0431069357622361e-01	 4.6222816769966122e-03	 3.2986078305994154e-05
 1.1044661672776616e-01	 4.6333204796073458e-03	 2.0705806029817939e-05
 1.1658253987930872e-01	 4.6397178224675600e-03	 1.1161530003555136e-05
 1.2271846303085131e-01	 4.6425165703580596e-03	 3.7531086528245245e-06
 1.2885438618239387e-01	 4.6425272791313574e-03	-1.9917990485951280e-06
 1.3499030933393641e-01	 4.6403791202582964e-03	-6.4433635062966288e-06
 1.4112623248547898e-01	 4.6365599948059808e-03	-9.8907462445432273e-06
 1.4726215563702158e-01	 4.6314479577709350e-03	-1.2559271458102354e-05
 1.5339807878856412e-01	 4.6253357853374387e-03	-1.4624188348943719e-05
 1.5953400194010672e-01	 4.6184501021075859e-03	-1.6221602825592327e-05
 1.6566992509164927e-01	 4.6109662741552516e-03	-1.7457103218510916e-05
 1.7180584824319181e-01	 4.6030199597163176e-03	-1.8412533123054318e-05
 1.7794177139473438e-01	 4.5947160851990999e-03	-1.9151289432985720e-05
 1.8407769454627693e-01	 4.5861357878155427e-03	-1.9722455239147853e-05
 1.9021361769781950e-01	 4.5773418076533500e-03	-2.0164016750409306e-05
 1.9634954084936207e-01	 4.5683826484352579e-03	-2.0505363307040865e-05
 2.0248546400090464e-01	 4.5592958109970435e-03	-2.0769227666671967e-05
 2.0862138715244721e-01	 4.5501102819392372e-03	-2.0973190579319789e-05
 2.1475731030398976e-01	 4.5408484712434541e-03	-2.1130846485145070e-05
 2.2089323345553236e-01	 4.5315276984677242e-03	-2.1252706298153480e-05
 2.2702915660707490e-01	 4.5221613538866312e-03	-2.1346896107283068e-05
 2.3316507975861744e-01	 4.5127597846676241e-03	-2.1419697900444344e-05
 2.3930100291016002e-01	 4.5033309912471398e-03	-2.1475967812845348e-05
 2.4543692606170259e-01	 4.4938811546668192e-03	-2.1519459597113929e-05
 2.5157284921324513e-01	 4.4844150550378591e-03	-2.1553074780598260e-05
 2.5770877236478773e-01	 4.4749363843923006e-03	-2.1579056174854083e-05
 2.6384469551633033e-01	 4.4654479988047923e-03	-2.1599137283111922e-05
 2.6998061866787282e-01	 4.4559521033494618e-03	-2.1614657999173387e-05
 2.7611654181941536e-01	 4.4464504047049486e-03	-2.1626653950029201e-05
 2.8225246497095796e-01	 4.4369442196515937e-03	-2.1635925602245757e-05
 2.8838838812250062e-01	 4.4274345681878718e-03	-2.1643091648824413e-05
 2.9452431127404310e-01	 4.4179222364371541e-03	-2.1648630273217379e-05
 3.0066023442558570e-01	 4.4084078341803754e-03	-2.1652911062049213e-05
 3.0679615757712825e-01	 4.3988918305733326e-03	-2.1656219667497839e-05
 3.1293208072867085e-01	 4.3893745903362778e-03	-2.1658776867096960e-05
 3.1906800388021334e-01	 4.3798563932952884e-03	-2.1660753311734101e-05
 3.2520392703175588e-01	 4.3703374577523336e-03	-2.1662280885816844e-05
 3.3133985018329848e-01	 4.3608179504457181e-03	-2.1663461541129946e-05
 3.3747577333484102e-01	 4.3512980021891594e-03	-2.1664374056198838e-05
 3.4361169648638362e-01	 4.3417777121830241e-03	-2.1665079338609640e-05
 3.4974761963792622e-01	 4.3322571589631152e-03	-2.1665624443517216e-05
 3.5588354278946877e-01	 4.3227364014013885e-03	-2.1666045756089207e-05
 3.6201946594101131e-01	 4.3132154867924818e-03	-2.1666371384621799e-05
 3.6815538909255391e-01	 4.3036944499301212e-03	-2.1666623062740052e-05
 3.7429131224409640e-01	 4.2941733194362241e-03	-2.1666817583722334e-05
 3.8042723539563900e-01	 4.2846521157306420e-03	-2.1666967927251891e-05
 3.8656315854718160e-01	 4.2751308562718332e-03	-2.1667084128695192e-05
 3.9269908169872408e-01	 4.2656095529016282e-03	-2.1667173938194141e-05
 3.9883500485026663e-01	 4.2560882164013438e-03	-2.1667243353727673e-05
 4.0497092800180928e-01	 4.2465668534969617e-03	-2.1667297002503911e-05
 4.1110685115335188e-01	 4.2370454709724972e-03	-2.1667338469192026e-05
 4.1724277430489443e-01	 4.2275240725066776e-03	-2.1667370517237721e-05
 4.2337869745643697e-01	 4.2180026624865953e-03	-2.1667395287707783e-05
 4.2951462060797951e-01	 4.2084812427799776e-03	-2.1667414432687889e-05
 4.3565054375952217e-01	 4.1989598163324855e-03	-2.1667429228966986e-05
 4.4178646691106466e-01	 4.1894383839398402e-03	-2.1667440666434757e-05
 4.4792239006260720e-01	 4.1799169476766538e-03	-2.1667449504237219e-05
 4.5405831321414980e-01	 4.1703955077083002e-03	-2.1667456337602110e-05
 4.6019423636569234e-01	 4.1608740655791317e-03	-2.1667461616035335e-05
 4.6633015951723489e-01	 4.1513526210876185e-03	-2.1667465698945740e-05
 4.7246608266877754e-01	 4.1418311754521280e-03	-2.1667468851314717e-05
 4.7860200582032003e-01	 4.1323097282606781e-03	-2.1667471290993005e-05
 4.8473792897186263e-01	 4.1227882805287075e-03	-2.1667473173505699e-05
 4.9087385212340517e-01	 4.1132668317262495e-03	-2.1667474631432502e-05
 4.9700977527494766e-01	 4.1037453827401163e-03	-2.1667475755476936e-05
 5.0314569842649037e-01	 4.0942239329770681e-03	-2.1667476626866750e-05
 5.0928162157803292e-01	 4.0847024832399758e-03	-2.1667477297898912e-05
 5.1541754472957546e-01	 4.0751810329048600e-03	-2.1667477818808748e-05
 5.2155346788111800e-01	 4.0656595827174482e-03	-2.1667478219376321e-05
 5.2768939103266055e-01	 4.0561381320422625e-03	-2.1667478530720083e-05
 5.3382531418420309e-01	 4.0466166815842641e-03	-2.1667478769969434e-05
 5.3996123733574575e-01	 4.0370952307074090e-03	-2.1667478955858092e-05
 5.4609716048728829e-01	 4.0275737800863996e-03	-2.1667479098996154e-05
 5.5223308363883084e-01	 4.0180523290903507e-03	-2.1667479209723679e-05
 5.5836900679037338e-01	 4.0085308783707647e-03	-2.1667479295607304e-05
 5.6450492994191592e-01	 3.9990094273046669e-03	-2.1667479361344789e-05
 5.7064085309345847e-01	 3.9894879765250656e-03	-2.1667479413059935e-05
 5.7677677624500112e-01	 3.9799665254182364e-03	-2.1667479451944402e-05
 5.8291269939654355e-01	 3.9704450746016638e-03	-2.1667479483169316e-05
 5.8904862254808610e-01	 3.9609236234716553e-03	-2.1667479506128991e-05
 5.9518454569962886e-01	 3.9514021726318009e-03	-2.1667479524994966e-05
 6.0132046885117130e-01	 3.9418807214891801e-03	-2.1667479538520357e-05
 6.0745639200271395e-01	 3.9323592706341937e-03	-2.1667479549995702e-05
 6.1359231515425650e-01	 3.9228378194851934e-03	-2.1667479557841582e-05
 6.1972823830579904e-01	 3.9133163686200945e-03	-2.1667479564944018e-05
 6.2586416145734158e-01	 3.9037949174682966e-03	-2.1667479569394492e-05
 6.3200008460888413e-01	 3.8942734665961759e-03	-2.1667479573830074e-05
 6.3813600776042678e-01	 3.8847520154436945e-03	-2.1667479576365817e-05
 6.4427193091196933e-01	 3.8752305645663506e-03	-2.1667479579067445e-05
 6.5040785406351198e-01	 3.8657091134145323e-03	-2.1667479580582147e-05
 6.5654377721505441e-01	 3.8561876625329786e-03	-2.1667479582170920e-05
 6.6267970036659696e-01	 3.8466662113826322e-03	-2.1667479583096476e-05
 6.6881562351813950e-01	 3.8371447604975389e-03	-2.1667479584046484e-05
 6.7495154666968216e-01	 3.8276233093490187e-03	-2.1667479584580586e-05
 6.8108746982122470e-01	 3.8181018584609386e-03	-2.1667479585164334e-05
 6.8722339297276724e-01	 3.8085804073143322e-03	-2.1667479585502639e-05
 6.9335931612430979e-01	 3.7990589564236622e-03	-2.1667479585758778e-05
 6.9949523927585233e-01	 3.7895375052790217e-03	-2.1667479586156088e-05
 7.0563116242739499e-01	 3.7800160543859347e-03	-2.1667479585995229e-05
 7.1176708557893753e-01	 3.7704946032434063e-03	-2.1667479586663383e-05
 7.1790300873048007e-01	 3.7609731523478730e-03	-2.1667479586039346e-05
 7.2403893188202262e-01	 3.7514517012076543e-03	-2.1667479587030849e-05
 7.3017485503356516e-01	 3.7419302503095874e-03	-2.1667479586040563e-05
 7.3631077818510771e-01	 3.7324087991718164e-03	-2.1667479587235313e-05
 7.4244670133665036e-01	 3.7228873482712073e-03	-2.1667479586088718e-05
 7.4858262448819290e-01	 3.7133658971358610e-03	-2.1667479587288019e-05
 7.5471854763973545e-01	 3.7038444462328475e-03	-2.1667479586194577e-05
 7.6085447079127788e-01	 3.6943229950997599e-03	-2.1667479587248560e-05
 7.6699039394282054e-01	 3.6848015441945724e-03	-2.1667479586310885e-05
 7.7312631709436319e-01	 3.6752800930635139e-03	-2.1667479587198860e-05
 7.7926224024590574e-01	 3.6657586421563783e-03	-2.1667479586377109e-05
 7.8539816339744839e-01	 3.6562371910271747e-03	-2.1667479587201018e-05
 7.9153408654899082e-01	 3.6467157401182193e-03	-2.1667479586362889e-05
 7.9767000970053337e-01	 3.6371942889908103e-03	-2.1667479587268838e-05
 8.0380593285207591e-01	 3.6276728380800378e-03	-2.1667479586286209e-05
 8.0994185600361845e-01	 3.6181513869544776e-03	-2.1667479587368355e-05
 8.1607777915516100e-01	 3.6086299360418087e-03	-2.1667479586199270e-05
 8.2221370230670354e-01	 3.5991084849181813e-03	-2.1667479587445306e-05
 8.2834962545824620e-01	 3.5895870340035465e-03	-2.1667479586155102e-05
 8.3448554860978885e-01	 3.5800655828818920e-03	-2.1667479587460729e-05
 8.4062147176133140e-01	 3.5705441319652982e-03	-2.1667479586176749e-05
 8.4675739491287394e-01	 3.5610226808455631e-03	-2.1667479587411780e-05
 8.5289331806441637e-01	 3.5515012299271072e-03	-2.1667479586250305e-05
 8.5902924121595903e-01	 3.5419797788091641e-03	-2.1667479587326667e-05
 8.6516516436750157e-01	 3.5324583278889903e-03	-2.1667479586339738e-05
 8.7130108751904423e-01	 3.5229368767726878e-03	-2.1667479587244315e-05
 8.7743701067058666e-01	 3.5134154258509420e-03	-2.1667479586409520e-05
 8.8357293382212931e-01	 3.5038939747361574e-03	-2.1667479587193446e-05
 8.8970885697367186e-01	 3.4943725238129318e-03	-2.1667479586440481e-05
 8.9584478012521440e-01	 3.4848510726996004e-03	-2.1667479587182702e-05
 9.0198070327675706e-01	 3.4753296217749350e-03	-2.1667479586434402e-05
 9.0811662642829971e-01	 3.4658081706630452e-03	-2.1667479587201858e-05
 9.1425254957984214e-01	 3.4562867197369300e-03	-2.1667479586407853e-05
 9.2038847273138458e-01	 3.4467652686264996e-03	-2.1667479587231006e-05
 9.2652439588292723e-01	 3.4372438176989129e-03	-2.1667479586380836e-05
 9.3266031903446978e-01	 3.4277223665899626e-03	-2.1667479587252758e-05
 9.3879624218601254e-01	 3.4182009156608940e-03	-2.1667479586366203e-05
 9.4493216533755497e-01	 3.4086794645534256e-03	-2.1667479587259213e-05
 9.5106808848909752e-01	 3.3991580136228756e-03	-2.1667479586368395e-05
 9.5720401164064017e-01	 3.3896365625168848e-03	-2.1667479587247676e-05
 9.6333993479218272e-01	 3.3801151115848624e-03	-2.1667479586390601e-05
 9.6947585794372526e-01	 3.3705936604803378e-03	-2.1667479587211786e-05
 9.7561178109526792e-01	 3.3610722095468587e-03	-2.1667479586442883e-05
 9.8174770424681035e-01	 3.3515507584437752e-03	-2.1667479587140245e-05
 9.8788362739835278e-01	 3.3420293075088793e-03	-2.1667479586534989e-05
 9.9401955054989533e-01	 3.3325078564071750e-03	-2.1667479587028288e-05
 1.0001554737014380e+00	 3.3229864054709519e-03	-2.1667479586662627e-05
 1.0062913968529805e+00	 3.3134649543705139e-03	-2.1667479586891692e-05
 1.0124273200045231e+00	 3.3039435034330935e-03	-2.1667479586799623e-05
 1.0185632431560658e+00	 3.2944220523337814e-03	-2.1667479586763085e-05
 1.0246991663076084e+00	 3.2849006013953002e-03	-2.1667479586911811e-05
 1.0308350894591509e+00	 3.2753791502969942e-03	-2.1667479586672808e-05
 1.0369710126106935e+00	 3.2658576993575467e-03	-2.1667479586977944e-05
 1.0431069357622360e+00	 3.2563362482601831e-03	-2.1667479586629979e-05
 1.0492428589137786e+00	 3.2468147973198028e-03	-2.1667479587000674e-05
 1.0553787820653213e+00	 3.2372933462233742e-03	-2.1667479586623043e-05
 1.0615147052168636e+00	 3.2277718952820546e-03	-2.1667479586996334e-05
 1.0676506283684062e+00	 3.2182504441865666e-03	-2.1667479586635437e-05
 1.0737865515199487e+00	 3.2087289932443037e-03	-2.1667479586977662e-05
 1.0799224746714913e+00	 3.1992075421497621e-03	-2.1667479586660191e-05
 1.0860583978230340e+00	 3.1896860912065520e-03	-2.1667479586946312e-05
 1.0921943209745768e+00	 3.1801646401129566e-03	-2.1667479586699381e-05
 1.0983302441261191e+00	 3.1706431891687990e-03	-2.1667479586899278e-05
 1.1044661672776617e+00	 3.1611217380761608e-03	-2.1667479586753693e-05
 1.1106020904292042e+00	 3.1516002871310308e-03	-2.1667479586840240e-05
 1.1167380135807468e+00	 3.1420788360393822e-03	-2.1667479586814148e-05
 1.1228739367322893e+00	 3.1325573850932409e-03	-2.1667479586782770e-05
 1.1290098598838318e+00	 3.1230359340026249e-03	-2.1667479586864323e-05
 1.1351457830353744e+00	 3.1135144830554350e-03	-2.1667479586743678e-05
 1.1412817061869169e+00	 3.1039930319658776e-03	-2.1667479586889788e-05
 1.1474176293384595e+00	 3.0944715810176269e-03	-2.1667479586732704e-05
 1.1535535524900022e+00	 3.0849501299291242e-03	-2.1667479586886569e-05
 1.1596894756415448e+00	 3.0754286789798314e-03	-2.1667479586748262e-05
 1.1658253987930873e+00	 3.0659072278923514e-03	-2.1667479586861338e-05
 1.1719613219446299e+00	 3.0563857769420606e-03	-2.1667479586780134e-05
 1.1780972450961724e+00	 3.0468643258555546e-03	-2.1667479586825437e-05
 1.1842331682477150e+00	 3.0373428749043115e-03	-2.1667479586817526e-05
 1.1903690913992575e+00	 3.0278214238187375e-03	-2.1667479586787778e-05
 1.1965050145507998e+00	 3.0182999728665810e-03	-2.1667479586854683e-05
 1.2026409377023426e+00	 3.0087785217819047e-03	-2.1667479586750661e-05
 1.2087768608538849e+00	 2.9992570708288636e-03	-2.1667479586892268e-05
 1.2149127840054279e+00	 2.9897356197450598e-03	-2.1667479586712090e-05
 1.2210487071569704e+00	 2.9802141687911591e-03	-2.1667479586933064e-05
 1.2271846303085130e+00	 2.9706927177081993e-03	-2.1667479586669132e-05
 1.2333205534600555e+00	 2.9611712667534712e-03	-2.1667479586978055e-05
 1.2394564766115981e+00	 2.9516498156713206e-03	-2.1667479586622989e-05
 1.2455923997631406e+00	 2.9421283647158040e-03	-2.1667479587024090e-05
 1.2517283229146834e+00	 2.9326069136344220e-03	-2.1667479586578710e-05
 1.2578642460662257e+00	 2.9230854626781581e-03	-2.1667479587064663e-05
 1.2640001692177683e+00	 2.9135640115974986e-03	-2.1667479586543734e-05
 1.2701360923693108e+00	 2.9040425606405326e-03	-2.1667479587092500e-05
 1.2762720155208533e+00	 2.8945211095605613e-03	-2.1667479586524330e-05
 1.2824079386723961e+00	 2.8849996586029184e-03	-2.1667479587102867e-05
 1.2885438618239387e+00	 2.8754782075236162e-03	-2.1667479586523199e-05
 1.2946797849754810e+00	 2.8659567565653080e-03	-2.1667479587095166e-05
 1.3008157081270237e+00	 2.8564353054866716e-03	-2.1667479586538493e-05
 1.3069516312785661e+00	 2.8469138545276951e-03	-2.1667479587073479e-05
 1.3130875544301088e+00	 2.8373924034497313e-03	-2.1667479586564727e-05
 1.3192234775816516e+00	 2.8278709524900743e-03	-2.1667479587044327e-05
 1.3253594007331939e+00	 2.8183495014127984e-03	-2.1667479586594875e-05
 1.3314953238847365e+00	 2.8088280504524480e-03	-2.1667479587014325e-05
 1.3376312470362790e+00	 2.7993065993758715e-03	-2.1667479586623318e-05
 1.3437671701878215e+00	 2.7897851484148177e-03	-2.1667479586987803e-05
 1.3499030933393643e+00	 2.7802636973389464e-03	-2.1667479586647313e-05
 1.3560390164909069e+00	 2.7707422463771878e-03	-2.1667479586966085e-05
 1.3621749396424494e+00	 2.7612207953020178e-03	-2.1667479586667086e-05
 1.3683108627939919e+00	 2.7516993443395619e-03	-2.1667479586947444e-05
 1.3744467859455345e+00	 2.7421778932650853e-03	-2.1667479586684948e-05
 1.3805827090970770e+00	 2.7326564423019394e-03	-2.1667479586929659e-05
 1.3867186322486196e+00	 2.7231349912281494e-03	-2.1667479586702719e-05
 1.3928545554001621e+00	 2.7136135402643217e-03	-2.1667479586911563e-05
 1.3989904785517047e+00	 2.7040920891912125e-03	-2.1667479586720822e-05
 1.4051264017032472e+00	 2.6945706382267014e-03	-2.1667479586894128e-05
 1.4112623248547900e+00	 2.6850491871542761e-03	-2.1667479586737190e-05
 1.4173982480063327e+00	 2.6755277361890824e-03	-2.1667479586879545e-05
 1.4235341711578751e+00	 2.6660062851173393e-03	-2.1667479586749238e-05
 1.4296700943094176e+00	 2.6564848341514638e-03	-2.1667479586870753e-05
 1.4358060174609601e+00	 2.6469633830804007e-03	-2.1667479586754564e-05
 1.4419419406125029e+00	 2.6374419321138478e-03	-2.1667479586869306e-05
 1.4480778637640452e+00	 2.6279204810434583e-03	-2.1667479586752348e-05
 1.4542137869155878e+00	 2.6183990300762392e-03	-2.1667479586875141e-05
 1.4603497100671303e+00	 2.6088775790065058e-03	-2.1667479586743556e-05
 1.4664856332186729e+00	 2.5993561280386384e-03	-2.1667479586886569e-05
 1.4726215563702154e+00	 2.5898346769695460e-03	-2.1667479586730129e-05
 1.4787574795217582e+00	 2.5803132260010485e-03	-2.1667479586901372e-05
 1.4848934026733007e+00	 2.5707917749325749e-03	-2.1667479586714720e-05
 1.4910293258248433e+00	 2.5612703239634685e-03	-2.1667479586917106e-05
 1.4971652489763858e+00	 2.5517488728955934e-03	-2.1667479586699446e-05
 1.5033011721279284e+00	 2.5422274219258994e-03	-2.1667479586931580e-05
 1.5094370952794709e+00	 2.5327059708586015e-03	-2.1667479586686320e-05
 1.5155730184310134e+00	 2.5231845198883372e-03	-2.1667479586943137e-05
 1.5217089415825558e+00	 2.5136630688216035e-03	-2.1667479586676644e-05
 1.5278448647340985e+00	 2.5041416178507832e-03	-2.1667479586950727e-05
 1.5339807878856411e+00	 2.4946201667845986e-03	-2.1667479586671206e-05
 1.5401167110371838e+00	 2.4850987158132336e-03	-2.1667479586954271e-05
 1.5462526341887264e+00	 2.4755772647475898e-03	-2.1667479586669698e-05
 1.5523885573402689e+00	 2.4660558137756874e-03	-2.1667479586954162e-05
 1.5585244804918115e+00	 2.4565343627105775e-03	-2.1667479586670826e-05
 1.5646604036433540e+00	 2.4470129117381443e-03	-2.1667479586951912e-05
 1.5707963267948966e+00	 2.4374914606735622e-03	-2.1667479586673530e-05
 1.5769322499464391e+00	 2.4279700097006056e-03	-2.1667479586948345e-05
 1.5830681730979816e+00	 2.4184485586365438e-03	-2.1667479586677169e-05
 1.5892040962495240e+00	 2.4089271076630702e-03	-2.1667479586944160e-05
 1.5953400194010667e+00	 2.3994056565995207e-03	-2.1667479586682444e-05
 1.6014759425526093e+00	 2.3898842056255406e-03	-2.1667479586937706e-05
 1.6076118657041520e+00	 2.3803627545624911e-03	-2.1667479586690864e-05
 1.6137477888556946e+00	 2.3708413035880161e-03	-2.1667479586926928e-05
 1.6198837120072371e+00	 2.3613198525254575e-03	-2.1667479586704616e-05
 1.6260196351587797e+00	 2.3517984015504947e-03	-2.1667479586910262e-05
 1.6321555583103224e+00	 2.3422769504884231e-03	-2.1667479586724430e-05
 1.6382914814618650e+00	 2.3327554995129724e-03	-2.1667479586887846e-05
 1.6444274046134073e+00	 2.3232340484513896e-03	-2.1667479586749323e-05
 1.6505633277649499e+00	 2.3137125974754483e-03	-2.1667479586861476e-05
 1.6566992509164924e+00	 2.3041911464143578e-03	-2.1667479586776651e-05
 1.6628351740680349e+00	 2.2946696954379217e-03	-2.1667479586834033e-05
 1.6689710972195775e+00	 2.2851482443773290e-03	-2.1667479586804054e-05
 1.6751070203711202e+00	 2.2756267934003929e-03	-2.1667479586807199e-05
 1.6812429435226628e+00	 2.2661053423402998e-03	-2.1667479586830343e-05
 1.6873788666742053e+00	 2.2565838913628663e-03	-2.1667479586781310e-05
 1.6935147898257479e+00	 2.2470624403032697e-03	-2.1667479586856249e-05
 1.6996507129772904e+00	 2.2375409893253392e-03	-2.1667479586755235e-05
 1.7057866361288330e+00	 2.2280195382662384e-03	-2.1667479586882906e-05
 1.7119225592803755e+00	 2.2184980872878134e-03	-2.1667479586727798e-05
 1.7180584824319181e+00	 2.2089766362292079e-03	-2.1667479586911316e-05
 1.7241944055834606e+00	 2.1994551852502872e-03	-2.1667479586698446e-05
 1.7303303287350031e+00	 2.1899337341921782e-03	-2.1667479586941081e-05
 1.7364662518865459e+00	 2.1804122832127589e-03	-2.1667479586668292e-05
 1.7426021750380882e+00	 2.1708908321551521e-03	-2.1667479586971038e-05
 1.7487380981896310e+00	 2.1613693811752266e-03	-2.1667479586638893e-05
 1.7548740213411735e+00	 2.1518479301181294e-03	-2.1667479586999079e-05
 1.7610099444927161e+00	 2.1423264791376913e-03	-2.1667479586612408e-05
 1.7671458676442586e+00	 2.1328050280811080e-03	-2.1667479587023443e-05
 1.7732817907958012e+00	 2.1232835771001529e-03	-2.1667479586590260e-05
 1.7794177139473437e+00	 2.1137621260440896e-03	-2.1667479587042731e-05
 1.7855536370988863e+00	 2.1042406750626168e-03	-2.1667479586573851e-05
 1.7916895602504286e+00	 2.0947192240070699e-03	-2.1667479587056281e-05
 1.7978254834019713e+00	 2.0851977730250797e-03	-2.1667479586563229e-05
 1.8039614065535141e+00	 2.0756763219700485e-03	-2.1667479587064158e-05
 1.8100973297050564e+00	 2.0661548709875483e-03	-2.1667479586557744e-05
 1.8162332528565992e+00	 2.0566334199330219e-03	-2.1667479587067587e-05
 1.8223691760081417e+00	 2.0471119689500212e-03	-2.1667479586555755e-05
 1.8285050991596843e+00	 2.0375905178959906e-03	-2.1667479587068491e-05
 1.8346410223112268e+00	 2.0280690669124972e-03	-2.1667479586555172e-05
 1.8407769454627694e+00	 2.0185476158589570e-03	-2.1667479587068925e-05
 1.8469128686143119e+00	 2.0090261648749775e-03	-2.1667479586554519e-05
 1.8530487917658545e+00	 1.9995047138219178e-03	-2.1667479587069782e-05
 1.8591847149173970e+00	 1.9899832628374600e-03	-2.1667479586553543e-05
 1.8653206380689393e+00	 1.9804618117848804e-03	-2.1667479587070561e-05
 1.8714565612204823e+00	 1.9709403607999425e-03	-2.1667479586553688e-05
 1.8775924843720246e+00	 1.9614189097478425e-03	-2.1667479587069040e-05
 1.8837284075235674e+00	 1.9518974587624236e-03	-2.1667479586557263e-05
 1.8898643306751099e+00	 1.9423760077108042e-03	-2.1667479587063145e-05
 1.8960002538266525e+00	 1.9328545567249055e-03	-2.1667479586565947e-05
 1.9021361769781950e+00	 1.9233331056737624e-03	-2.1667479587051723e-05
 1.9082721001297376e+00	 1.9138116546873929e-03	-2.1667479586580007e-05
 1.9144080232812801e+00	 1.9042902036367168e-03	-2.1667479587035820e-05
 1.9205439464328224e+00	 1.8947687526498862e-03	-2.1667479586597677e-05
 1.9266798695843652e+00	 1.8852473015996637e-03	-2.1667479587017673e-05
 1.9328157927359080e+00	 1.8757258506123856e-03	-2.1667479586616054e-05
 1.9389517158874505e+00	 1.8662043995626039e-03	-2.1667479586999655e-05
 1.9450876390389933e+00	 1.8566829485748898e-03	-2.1667479586633099e-05
 1.9512235621905356e+00	 1.8471614975255411e-03	-2.1667479586983249e-05
 1.9573594853420782e+00	 1.8376400465373983e-03	-2.1667479586648634e-05
 1.9634954084936207e+00	 1.8281185954884750e-03	-2.1667479586967888e-05
 1.9696313316451632e+00	 1.8185971444999070e-03	-2.1667479586663986e-05
 1.9757672547967058e+00	 1.8090756934514096e-03	-2.1667479586952190e-05
 1.9819031779482483e+00	 1.7995542424624165e-03	-2.1667479586680801e-05
 1.9880391010997909e+00	 1.7900327914143416e-03	-2.1667479586934091e-05
 1.9941750242513334e+00	 1.7805113404249289e-03	-2.1667479586700354e-05
 2.0003109474028760e+00	 1.7709898893772708e-03	-2.1667479586912996e-05
 2.0064468705544187e+00	 1.7614684383874463e-03	-2.1667479586722634e-05
 2.0125827937059610e+00	 1.7519469873401952e-03	-2.1667479586889425e-05
 2.0187187168575038e+00	 1.7424255363499685e-03	-2.1667479586746927e-05
 2.0248546400090461e+00	 1.7329040853031135e-03	-2.1667479586864905e-05
 2.0309905631605889e+00	 1.7233826343124961e-03	-2.1667479586771352e-05
 2.0371264863121317e+00	 1.7138611832660266e-03	-2.1667479586840785e-05
 2.0432624094636740e+00	 1.7043397322750299e-03	-2.1667479586794615e-05
 2.0493983326152168e+00	 1.6948182812289330e-03	-2.1667479586818579e-05
 2.0555342557667591e+00	 1.6852968302375683e-03	-2.1667479586815669e-05
 2.0616701789183018e+00	 1.6757753791918374e-03	-2.1667479586798854e-05
 2.0678061020698442e+00	 1.6662539282001102e-03	-2.1667479586834097e-05
 2.0739420252213869e+00	 1.6567324771547389e-03	-2.1667479586781744e-05
 2.0800779483729293e+00	 1.6472110261626541e-03	-2.1667479586850174e-05
 2.0862138715244720e+00	 1.6376895751176368e-03	-2.1667479586766666e-05
 2.0923497946760143e+00	 1.6281681241251990e-03	-2.1667479586864529e-05
 2.0984857178275571e+00	 1.6186466730805334e-03	-2.1667479586752951e-05
 2.1046216409790999e+00	 1.6091252220877461e-03	-2.1667479586877834e-05
 2.1107575641306422e+00	 1.5996037710434292e-03	-2.1667479586739876e-05
 2.1168934872821850e+00	 1.5900823200502958e-03	-2.1667479586890594e-05
 2.1230294104337273e+00	 1.5805608690063224e-03	-2.1667479586727222e-05
 2.1291653335852700e+00	 1.5710394180128474e-03	-2.1667479586902751e-05
 2.1353012567368124e+00	 1.5615179669692123e-03	-2.1667479586715275e-05
 2.1414371798883551e+00	 1.5519965159754034e-03	-2.1667479586913769e-05
 2.1475731030398975e+00	 1.5424750649320994e-03	-2.1667479586705219e-05
 2.1537090261914402e+00	 1.5329536139379613e-03	-2.1667479586922622e-05
 2.1598449493429825e+00	 1.5234321628949845e-03	-2.1667479586697972e-05
 2.1659808724945253e+00	 1.5139107119005214e-03	-2.1667479586928565e-05
 2.1721167956460681e+00	 1.5043892608578675e-03	-2.1667479586693706e-05
 2.1782527187976104e+00	 1.4948678098630822e-03	-2.1667479586931374e-05
 2.1843886419491532e+00	 1.4853463588207494e-03	-2.1667479586692155e-05
 2.1905245651006955e+00	 1.4758249078256436e-03	-2.1667479586931895e-05
 2.1966604882522383e+00	 1.4663034567836335e-03	-2.1667479586692327e-05
 2.2027964114037806e+00	 1.4567820057882045e-03	-2.1667479586931367e-05
 2.2089323345553233e+00	 1.4472605547465162e-03	-2.1667479586693218e-05
 2.2150682577068657e+00	 1.4377391037507655e-03	-2.1667479586930225e-05
 2.2212041808584084e+00	 1.4282176527093979e-03	-2.1667479586694421e-05
 2.2273401040099512e+00	 1.4186962017133265e-03	-2.1667479586928931e-05
 2.2334760271614935e+00	 1.4091747506722791e-03	-2.1667479586696186e-05
 2.2396119503130363e+00	 1.3996532996758892e-03	-2.1667479586926762e-05
 2.2457478734645786e+00	 1.3901318486351589e-03	-2.1667479586698904e-05
 2.2518837966161214e+00	 1.3806103976384547e-03	-2.1667479586923306e-05
 2.2580197197676637e+00	 1.3710889465980384e-03	-2.1667479586703078e-05
 2.2641556429192065e+00	 1.3615674956010192e-03	-2.1667479586918241e-05
 2.2702915660707488e+00	 1.3520460445609168e-03	-2.1667479586708784e-05
 2.2764274892222915e+00	 1.3425245935635851e-03	-2.1667479586911584e-05
 2.2825634123738339e+00	 1.3330031425237939e-03	-2.1667479586716166e-05
 2.2886993355253766e+00	 1.3234816915261500e-03	-2.1667479586903289e-05
 2.2948352586769194e+00	 1.3139602404866721e-03	-2.1667479586724982e-05
 2.3009711818284617e+00	 1.3044387894887168e-03	-2.1667479586893586e-05
 2.3071071049800045e+00	 1.2949173384495508e-03	-2.1667479586735133e-05
 2.3132430281315468e+00	 1.2853958874512812e-03	-2.1667479586882879e-05
 2.3193789512830896e+00	 1.2758744364124309e-03	-2.1667479586746097e-05
 2.3255148744346319e+00	 1.2663529854138452e-03	-2.1667479586871617e-05
 2.3316507975861747e+00	 1.2568315343753106e-03	-2.1667479586757407e-05
 2.3377867207377170e+00	 1.2473100833764084e-03	-2.1667479586860704e-05
 2.3439226438892597e+00	 1.2377886323381919e-03	-2.1667479586767913e-05
 2.3500585670408021e+00	 1.2282671813389726e-03	-2.1667479586850391e-05
 2.3561944901923448e+00	 1.2187457303010727e-03	-2.1667479586777864e-05
 2.3623304133438876e+00	 1.2092242793015360e-03	-2.1667479586840639e-05
 2.3684663364954299e+00	 1.1997028282639520e-03	-2.1667479586787802e-05
 2.3746022596469727e+00	 1.1901813772641013e-03	-2.1667479586830397e-05
 2.3807381827985150e+00	 1.1806599262268297e-03	-2.1667479586798823e-05
 2.3868741059500578e+00	 1.1711384752266679e-03	-2.1667479586818678e-05
 2.3930100291016001e+00	 1.1616170241897077e-03	-2.1667479586811651e-05
 2.3991459522531429e+00	 1.1520955731892343e-03	-2.1667479586804813e-05
 2.4052818754046852e+00	 1.1425741221525862e-03	-2.1667479586826552e-05
 2.4114177985562280e+00	 1.1330526711517987e-03	-2.1667479586789299e-05
 2.4175537217077703e+00	 1.1235312201154670e-03	-2.1667479586842550e-05
 2.4236896448593130e+00	 1.1140097691143603e-03	-2.1667479586773429e-05
 2.4298255680108558e+00	 1.1044883180783499e-03	-2.1667479586858007e-05
 2.4359614911623981e+00	 1.0949668670769189e-03	-2.1667479586759023e-05
 2.4420974143139409e+00	 1.0854454160412353e-03	-2.1667479586871516e-05
 2.4482333374654832e+00	 1.0759239650394779e-03	-2.1667479586746944e-05
 2.4543692606170260e+00	 1.0664025140041202e-03	-2.1667479586882496e-05
 2.4605051837685683e+00	 1.0568810630020363e-03	-2.1667479586737190e-05
 2.4666411069201111e+00	 1.0473596119670043e-03	-2.1667479586891492e-05
 2.4727770300716534e+00	 1.0378381609645972e-03	-2.1667479586728777e-05
 2.4789129532231962e+00	 1.0283167099298864e-03	-2.1667479586899684e-05
 2.4850488763747385e+00	 1.0187952589271580e-03	-2.1667479586720584e-05
 2.4911847995262812e+00	 1.0092738078927670e-03	-2.1667479586908209e-05
 2.4973207226778240e+00	 9.9975235688972092e-04	-2.1667479586711613e-05
 2.5034566458293663e+00	 9.9023090585564823e-04	-2.1667479586917337e-05
 2.5095925689809091e+00	 9.8070945485228362e-04	-2.1667479586702024e-05
 2.5157284921324514e+00	 9.7118800381852980e-04	-2.1667479586926837e-05
 2.5218644152839942e+00	 9.6166655281484394e-04	-2.1667479586692731e-05
 2.5280003384355365e+00	 9.5214510178141354e-04	-2.1667479586935453e-05
 2.5341362615870793e+00	 9.4262365077740437e-04	-2.1667479586684704e-05
 2.5402721847386216e+00	 9.3310219974429695e-04	-2.1667479586942416e-05
 2.5464081078901644e+00	 9.2358074873996469e-04	-2.1667479586678734e-05
 2.5525440310417071e+00	 9.1405929770717982e-04	-2.1667479586947427e-05
 2.5586799541932495e+00	 9.0453784670252555e-04	-2.1667479586674513e-05
 2.5648158773447922e+00	 8.9501639567006171e-04	-2.1667479586950964e-05
 2.5709518004963345e+00	 8.8549494466508955e-04	-2.1667479586671345e-05
 2.5770877236478773e+00	 8.7597349363294046e-04	-2.1667479586954050e-05
 2.5832236467994196e+00	 8.6645204262765410e-04	-2.1667479586668204e-05
 2.5893595699509624e+00	 8.5693059159581888e-04	-2.1667479586957574e-05
 2.5954954931025047e+00	 8.4740914059022103e-04	-2.1667479586664128e-05
 2.6016314162540475e+00	 8.3788768955869622e-04	-2.1667479586962209e-05
 2.6077673394055898e+00	 8.2836623855278731e-04	-2.1667479586659036e-05
 2.6139032625571326e+00	 8.1884478752157323e-04	-2.1667479586967654e-05
 2.6200391857086753e+00	 8.0932333651535251e-04	-2.1667479586653374e-05
 2.6261751088602177e+00	 7.9980188548445187e-04	-2.1667479586973115e-05
 2.6323110320117604e+00	 7.9028043447791727e-04	-2.1667479586648231e-05
 2.6384469551633027e+00	 7.8075898344733181e-04	-2.1667479586977906e-05
 2.6445828783148455e+00	 7.7123753244048214e-04	-2.1667479586644172e-05
 2.6507188014663878e+00	 7.6171608141021251e-04	-2.1667479586981044e-05
 2.6568547246179306e+00	 7.5219463040304539e-04	-2.1667479586641766e-05
 2.6629906477694729e+00	 7.4267317937309148e-04	-2.1667479586982680e-05
 2.6691265709210157e+00	 7.3315172836561037e-04	-2.1667479586640919e-05
 2.6752624940725580e+00	 7.2363027733596925e-04	-2.1667479586982799e-05
 2.6813984172241008e+00	 7.1410882632817567e-04	-2.1667479586641160e-05
 2.6875343403756435e+00	 7.0458737529884626e-04	-2.1667479586982158e-05
 2.6936702635271859e+00	 6.9506592429074347e-04	-2.1667479586641854e-05
 2.6998061866787286e+00	 6.8554447326172241e-04	-2.1667479586981264e-05
 2.7059421098302709e+00	 6.7602302225331181e-04	-2.1667479586642657e-05
 2.7120780329818137e+00	 6.6650157122459812e-04	-2.1667479586980471e-05
 2.7182139561333560e+00	 6.5698012021588124e-04	-2.1667479586643382e-05
 2.7243498792848988e+00	 6.4745866918747264e-04	-2.1667479586979868e-05
 2.7304858024364411e+00	 6.3793721817845077e-04	-2.1667479586644192e-05
 2.7366217255879839e+00	 6.2841576715034781e-04	-2.1667479586978916e-05
 2.7427576487395262e+00	 6.1889431614101965e-04	-2.1667479586645497e-05
 2.7488935718910690e+00	 6.0937286511322168e-04	-2.1667479586977483e-05
 2.7550294950426117e+00	 5.9985141410358930e-04	-2.1667479586647489e-05
 2.7611654181941541e+00	 5.9032996307609577e-04	-2.1667479586975067e-05
 2.7673013413456968e+00	 5.8080851206616024e-04	-2.1667479586650172e-05
 2.7734372644972392e+00	 5.7128706103896877e-04	-2.1667479586971825e-05
 2.7795731876487819e+00	 5.6176561002873118e-04	-2.1667479586653774e-05
 2.7857091108003242e+00	 5.5224415900184090e-04	-2.1667479586967986e-05
 2.7918450339518670e+00	 5.4272270799130332e-04	-2.1667479586657863e-05
 2.7979809571034093e+00	 5.3320125696471174e-04	-2.1667479586963785e-05
 2.8041168802549521e+00	 5.2367980595387654e-04	-2.1667479586662126e-05
 2.8102528034064944e+00	 5.1415835492758149e-04	-2.1667479586959556e-05
 2.8163887265580372e+00	 5.0463690391645138e-04	-2.1667479586666317e-05
 2.8225246497095799e+00	 4.9511545289044983e-04	-2.1667479586955599e-05
 2.8286605728611223e+00	 4.8559400187902742e-04	-2.1667479586670237e-05
 2.8347964960126650e+00	 4.7607255085331827e-04	-2.1667479586951740e-05
 2.8409324191642074e+00	 4.6655109984160265e-04	-2.1667479586674086e-05
 2.8470683423157501e+00	 4.5702964881618667e-04	-2.1667479586948077e-05
 2.8532042654672924e+00	 4.4750819780417934e-04	-2.1667479586677813e-05
 2.8593401886188352e+00	 4.3798674677905430e-04	-2.1667479586944330e-05
 2.8654761117703775e+00	 4.2846529576675608e-04	-2.1667479586681878e-05
 2.8716120349219203e+00	 4.1894384474191972e-04	-2.1667479586940376e-05
 2.8777479580734626e+00	 4.0942239372933293e-04	-2.1667479586685964e-05
 2.8838838812250054e+00	 3.9990094270478534e-04	-2.1667479586936181e-05
 2.8900198043765482e+00	 3.9037949169191109e-04	-2.1667479586690250e-05
 2.8961557275280905e+00	 3.8085804066765054e-04	-2.1667479586931994e-05
 2.9022916506796332e+00	 3.7133658965449060e-04	-2.1667479586694459e-05
 2.9084275738311756e+00	 3.6181513863051449e-04	-2.1667479586927989e-05
 2.9145634969827183e+00	 3.5229368761706967e-04	-2.1667479586698463e-05
 2.9206994201342606e+00	 3.4277223659337757e-04	-2.1667479586924425e-05
 2.9268353432858034e+00	 3.3325078557965070e-04	-2.1667479586701909e-05
 2.9329712664373457e+00	 3.2372933455623962e-04	-2.1667479586921477e-05
 2.9391071895888885e+00	 3.1420788354223124e-04	-2.1667479586704599e-05
 2.9452431127404308e+00	 3.0468643251910205e-04	-2.1667479586919159e-05
 2.9513790358919736e+00	 2.9516498150481280e-04	-2.1667479586706544e-05
 2.9575149590435164e+00	 2.8564353048196351e-04	-2.1667479586917574e-05
 2.9636508821950587e+00	 2.7612207946739399e-04	-2.1667479586707862e-05
 2.9697868053466014e+00	 2.6660062844482605e-04	-2.1667479586916212e-05
 2.9759227284981438e+00	 2.5707917742997415e-04	-2.1667479586708695e-05
 2.9820586516496865e+00	 2.4755772640768837e-04	-2.1667479586915178e-05
 2.9881945748012289e+00	 2.3803627539255477e-04	-2.1667479586709587e-05
 2.9943304979527716e+00	 2.2851482437055113e-04	-2.1667479586914111e-05
 3.0004664211043139e+00	 2.1899337335513534e-04	-2.1667479586710545e-05
 3.0066023442558567e+00	 2.0947192233341426e-04	-2.1667479586912847e-05
 3.0127382674073995e+00	 1.9995047131771653e-04	-2.1667479586711955e-05
 3.0188741905589418e+00	 1.9042902029627626e-04	-2.1667479586911319e-05
 3.0250101137104846e+00	 1.8090756928029704e-04	-2.1667479586713564e-05
 3.0311460368620269e+00	 1.7138611825914042e-04	-2.1667479586909368e-05
 3.0372819600135696e+00	 1.6186466724287820e-04	-2.1667479586715587e-05
 3.0434178831651120e+00	 1.5234321622200323e-04	-2.1667479586907216e-05
 3.0495538063166547e+00	 1.4282176520545906e-04	-2.1667479586717759e-05
 3.0556897294681971e+00	 1.3330031418486523e-04	-2.1667479586904926e-05
 3.0618256526197398e+00	 1.2377886316804106e-04	-2.1667479586720049e-05
 3.0679615757712821e+00	 1.1425741214772615e-04	-2.1667479586902585e-05
 3.0740974989228249e+00	 1.0473596113062274e-04	-2.1667479586722343e-05
 3.0802334220743677e+00	 9.5214510110588549e-05	-2.1667479586900382e-05
 3.0863693452259100e+00	 8.5693059093205882e-05	-2.1667479586724447e-05
 3.0925052683774528e+00	 7.6171608073448947e-05	-2.1667479586898289e-05
 3.0986411915289951e+00	 6.6650157055788968e-05	-2.1667479586726398e-05
 3.1047771146805379e+00	 5.7128706036310294e-05	-2.1667479586896594e-05
 3.1109130378320802e+00	 4.7607255018372217e-05	-2.1667479586728028e-05
 3.1170489609836229e+00	 3.8085803999170068e-05	-2.1667479586894846e-05
 3.1231848841351653e+00	 2.8564352980956062e-05	-2.1667479586729356e-05
 3.1293208072867080e+00	 1.9042901962030060e-05	-2.1667479586893911e-05
 3.1354567304382504e+00	 9.5214509435400697e-06	-2.1667479586729953e-05
