%# 1. u 2. x_tilde 3. y 
%# N = 1024	L =  0.0000000000000000e+00
%# H/L =  7.6589271132876846e-04	c =  1.7999999999999999e-01	h = 2.800000e-02	y0 = 0.000000e+00

-3.1415926535897931e+00	 2.7821562684528214e-17	-1.2535953746119869e-04
-3.1354567304382504e+00	-2.4731437395371066e-05	-1.2535953746132508e-04
-3.1293208072867080e+00	-4.9462874790898908e-05	-1.2535953746119994e-04
-3.1231848841351653e+00	-7.4194312186269106e-05	-1.2535953746132161e-04
-3.1170489609836229e+00	-9.8925749581823402e-05	-1.2535953746120357e-04
-3.1109130378320802e+00	-1.2365718697716910e-04	-1.2535953746131557e-04
-3.1047771146805379e+00	-1.4838862437274855e-04	-1.2535953746121081e-04
-3.0986411915289951e+00	-1.7312006176806996e-04	-1.2535953746130746e-04
-3.0925052683774528e+00	-1.9785149916367109e-04	-1.2535953746121956e-04
-3.0863693452259100e+00	-2.2258293655897342e-04	-1.2535953746129757e-04
-3.0802334220743677e+00	-2.4731437395459060e-04	-1.2535953746123003e-04
-3.0740974989228249e+00	-2.7204581134987731e-04	-1.2535953746128662e-04
-3.0679615757712821e+00	-2.9677724874550837e-04	-1.2535953746124179e-04
-3.0618256526197398e+00	-3.2150868614078728e-04	-1.2535953746127453e-04
-3.0556897294681971e+00	-3.4624012353642354e-04	-1.2535953746125380e-04
-3.0495538063166547e+00	-3.7097156093169725e-04	-1.2535953746126299e-04
-3.0434178831651120e+00	-3.9570299832733524e-04	-1.2535953746126556e-04
-3.0372819600135696e+00	-4.2043443572261068e-04	-1.2535953746125198e-04
-3.0311460368620269e+00	-4.4516587311824868e-04	-1.2535953746127624e-04
-3.0250101137104846e+00	-4.6989731051352499e-04	-1.2535953746124179e-04
-3.0188741905589418e+00	-4.9462874790915778e-04	-1.2535953746128570e-04
-3.0127382674073995e+00	-5.1936018530444016e-04	-1.2535953746123284e-04
-3.0066023442558567e+00	-5.4409162270006688e-04	-1.2535953746129432e-04
-3.0004664211043139e+00	-5.6882306009535706e-04	-1.2535953746122479e-04
-2.9943304979527716e+00	-5.9355449749097424e-04	-1.2535953746130194e-04
-2.9881945748012289e+00	-6.1828593488627397e-04	-1.2535953746121756e-04
-2.9820586516496865e+00	-6.4301737228188161e-04	-1.2535953746130871e-04
-2.9759227284981438e+00	-6.6774880967719087e-04	-1.2535953746121135e-04
-2.9697868053466014e+00	-6.9248024707279070e-04	-1.2535953746131492e-04
-2.9636508821950587e+00	-7.1721168446810778e-04	-1.2535953746120617e-04
-2.9575149590435164e+00	-7.4194312186369807e-04	-1.2535953746132042e-04
-2.9513790358919736e+00	-7.6667455925902555e-04	-1.2535953746120102e-04
-2.9452431127404308e+00	-7.9140599665460576e-04	-1.2535953746132568e-04
-2.9391071895888885e+00	-8.1613743404994267e-04	-1.2535953746119625e-04
-2.9329712664373457e+00	-8.4086887144551442e-04	-1.2535953746133067e-04
-2.9268353432858034e+00	-8.6560030884085882e-04	-1.2535953746119070e-04
-2.9206994201342606e+00	-8.9033174623641929e-04	-1.2535953746133590e-04
-2.9145634969827183e+00	-9.1506318363177930e-04	-1.2535953746118536e-04
-2.9084275738311756e+00	-9.3979462102732601e-04	-1.2535953746134083e-04
-2.9022916506796332e+00	-9.6452605842269729e-04	-1.2535953746118042e-04
-2.8961557275280905e+00	-9.8925749581823185e-04	-1.2535953746134576e-04
-2.8900198043765482e+00	-1.0139889332136198e-03	-1.2535953746117565e-04
-2.8838838812250054e+00	-1.0387203706091340e-03	-1.2535953746134994e-04
-2.8777479580734626e+00	-1.0634518080045404e-03	-1.2535953746117170e-04
-2.8716120349219203e+00	-1.0881832454000383e-03	-1.2535953746135300e-04
-2.8654761117703775e+00	-1.1129146827954656e-03	-1.2535953746116936e-04
-2.8593401886188352e+00	-1.1376461201909388e-03	-1.2535953746135411e-04
-2.8532042654672924e+00	-1.1623775575863870e-03	-1.2535953746116866e-04
-2.8470683423157501e+00	-1.1871089949818375e-03	-1.2535953746135341e-04
-2.8409324191642074e+00	-1.2118404323773120e-03	-1.2535953746117064e-04
-2.8347964960126650e+00	-1.2365718697727372e-03	-1.2535953746135010e-04
-2.8286605728611223e+00	-1.2613033071682373e-03	-1.2535953746117481e-04
-2.8225246497095799e+00	-1.2860347445636385e-03	-1.2535953746134430e-04
-2.8163887265580372e+00	-1.3107661819591609e-03	-1.2535953746118172e-04
-2.8102528034064944e+00	-1.3354976193545413e-03	-1.2535953746133614e-04
-2.8041168802549521e+00	-1.3602290567500833e-03	-1.2535953746119072e-04
-2.7979809571034093e+00	-1.3849604941454435e-03	-1.2535953746132568e-04
-2.7918450339518670e+00	-1.4096919315410043e-03	-1.2535953746120178e-04
-2.7857091108003242e+00	-1.4344233689363480e-03	-1.2535953746131378e-04
-2.7795731876487819e+00	-1.4591548063319199e-03	-1.2535953746121390e-04
-2.7734372644972392e+00	-1.4838862437272580e-03	-1.2535953746130091e-04
-2.7673013413456968e+00	-1.5086176811228346e-03	-1.2535953746122658e-04
-2.7611654181941541e+00	-1.5333491185181695e-03	-1.2535953746128787e-04
-2.7550294950426117e+00	-1.5580805559137463e-03	-1.2535953746123870e-04
-2.7488935718910690e+00	-1.5828119933090816e-03	-1.2535953746127589e-04
-2.7427576487395262e+00	-1.6075434307046520e-03	-1.2535953746125084e-04
-2.7366217255879839e+00	-1.6322748680999983e-03	-1.2535953746126537e-04
-2.7304858024364411e+00	-1.6570063054955591e-03	-1.2535953746126065e-04
-2.7243498792848988e+00	-1.6817377428909150e-03	-1.2535953746125656e-04
-2.7182139561333560e+00	-1.7064691802864671e-03	-1.2535953746126873e-04
-2.7120780329818137e+00	-1.7312006176818362e-03	-1.2535953746124938e-04
-2.7059421098302709e+00	-1.7559320550773710e-03	-1.2535953746127486e-04
-2.6998061866787286e+00	-1.7806634924727538e-03	-1.2535953746124442e-04
-2.6936702635271859e+00	-1.8053949298682769e-03	-1.2535953746127936e-04
-2.6875343403756435e+00	-1.8301263672636729e-03	-1.2535953746124100e-04
-2.6813984172241008e+00	-1.8548578046591827e-03	-1.2535953746128245e-04
-2.6752624940725580e+00	-1.8795892420545909e-03	-1.2535953746123794e-04
-2.6691265709210157e+00	-1.9043206794500912e-03	-1.2535953746128516e-04
-2.6629906477694729e+00	-1.9290521168455082e-03	-1.2535953746123507e-04
-2.6568547246179306e+00	-1.9537835542409961e-03	-1.2535953746128792e-04
-2.6507188014663878e+00	-1.9785149916364247e-03	-1.2535953746123233e-04
-2.6445828783148455e+00	-2.0032464290319031e-03	-1.2535953746129088e-04
-2.6384469551633027e+00	-2.0279778664273433e-03	-1.2535953746122921e-04
-2.6323110320117604e+00	-2.0527093038228083e-03	-1.2535953746129370e-04
-2.6261751088602177e+00	-2.0774407412182646e-03	-1.2535953746122634e-04
-2.6200391857086753e+00	-2.1021721786137126e-03	-1.2535953746129622e-04
-2.6139032625571326e+00	-2.1269036160091841e-03	-1.2535953746122414e-04
-2.6077673394055898e+00	-2.1516350534046165e-03	-1.2535953746129790e-04
-2.6016314162540475e+00	-2.1763664908001070e-03	-1.2535953746122330e-04
-2.5954954931025047e+00	-2.2010979281955182e-03	-1.2535953746129773e-04
-2.5893595699509624e+00	-2.2258293655910292e-03	-1.2535953746122458e-04
-2.5832236467994196e+00	-2.2505608029864178e-03	-1.2535953746129529e-04
-2.5770877236478773e+00	-2.2752922403819539e-03	-1.2535953746122872e-04
-2.5709518004963345e+00	-2.3000236777773169e-03	-1.2535953746128911e-04
-2.5648158773447922e+00	-2.3247551151728768e-03	-1.2535953746123677e-04
-2.5586799541932495e+00	-2.3494865525682204e-03	-1.2535953746127957e-04
-2.5525440310417071e+00	-2.3742179899638003e-03	-1.2535953746124846e-04
-2.5464081078901644e+00	-2.3989494273591230e-03	-1.2535953746126640e-04
-2.5402721847386216e+00	-2.4236808647547172e-03	-1.2535953746126317e-04
-2.5341362615870793e+00	-2.4484123021500303e-03	-1.2535953746125109e-04
-2.5280003384355365e+00	-2.4731437395456336e-03	-1.2535953746127979e-04
-2.5218644152839942e+00	-2.4978751769409407e-03	-1.2535953746123420e-04
-2.5157284921324514e+00	-2.5226066143365440e-03	-1.2535953746129711e-04
-2.5095925689809091e+00	-2.5473380517318555e-03	-1.2535953746121777e-04
-2.5034566458293663e+00	-2.5720694891274501e-03	-1.2535953746131343e-04
-2.4973207226778240e+00	-2.5968009265227815e-03	-1.2535953746120319e-04
-2.4911847995262812e+00	-2.6215323639183514e-03	-1.2535953746132649e-04
-2.4850488763747385e+00	-2.6462638013137036e-03	-1.2535953746119192e-04
-2.4789129532231962e+00	-2.6709952387092535e-03	-1.2535953746133620e-04
-2.4727770300716534e+00	-2.6957266761046318e-03	-1.2535953746118430e-04
-2.4666411069201111e+00	-2.7204581135001492e-03	-1.2535953746134205e-04
-2.4605051837685683e+00	-2.7451895508955578e-03	-1.2535953746118088e-04
-2.4543692606170260e+00	-2.7699209882910501e-03	-1.2535953746134419e-04
-2.4482333374654832e+00	-2.7946524256864838e-03	-1.2535953746118031e-04
-2.4420974143139409e+00	-2.8193838630819461e-03	-1.2535953746134349e-04
-2.4359614911623981e+00	-2.8441153004774098e-03	-1.2535953746118267e-04
-2.4298255680108558e+00	-2.8688467378728500e-03	-1.2535953746134083e-04
-2.4236896448593130e+00	-2.8935781752683310e-03	-1.2535953746118617e-04
-2.4175537217077703e+00	-2.9183096126637531e-03	-1.2535953746133709e-04
-2.4114177985562280e+00	-2.9430410500592527e-03	-1.2535953746119029e-04
-2.4052818754046852e+00	-2.9677724874546583e-03	-1.2535953746133332e-04
-2.3991459522531429e+00	-2.9925039248501753e-03	-1.2535953746119422e-04
-2.3930100291016001e+00	-3.0172353622455609e-03	-1.2535953746132926e-04
-2.3868741059500578e+00	-3.0419667996410987e-03	-1.2535953746119831e-04
-2.3807381827985150e+00	-3.0666982370364661e-03	-1.2535953746132454e-04
-2.3746022596469727e+00	-3.0914296744320204e-03	-1.2535953746120422e-04
-2.3684663364954299e+00	-3.1161611118273673e-03	-1.2535953746131768e-04
-2.3623304133438876e+00	-3.1408925492229485e-03	-1.2535953746121317e-04
-2.3561944901923448e+00	-3.1656239866182699e-03	-1.2535953746130709e-04
-2.3500585670408021e+00	-3.1903554240138706e-03	-1.2535953746122569e-04
-2.3439226438892597e+00	-3.2150868614091751e-03	-1.2535953746129150e-04
-2.3377867207377170e+00	-3.2398182988047893e-03	-1.2535953746124312e-04
-2.3316507975861747e+00	-3.2645497362000803e-03	-1.2535953746127150e-04
-2.3255148744346319e+00	-3.2892811735957058e-03	-1.2535953746126458e-04
-2.3193789512830896e+00	-3.3140126109909938e-03	-1.2535953746124859e-04
-2.3132430281315468e+00	-3.3387440483866136e-03	-1.2535953746128819e-04
-2.3071071049800045e+00	-3.3634754857819133e-03	-1.2535953746122504e-04
-2.3009711818284617e+00	-3.3882069231775144e-03	-1.2535953746131074e-04
-2.2948352586769194e+00	-3.4129383605728441e-03	-1.2535953746120390e-04
-2.2886993355253766e+00	-3.4376697979684101e-03	-1.2535953746132931e-04
-2.2825634123738339e+00	-3.4624012353637783e-03	-1.2535953746118853e-04
-2.2764274892222915e+00	-3.4871326727592979e-03	-1.2535953746134072e-04
-2.2702915660707488e+00	-3.5118641101547160e-03	-1.2535953746118121e-04
-2.2641556429192065e+00	-3.5365955475501823e-03	-1.2535953746134360e-04
-2.2580197197676637e+00	-3.5613269849456572e-03	-1.2535953746118237e-04
-2.2518837966161214e+00	-3.5860584223410671e-03	-1.2535953746133820e-04
-2.2457478734645786e+00	-3.6107898597365941e-03	-1.2535953746119151e-04
-2.2396119503130363e+00	-3.6355212971319597e-03	-1.2535953746132568e-04
-2.2334760271614935e+00	-3.6602527345275262e-03	-1.2535953746120612e-04
-2.2273401040099512e+00	-3.6849841719228554e-03	-1.2535953746130890e-04
-2.2212041808584084e+00	-3.7097156093184530e-03	-1.2535953746122395e-04
-2.2150682577068657e+00	-3.7344470467137562e-03	-1.2535953746129025e-04
-2.2089323345553233e+00	-3.7591784841093760e-03	-1.2535953746124266e-04
-2.2027964114037806e+00	-3.7839099215046580e-03	-1.2535953746127123e-04
-2.1966604882522383e+00	-3.8086413589002938e-03	-1.2535953746126149e-04
-2.1905245651006955e+00	-3.8333727962955692e-03	-1.2535953746125198e-04
-2.1843886419491532e+00	-3.8581042336912120e-03	-1.2535953746128066e-04
-2.1782527187976104e+00	-3.8828356710864766e-03	-1.2535953746123179e-04
-2.1721167956460681e+00	-3.9075671084821233e-03	-1.2535953746130185e-04
-2.1659808724945253e+00	-3.9322985458773900e-03	-1.2535953746120967e-04
-2.1598449493429825e+00	-3.9570299832730367e-03	-1.2535953746132527e-04
-2.1537090261914402e+00	-3.9817614206683052e-03	-1.2535953746118471e-04
-2.1475731030398975e+00	-4.0064928580639371e-03	-1.2535953746135140e-04
-2.1414371798883551e+00	-4.0312242954592325e-03	-1.2535953746115801e-04
-2.1353012567368124e+00	-4.0559557328548332e-03	-1.2535953746137699e-04
-2.1291653335852700e+00	-4.0806871702501642e-03	-1.2535953746113426e-04
-2.1230294104337273e+00	-4.1054186076457206e-03	-1.2535953746139816e-04
-2.1168934872821850e+00	-4.1301500450411045e-03	-1.2535953746111654e-04
-2.1107575641306422e+00	-4.1548814824366011e-03	-1.2535953746141073e-04
-2.1046216409790999e+00	-4.1796129198320552e-03	-1.2535953746110984e-04
-2.0984857178275571e+00	-4.2043443572274729e-03	-1.2535953746141160e-04
-2.0923497946760143e+00	-4.2290757946230034e-03	-1.2535953746111534e-04
-2.0862138715244720e+00	-4.2538072320183543e-03	-1.2535953746140022e-04
-2.0800779483729293e+00	-4.2785386694139489e-03	-1.2535953746113215e-04
-2.0739420252213869e+00	-4.3032701068092373e-03	-1.2535953746137910e-04
-2.0678061020698442e+00	-4.3280015442048814e-03	-1.2535953746115625e-04
-2.0616701789183018e+00	-4.3527329816001369e-03	-1.2535953746135333e-04
-2.0555342557667591e+00	-4.3774644189958061e-03	-1.2535953746118243e-04
-2.0493983326152168e+00	-4.4021958563910347e-03	-1.2535953746132779e-04
-2.0432624094636740e+00	-4.4269272937867239e-03	-1.2535953746120669e-04
-2.0371264863121317e+00	-4.4516587311819490e-03	-1.2535953746130568e-04
-2.0309905631605889e+00	-4.4763901685776373e-03	-1.2535953746122718e-04
-2.0248546400090461e+00	-4.5011216059728581e-03	-1.2535953746128602e-04
-2.0187187168575038e+00	-4.5258530433685508e-03	-1.2535953746124637e-04
-2.0125827937059610e+00	-4.5505844807637724e-03	-1.2535953746126667e-04
-2.0064468705544187e+00	-4.5753159181594633e-03	-1.2535953746126686e-04
-2.0003109474028760e+00	-4.6000473555546841e-03	-1.2535953746124412e-04
-1.9941750242513334e+00	-4.6247787929503716e-03	-1.2535953746129123e-04
-1.9880391010997909e+00	-4.6495102303456080e-03	-1.2535953746121804e-04
-1.9819031779482483e+00	-4.6742416677412702e-03	-1.2535953746131809e-04
-1.9757672547967058e+00	-4.6989731051365353e-03	-1.2535953746119192e-04
-1.9696313316451632e+00	-4.7237045425321611e-03	-1.2535953746134178e-04
-1.9634954084936207e+00	-4.7484359799274782e-03	-1.2535953746117324e-04
-1.9573594853420782e+00	-4.7731674173230347e-03	-1.2535953746135476e-04
-1.9512235621905356e+00	-4.7978988547184281e-03	-1.2535953746116790e-04
-1.9450876390389933e+00	-4.8226302921139108e-03	-1.2535953746135197e-04
-1.9389517158874505e+00	-4.8473617295093762e-03	-1.2535953746117801e-04
-1.9328157927359080e+00	-4.8720931669047904e-03	-1.2535953746133397e-04
-1.9266798695843652e+00	-4.8968246043003183e-03	-1.2535953746120211e-04
-1.9205439464328224e+00	-4.9215560416956822e-03	-1.2535953746130557e-04
-1.9144080232812801e+00	-4.9462874790912421e-03	-1.2535953746123206e-04
-1.9082721001297376e+00	-4.9710189164865869e-03	-1.2535953746127578e-04
-1.9021361769781950e+00	-4.9957503538821538e-03	-1.2535953746126017e-04
-1.8960002538266525e+00	-5.0204817912775030e-03	-1.2535953746125011e-04
-1.8898643306751099e+00	-5.0452132286730638e-03	-1.2535953746128345e-04
-1.8837284075235674e+00	-5.0699446660684242e-03	-1.2535953746122908e-04
-1.8775924843720246e+00	-5.0946761034639625e-03	-1.2535953746130305e-04
-1.8714565612204823e+00	-5.1194075408593455e-03	-1.2535953746120951e-04
-1.8653206380689393e+00	-5.1441389782548690e-03	-1.2535953746132346e-04
-1.8591847149173970e+00	-5.1688704156502684e-03	-1.2535953746118818e-04
-1.8530487917658545e+00	-5.1936018530457572e-03	-1.2535953746134484e-04
-1.8469128686143119e+00	-5.2183332904412114e-03	-1.2535953746116809e-04
-1.8407769454627694e+00	-5.2430647278366403e-03	-1.2535953746136124e-04
-1.8346410223112268e+00	-5.2677961652321595e-03	-1.2535953746115812e-04
-1.8285050991596843e+00	-5.2925276026275078e-03	-1.2535953746136214e-04
-1.8223691760081417e+00	-5.3172590400231215e-03	-1.2535953746116844e-04
-1.8162332528565992e+00	-5.3419904774183796e-03	-1.2535953746134004e-04
-1.8100973297050564e+00	-5.3667219148140644e-03	-1.2535953746120157e-04
-1.8039614065535141e+00	-5.3914533522092627e-03	-1.2535953746129811e-04
-1.7978254834019713e+00	-5.4161847896049952e-03	-1.2535953746124916e-04
-1.7916895602504286e+00	-5.4409162270001744e-03	-1.2535953746124981e-04
-1.7855536370988863e+00	-5.4656476643958948e-03	-1.2535953746129497e-04
-1.7794177139473437e+00	-5.4903791017911008e-03	-1.2535953746120986e-04
-1.7732817907958012e+00	-5.5151105391867856e-03	-1.2535953746132663e-04
-1.7671458676442586e+00	-5.5398419765820446e-03	-1.2535953746118620e-04
-1.7610099444927161e+00	-5.5645734139776679e-03	-1.2535953746134273e-04
-1.7548740213411735e+00	-5.5893048513729806e-03	-1.2535953746117519e-04
-1.7487380981896310e+00	-5.6140362887685579e-03	-1.2535953746135089e-04
-1.7426021750380882e+00	-5.6387677261639192e-03	-1.2535953746116823e-04
-1.7364662518865459e+00	-5.6634991635594444e-03	-1.2535953746135753e-04
-1.7303303287350031e+00	-5.6882306009548569e-03	-1.2535953746116313e-04
-1.7241944055834606e+00	-5.7129620383503249e-03	-1.2535953746135945e-04
-1.7180584824319181e+00	-5.7376934757458050e-03	-1.2535953746116728e-04
-1.7119225592803755e+00	-5.7624249131412019e-03	-1.2535953746134669e-04
-1.7057866361288330e+00	-5.7871563505367514e-03	-1.2535953746119029e-04
-1.6996507129772904e+00	-5.8118877879320841e-03	-1.2535953746131308e-04
-1.6935147898257479e+00	-5.8366192253276866e-03	-1.2535953746123295e-04
-1.6873788666742053e+00	-5.8613506627229897e-03	-1.2535953746126532e-04
-1.6812429435226628e+00	-5.8860821001185913e-03	-1.2535953746128204e-04
-1.6751070203711202e+00	-5.9108135375139188e-03	-1.2535953746122016e-04
-1.6689710972195775e+00	-5.9355449749094813e-03	-1.2535953746132058e-04
-1.6628351740680349e+00	-5.9602764123048626e-03	-1.2535953746119040e-04
-1.6566992509164924e+00	-5.9850078497003505e-03	-1.2535953746134137e-04
-1.6505633277649499e+00	-6.0097392870958211e-03	-1.2535953746117758e-04
-1.6444274046134073e+00	-6.0344707244912223e-03	-1.2535953746134761e-04
-1.6382914814618650e+00	-6.0592021618867779e-03	-1.2535953746117739e-04
-1.6321555583103224e+00	-6.0839335992820855e-03	-1.2535953746134121e-04
-1.6260196351587797e+00	-6.1086650366777408e-03	-1.2535953746119327e-04
-1.6198837120072371e+00	-6.1333964740729486e-03	-1.2535953746131232e-04
-1.6137477888556946e+00	-6.1581279114686993e-03	-1.2535953746123724e-04
-1.6076118657041520e+00	-6.1828593488638187e-03	-1.2535953746125182e-04
-1.6014759425526093e+00	-6.2075907862596388e-03	-1.2535953746131145e-04
-1.5953400194010667e+00	-6.2323222236547286e-03	-1.2535953746116782e-04
-1.5892040962495240e+00	-6.2570536610505297e-03	-1.2535953746139583e-04
-1.5830681730979816e+00	-6.2817850984456828e-03	-1.2535953746108978e-04
-1.5769322499464391e+00	-6.3065165358413798e-03	-1.2535953746145912e-04
-1.5707963267948966e+00	-6.3312479732366735e-03	-1.2535953746104563e-04
-1.5646604036433540e+00	-6.3559794106322082e-03	-1.2535953746148072e-04
-1.5585244804918115e+00	-6.3807108480276641e-03	-1.2535953746104281e-04
-1.5523885573402689e+00	-6.4054422854230471e-03	-1.2535953746146581e-04
-1.5462526341887264e+00	-6.4301737228186443e-03	-1.2535953746106677e-04
-1.5401167110371838e+00	-6.4549051602138989e-03	-1.2535953746143052e-04
-1.5339807878856411e+00	-6.4796365976096081e-03	-1.2535953746110903e-04
-1.5278448647340985e+00	-6.5043680350047621e-03	-1.2535953746137683e-04
-1.5217089415825558e+00	-6.5290994724005553e-03	-1.2535953746117010e-04
-1.5155730184310134e+00	-6.5538309097956486e-03	-1.2535953746130351e-04
-1.5094370952794709e+00	-6.5785623471914705e-03	-1.2535953746124637e-04
-1.5033011721279284e+00	-6.6032937845865768e-03	-1.2535953746122376e-04
-1.4971652489763858e+00	-6.6280252219823449e-03	-1.2535953746131413e-04
-1.4910293258248433e+00	-6.6527566593775405e-03	-1.2535953746116527e-04
-1.4848934026733007e+00	-6.6774880967731855e-03	-1.2535953746134799e-04
-1.4787574795217582e+00	-6.7022195341685164e-03	-1.2535953746114443e-04
-1.4726215563702154e+00	-6.7269509715640260e-03	-1.2535953746134202e-04
-1.4664856332186729e+00	-6.7516824089594819e-03	-1.2535953746115833e-04
-1.4603497100671303e+00	-6.7764138463548753e-03	-1.2535953746130337e-04
-1.4542137869155878e+00	-6.8011452837504361e-03	-1.2535953746119961e-04
-1.4480778637640452e+00	-6.8258767211457454e-03	-1.2535953746123537e-04
-1.4419419406125029e+00	-6.8506081585413495e-03	-1.2535953746126353e-04
-1.4358060174609601e+00	-6.8753395959366553e-03	-1.2535953746114763e-04
-1.4296700943094176e+00	-6.9000710333322101e-03	-1.2535953746132725e-04
-1.4235341711578751e+00	-6.9248024707276208e-03	-1.2535953746107536e-04
-1.4173982480063327e+00	-6.9495339081230107e-03	-1.2535953746134560e-04
-1.4112623248547900e+00	-6.9742653455186071e-03	-1.2535953746106046e-04
-1.4051264017032472e+00	-6.9989967829138054e-03	-1.2535953746128865e-04
-1.3989904785517047e+00	-7.0237282203095674e-03	-1.2535953746110575e-04
-1.3928545554001621e+00	-7.0484596577046338e-03	-1.2535953746117397e-04
-1.3867186322486196e+00	-7.0731910951004574e-03	-1.2535953746117476e-04
-1.3805827090970770e+00	-7.0979225324955134e-03	-1.2535953746104127e-04
-1.3744467859455345e+00	-7.1226539698912824e-03	-1.2535953746122547e-04
-1.3683108627939919e+00	-7.1473854072864260e-03	-1.2535953746091929e-04
-1.3621749396424494e+00	-7.1721168446820431e-03	-1.2535953746123141e-04
-1.3560390164909069e+00	-7.1968482820773559e-03	-1.2535953746082364e-04
-1.3499030933393643e+00	-7.2215797194727606e-03	-1.2535953746116728e-04
-1.3437671701878215e+00	-7.2463111568682650e-03	-1.2535953746076908e-04
-1.3376312470362790e+00	-7.2710425942634545e-03	-1.2535953746101622e-04
-1.3314953238847365e+00	-7.2957740316591064e-03	-1.2535953746074642e-04
-1.3253594007331939e+00	-7.3205054690541676e-03	-1.2535953746078884e-04
-1.3192234775816516e+00	-7.3452369064498386e-03	-1.2535953746071294e-04
-1.3130875544301088e+00	-7.3699683438448894e-03	-1.2535953746051941e-04
-1.3069516312785661e+00	-7.3946997812404406e-03	-1.2535953746061208e-04
-1.3008157081270237e+00	-7.4194312186355998e-03	-1.2535953746023337e-04
-1.2946797849754810e+00	-7.4441626560309221e-03	-1.2535953746039402e-04
-1.2885438618239387e+00	-7.4688940934262357e-03	-1.2535953745994099e-04
-1.2824079386723961e+00	-7.4936255308212874e-03	-1.2535953746001970e-04
-1.2762720155208533e+00	-7.5183569682167259e-03	-1.2535953745962345e-04
-1.2701360923693108e+00	-7.5430884056115581e-03	-1.2535953745947224e-04
-1.2640001692177683e+00	-7.5678198430069663e-03	-1.2535953745921634e-04
-1.2578642460662257e+00	-7.5925512804017256e-03	-1.2535953745876875e-04
-1.2517283229146834e+00	-7.6172827177969013e-03	-1.2535953745860992e-04
-1.2455923997631406e+00	-7.6420141551916945e-03	-1.2535953745792681e-04
-1.2394564766115981e+00	-7.6667455925865016e-03	-1.2535953745769455e-04
-1.2333205534600555e+00	-7.6914770299813234e-03	-1.2535953745691097e-04
-1.2271846303085130e+00	-7.7162084673757392e-03	-1.2535953745639237e-04
-1.2210487071569704e+00	-7.7409399047704310e-03	-1.2535953745560966e-04
-1.2149127840054279e+00	-7.7656713421645250e-03	-1.2535953745464829e-04
-1.2087768608538849e+00	-7.7904027795588377e-03	-1.2535953745384840e-04
-1.2026409377023426e+00	-7.8151342169527020e-03	-1.2535953745239456e-04
-1.1965050145507998e+00	-7.8398656543463494e-03	-1.2535953745140374e-04
-1.1903690913992575e+00	-7.8645970917399881e-03	-1.2535953744951820e-04
-1.1842331682477150e+00	-7.8893285291327733e-03	-1.2535953744802217e-04
-1.1780972450961724e+00	-7.9140599665260044e-03	-1.2535953744580524e-04
-1.1719613219446299e+00	-7.9387914039178321e-03	-1.2535953744344309e-04
-1.1658253987930873e+00	-7.9635228413102339e-03	-1.2535953744088744e-04
-1.1596894756415448e+00	-7.9882542787011179e-03	-1.2535953743739371e-04
-1.1535535524900022e+00	-8.0129857160921216e-03	-1.2535953743423082e-04
-1.1474176293384595e+00	-8.0377171534819578e-03	-1.2535953742950692e-04
-1.1412817061869169e+00	-8.0624485908710204e-03	-1.2535953742518507e-04
-1.1351457830353744e+00	-8.0871800282593925e-03	-1.2535953741918822e-04
-1.1290098598838318e+00	-8.1119114656460906e-03	-1.2535953741301680e-04
-1.1228739367322893e+00	-8.1366429030321798e-03	-1.2535953740551130e-04
-1.1167380135807468e+00	-8.1613743404161127e-03	-1.2535953739685674e-04
-1.1106020904292042e+00	-8.1861057777988088e-03	-1.2535953738719398e-04
-1.1044661672776617e+00	-8.2108372151793226e-03	-1.2535953737552834e-04
-1.0983302441261191e+00	-8.2355686525574043e-03	-1.2535953736261680e-04
-1.0921943209745768e+00	-8.2603000899332691e-03	-1.2535953734732402e-04
-1.0860583978230340e+00	-8.2850315273054718e-03	-1.2535953732979599e-04
-1.0799224746714913e+00	-8.3097629646747967e-03	-1.2535953730980989e-04
-1.0737865515199487e+00	-8.3344944020395557e-03	-1.2535953728620293e-04
-1.0676506283684062e+00	-8.3592258393998548e-03	-1.2535953725971614e-04
-1.0615147052168636e+00	-8.3839572767548734e-03	-1.2535953722840504e-04
-1.0553787820653213e+00	-8.4086887141032289e-03	-1.2535953719285060e-04
-1.0492428589137786e+00	-8.4334201514449873e-03	-1.2535953715161888e-04
-1.0431069357622360e+00	-8.4581515887778812e-03	-1.2535953710385303e-04
-1.0369710126106935e+00	-8.4828830261015429e-03	-1.2535953704931826e-04
-1.0308350894591509e+00	-8.5076144634142151e-03	-1.2535953698563710e-04
-1.0246991663076084e+00	-8.5323459007136462e-03	-1.2535953691291253e-04
-1.0185632431560658e+00	-8.5570773379992759e-03	-1.2535953682855648e-04
-1.0124273200045231e+00	-8.5818087752668575e-03	-1.2535953673124963e-04
-1.0062913968529805e+00	-8.6065402125159608e-03	-1.2535953661950812e-04
-1.0001554737014380e+00	-8.6312716497416817e-03	-1.2535953648965421e-04
-9.9401955054989533e-01	-8.6560030869418034e-03	-1.2535953634105248e-04
-9.8788362739835278e-01	-8.6807345241119317e-03	-1.2535953616842982e-04
-9.8174770424681035e-01	-8.7054659612470602e-03	-1.2535953597026867e-04
-9.7561178109526792e-01	-8.7301973983427861e-03	-1.2535953574105069e-04
-9.6947585794372526e-01	-8.7549288353919123e-03	-1.2535953547688944e-04
-9.6333993479218272e-01	-8.7796602723882282e-03	-1.2535953517213959e-04
-9.5720401164064017e-01	-8.8043917093231054e-03	-1.2535953482052556e-04
-9.5106808848909752e-01	-8.8291231461871799e-03	-1.2535953441487660e-04
-9.4493216533755497e-01	-8.8538545829697553e-03	-1.2535953394711977e-04
-9.3879624218601254e-01	-8.8785860196581717e-03	-1.2535953340718533e-04
-9.3266031903446978e-01	-8.9033174562378487e-03	-1.2535953278466588e-04
-9.2652439588292723e-01	-8.9280488926925302e-03	-1.2535953206632892e-04
-9.2038847273138458e-01	-8.9527803290023814e-03	-1.2535953123760161e-04
-9.1425254957984214e-01	-8.9775117651456765e-03	-1.2535953028190553e-04
-9.0811662642829971e-01	-9.0022432010967920e-03	-1.2535952917893807e-04
-9.0198070327675706e-01	-9.0269746368255317e-03	-1.2535952790698583e-04
-8.9584478012521440e-01	-9.0517060722991455e-03	-1.2535952643948027e-04
-8.8970885697367186e-01	-9.0764375074765379e-03	-1.2535952474633261e-04
-8.8357293382212931e-01	-9.1011689423142351e-03	-1.2535952279376695e-04
-8.7743701067058666e-01	-9.1259003767583235e-03	-1.2535952054026716e-04
-8.7130108751904423e-01	-9.1506318107494686e-03	-1.2535951794178586e-04
-8.6516516436750157e-01	-9.1753632442176918e-03	-1.2535951494299243e-04
-8.5902924121595903e-01	-9.2000946770824377e-03	-1.2535951148455874e-04
-8.5289331806441637e-01	-9.2248261092516184e-03	-1.2535950749408180e-04
-8.4675739491287394e-01	-9.2495575406176238e-03	-1.2535950289124461e-04
-8.4062147176133140e-01	-9.2742889710578195e-03	-1.2535949758087951e-04
-8.3448554860978885e-01	-9.2990204004292920e-03	-1.2535949145525165e-04
-8.2834962545824620e-01	-9.3237518285685522e-03	-1.2535948438834106e-04
-8.2221370230670354e-01	-9.3484832552856081e-03	-1.2535947623620498e-04
-8.1607777915516100e-01	-9.3732146803626494e-03	-1.2535946683187084e-04
-8.0994185600361845e-01	-9.3979461035474058e-03	-1.2535945598302474e-04
-8.0380593285207591e-01	-9.4226775245490231e-03	-1.2535944346801236e-04
-7.9767000970053337e-01	-9.4474089430330484e-03	-1.2535942903105579e-04
-7.9153408654899082e-01	-9.4721403586115055e-03	-1.2535941237629608e-04
-7.8539816339744839e-01	-9.4968717708394674e-03	-1.2535939316477980e-04
-7.7926224024590574e-01	-9.5216031792015807e-03	-1.2535937100153905e-04
-7.7312631709436319e-01	-9.5463345831041622e-03	-1.2535934543601984e-04
-7.6699039394282054e-01	-9.5710659818632523e-03	-1.2535931594311939e-04
-7.6085447079127788e-01	-9.5957973746874908e-03	-1.2535928192182388e-04
-7.5471854763973545e-01	-9.6205287606673275e-03	-1.2535924267518273e-04
-7.4858262448819290e-01	-9.6452601387499587e-03	-1.2535919740139849e-04
-7.4244670133665036e-01	-9.6699915077240375e-03	-1.2535914517442526e-04
-7.3631077818510771e-01	-9.6947228661898571e-03	-1.2535908492622636e-04
-7.3017485503356516e-01	-9.7194542125339754e-03	-1.2535901542456808e-04
-7.2403893188202262e-01	-9.7441855448947151e-03	-1.2535893524827152e-04
-7.1790300873048007e-01	-9.7689168611241016e-03	-1.2535884275681055e-04
-7.1176708557893753e-01	-9.7936481587447208e-03	-1.2535873605956215e-04
-7.0563116242739499e-01	-9.8183794348981248e-03	-1.2535861297262641e-04
-6.9949523927585233e-01	-9.8431106862864933e-03	-1.2535847098044611e-04
-6.9335931612430979e-01	-9.8678419091066637e-03	-1.2535830717696738e-04
-6.8722339297276724e-01	-9.8925730989688522e-03	-1.2535811821393029e-04
-6.8108746982122470e-01	-9.9173042508123241e-03	-1.2535790022555086e-04
-6.7495154666968216e-01	-9.9420353587953651e-03	-1.2535764875479645e-04
-6.6881562351813950e-01	-9.9667664161826579e-03	-1.2535735865872892e-04
-6.6267970036659696e-01	-9.9914974152015175e-03	-1.2535702400534005e-04
-6.5654377721505441e-01	-1.0016228346887831e-02	-1.2535663795088594e-04
-6.5040785406351198e-01	-1.0040959200899131e-02	-1.2535619260134004e-04
-6.4427193091196933e-01	-1.0065689965306025e-02	-1.2535567884853984e-04
-6.3813600776042678e-01	-1.0090420626345090e-02	-1.2535508618725049e-04
-6.3200008460888413e-01	-1.0115151168141271e-02	-1.2535440249623414e-04
-6.2586416145734158e-01	-1.0139881572378070e-02	-1.2535361379436481e-04
-6.1972823830579904e-01	-1.0164611817928822e-02	-1.2535270395151678e-04
-6.1359231515425650e-01	-1.0189341880418324e-02	-1.2535165436091558e-04
-6.0745639200271395e-01	-1.0214071731730291e-02	-1.2535044355774488e-04
-6.0132046885117130e-01	-1.0238801339427362e-02	-1.2534904678053514e-04
-5.9518454569962886e-01	-1.0263530666091808e-02	-1.2534743546481142e-04
-5.8904862254808610e-01	-1.0288259668557589e-02	-1.2534557665943707e-04
-5.8291269939654355e-01	-1.0312988297029990e-02	-1.2534343235126005e-04
-5.7677677624500112e-01	-1.0337716494065188e-02	-1.2534095869005908e-04
-5.7064085309345847e-01	-1.0362444193398062e-02	-1.2533810508819285e-04
-5.6450492994191592e-01	-1.0387171318583591e-02	-1.2533481319012475e-04
-5.5836900679037338e-01	-1.0411897781437533e-02	-1.2533101567435923e-04
-5.5223308363883084e-01	-1.0436623480227546e-02	-1.2532663488180385e-04
-5.4609716048728829e-01	-1.0461348297599126e-02	-1.2532158122303776e-04
-5.3996123733574575e-01	-1.0486072098168013e-02	-1.2531575135095010e-04
-5.3382531418420309e-01	-1.0510794725760745e-02	-1.2530902604406026e-04
-5.2768939103266055e-01	-1.0535516000211364e-02	-1.2530126777061885e-04
-5.2155346788111800e-01	-1.0560235713687586e-02	-1.2529231787577160e-04
-5.1541754472957546e-01	-1.0584953626430726e-02	-1.2528199333502156e-04
-5.0928162157803292e-01	-1.0609669461860949e-02	-1.2527008301504137e-04
-5.0314569842649037e-01	-1.0634382900914469e-02	-1.2525634335164046e-04
-4.9700977527494766e-01	-1.0659093575522116e-02	-1.2524049337410469e-04
-4.9087385212340517e-01	-1.0683801061080599e-02	-1.2522220895793836e-04
-4.8473792897186263e-01	-1.0708504867770804e-02	-1.2520111619809392e-04
-4.7860200582032003e-01	-1.0733204430540128e-02	-1.2517678376688547e-04
-4.7246608266877754e-01	-1.0757899097552429e-02	-1.2514871408979188e-04
-4.6633015951723489e-01	-1.0782588116850362e-02	-1.2511633317692850e-04
-4.6019423636569234e-01	-1.0807270620989505e-02	-1.2507897888461436e-04
-4.5405831321414980e-01	-1.0831945609285418e-02	-1.2503588737846233e-04
-4.4792239006260720e-01	-1.0856611927363792e-02	-1.2498617752571502e-04
-4.4178646691106466e-01	-1.0881268243546216e-02	-1.2492883287569713e-04
-4.3565054375952217e-01	-1.0905913021626143e-02	-1.2486268089508294e-04
-4.2951462060797951e-01	-1.0930544489458087e-02	-1.2478636899372996e-04
-4.2337869745643697e-01	-1.0955160602717990e-02	-1.2469833688620404e-04
-4.1724277430489443e-01	-1.0979759003103728e-02	-1.2459678471124613e-04
-4.1110685115335188e-01	-1.1004336970117601e-02	-1.2447963625534017e-04
-4.0497092800180928e-01	-1.1028891365436848e-02	-1.2434449654820113e-04
-3.9883500485026663e-01	-1.1053418568768229e-02	-1.2418860294431591e-04
-3.9269908169872408e-01	-1.1077914403818053e-02	-1.2400876869917156e-04
-3.8656315854718160e-01	-1.1102374052925072e-02	-1.2380131792144114e-04
-3.8042723539563900e-01	-1.1126791958569655e-02	-1.2356201053151478e-04
-3.7429131224409640e-01	-1.1151161709772850e-02	-1.2328595576576237e-04
-3.6815538909255391e-01	-1.1175475911077247e-02	-1.2296751240608800e-04
-3.6201946594101131e-01	-1.1199726031387958e-02	-1.2260017374920813e-04
-3.5588354278946877e-01	-1.1223902229624145e-02	-1.2217643501648355e-04
-3.4974761963792622e-01	-1.1247993153654422e-02	-1.2168764049411218e-04
-3.4361169648638362e-01	-1.1271985708355272e-02	-1.2112380731141692e-04
-3.3747577333484102e-01	-1.1295864788097623e-02	-1.2047342238660734e-04
-3.3133985018329848e-01	-1.1319612968237767e-02	-1.1972320841561779e-04
-3.2520392703175588e-01	-1.1343210149295837e-02	-1.1885785425775320e-04
-3.1906800388021334e-01	-1.1366633146609644e-02	-1.1785970436705104e-04
-3.1293208072867085e-01	-1.1389855217130207e-02	-1.1670840112475220e-04
-3.0679615757712825e-01	-1.1412845513752913e-02	-1.1538047302486766e-04
-3.0066023442558570e-01	-1.1435568456121585e-02	-1.1384886068235998e-04
-2.9452431127404310e-01	-1.1457983005190658e-02	-1.1208237144782481e-04
-2.8838838812250062e-01	-1.1480041826868731e-02	-1.1004505213694290e-04
-2.8225246497095796e-01	-1.1501690327897638e-02	-1.0769546792287596e-04
-2.7611654181941536e-01	-1.1522865544554430e-02	-1.0498587380079406e-04
-2.6998061866787282e-01	-1.1543494861890307e-02	-1.0186126323462310e-04
-2.6384469551633033e-01	-1.1563494537864363e-02	-9.8258276571686702e-05
-2.5770877236478773e-01	-1.1582768002955086e-02	-9.4103949659593697e-05
-2.5157284921324513e-01	-1.1601203901475673e-02	-8.9314280685437545e-05
-2.4543692606170259e-01	-1.1618673835871774e-02	-8.3792590794451230e-05
-2.3930100291016002e-01	-1.1635029769659168e-02	-7.7427651368188326e-05
-2.3316507975861744e-01	-1.1650101038250128e-02	-7.0091548252610618e-05
-2.2702915660707490e-01	-1.1663690909725334e-02	-6.1637250604599578e-05
-2.2089323345553236e-01	-1.1675572629402305e-02	-5.1895849787653017e-05
-2.1475731030398976e-01	-1.1685484872970943e-02	-4.0673431937769950e-05
-2.0862138715244721e-01	-1.1693126522679679e-02	-2.7747546965758493e-05
-2.0248546400090464e-01	-1.1698150669800494e-02	-1.2863237270952023e-05
-1.9634954084936207e-01	-1.1700157734067245e-02	 4.2714079124055884e-06
-1.9021361769781950e-01	-1.1698687577310277e-02	 2.3990200857747903e-05
-1.8407769454627693e-01	-1.1693210473931315e-02	 4.6674324531000422e-05
-1.7794177139473438e-01	-1.1683116785679777e-02	 7.2758324279044274e-05
-1.7180584824319181e-01	-1.1667705172630058e-02	 1.0273659851547375e-04
-1.6566992509164927e-01	-1.1646169157209681e-02	 1.3717032766637506e-04
-1.5953400194010672e-01	-1.1617581844546098e-02	 1.7669472705360287e-04
-1.5339807878856412e-01	-1.1580878592176684e-02	 2.2202643356969973e-04
-1.4726215563702158e-01	-1.1534837417795860e-02	 2.7397073043949633e-04
-1.4112623248547898e-01	-1.1478056939303269e-02	 3.3342816910274963e-04
-1.3499030933393641e-01	-1.1408931662870724e-02	 4.0139994968472396e-04
-1.2885438618239387e-01	-1.1325624481262331e-02	 4.7899115551796169e-04
-1.2271846303085131e-01	-1.1226036329914561e-02	 5.6741058294512356e-04
-1.1658253987930872e-01	-1.1107773093334394e-02	 6.6796544129345975e-04
-1.1044661672776616e-01	-1.0968110091132643e-02	 7.8204859235827227e-04
-1.0431069357622361e-01	-1.0803954850428676e-02	 9.1111522590444434e-04
-9.8174770424681035e-02	-1.0611809463839843e-02	 1.0566449040539971e-03
-9.2038847273138463e-02	-1.0387734752826998e-02	 1.2200837459057628e-03
-8.5902924121595906e-02	-1.0127319872976952e-02	 1.4027601966339273e-03
-7.9767000970053348e-02	-9.8256631554488084e-03	 1.6057664474195257e-03
-7.3631077818510776e-02	-9.4773732149334572e-03	 1.8297964178707266e-03
-6.7495154666968205e-02	-9.0766040961323385e-03	 2.0749308445315684e-03
-6.1359231515425654e-02	-8.6171449202516719e-03	 2.3403614968245169e-03
-5.5223308363883082e-02	-8.0925933473233406e-03	 2.6240517073938393e-03
-4.9087385212340517e-02	-7.4966525871943829e-03	 2.9223421845979928e-03
-4.2951462060797953e-02	-6.8236010378314154e-03	 3.2295335217841295e-03
-3.6815538909255388e-02	-6.0689852050034836e-03	 3.5375141416311450e-03
-3.0679615757712820e-02	-5.2305672119120038e-03	 3.8355555541660698e-03
-2.4543692606170259e-02	-4.3094981229557187e-03	 4.1104557234875163e-03
-1.8407769454627694e-02	-3.3115692381709277e-03	 4.3472435558299547e-03
-1.2271846303085129e-02	-2.2482236929827334e-03	 4.5306025544685508e-03
-6.1359231515425638e-03	-1.1368626246494040e-03	 4.6469657461780736e-03
 0.0000000000000000e+00	-2.5329971246995805e-15	 4.6868862932353253e-03
 6.1359231515425638e-03	 1.1368626246442634e-03	 4.6469657461784301e-03
 1.2271846303085129e-02	 2.2482236929778918e-03	 4.5306025544692352e-03
 1.8407769454627694e-02	 3.3115692381662149e-03	 4.3472435558309114e-03
 2.4543692606170259e-02	 4.3094981229514660e-03	 4.1104557234886794e-03
 3.0679615757712820e-02	 5.2305672119079792e-03	 3.8355555541673696e-03
 3.6815538909255388e-02	 6.0689852049999708e-03	 3.5375141416325168e-03
 4.2951462060797953e-02	 6.8236010378281420e-03	 3.2295335217855190e-03
 4.9087385212340517e-02	 7.4966525871916004e-03	 2.9223421845993602e-03
 5.5223308363883082e-02	 8.0925933473207593e-03	 2.6240517073951512e-03
 6.1359231515425654e-02	 8.6171449202495330e-03	 2.3403614968257550e-03
 6.7495154666968205e-02	 9.0766040961303418e-03	 2.0749308445327168e-03
 7.3631077818510776e-02	 9.4773732149318474e-03	 1.8297964178717833e-03
 7.9767000970053348e-02	 9.8256631554472819e-03	 1.6057664474204850e-03
 8.5902924121595906e-02	 1.0127319872975762e-02	 1.4027601966347955e-03
 9.2038847273138463e-02	 1.0387734752825842e-02	 1.2200837459065389e-03
 9.8174770424681035e-02	 1.0611809463838981e-02	 1.0566449040546931e-03
 1.0431069357622361e-01	 1.0803954850427809e-02	 9.1111522590505865e-04
 1.1044661672776616e-01	 1.0968110091132036e-02	 7.8204859235882077e-04
 1.1658253987930872e-01	 1.1107773093333745e-02	 6.6796544129393864e-04
 1.2271846303085131e-01	 1.1226036329914146e-02	 5.6741058294555117e-04
 1.2885438618239387e-01	 1.1325624481261851e-02	 4.7899115551833016e-04
 1.3499030933393641e-01	 1.1408931662870459e-02	 4.0139994968505508e-04
 1.4112623248547898e-01	 1.1478056939302915e-02	 3.3342816910303028e-04
 1.4726215563702158e-01	 1.1534837417795703e-02	 2.7397073043975231e-04
 1.5339807878856412e-01	 1.1580878592176427e-02	 2.2202643356991142e-04
 1.5953400194010672e-01	 1.1617581844546029e-02	 1.7669472705380065e-04
 1.6566992509164927e-01	 1.1646169157209499e-02	 1.3717032766653270e-04
 1.7180584824319181e-01	 1.1667705172630053e-02	 1.0273659851562710e-04
 1.7794177139473438e-01	 1.1683116785679645e-02	 7.2758324279160284e-05
 1.8407769454627693e-01	 1.1693210473931358e-02	 4.6674324531119941e-05
 1.9021361769781950e-01	 1.1698687577310189e-02	 2.3990200857831516e-05
 1.9634954084936207e-01	 1.1700157734067325e-02	 4.2714079125002579e-06
 2.0248546400090464e-01	 1.1698150669800433e-02	-1.2863237270893329e-05
 2.0862138715244721e-01	 1.1693126522679785e-02	-2.7747546965681898e-05
 2.1475731030398976e-01	 1.1685484872970909e-02	-4.0673431937730871e-05
 2.2089323345553236e-01	 1.1675572629402433e-02	-5.1895849787590255e-05
 2.2702915660707490e-01	 1.1663690909725317e-02	-6.1637250604575563e-05
 2.3316507975861744e-01	 1.1650101038250271e-02	-7.0091548252557763e-05
 2.3930100291016002e-01	 1.1635029769659166e-02	-7.7427651368176115e-05
 2.4543692606170259e-01	 1.1618673835871930e-02	-8.3792590794405720e-05
 2.5157284921324513e-01	 1.1601203901475678e-02	-8.9314280685434468e-05
 2.5770877236478773e-01	 1.1582768002955247e-02	-9.4103949659553039e-05
 2.6384469551633033e-01	 1.1563494537864375e-02	-9.8258276571690876e-05
 2.6998061866787282e-01	 1.1543494861890475e-02	-1.0186126323458549e-04
 2.7611654181941536e-01	 1.1522865544554450e-02	-1.0498587380080436e-04
 2.8225246497095796e-01	 1.1501690327897812e-02	-1.0769546792284062e-04
 2.8838838812250062e-01	 1.1480041826868754e-02	-1.1004505213695825e-04
 2.9452431127404310e-01	 1.1457983005190837e-02	-1.1208237144779029e-04
 3.0066023442558570e-01	 1.1435568456121613e-02	-1.1384886068237938e-04
 3.0679615757712825e-01	 1.1412845513753092e-02	-1.1538047302483367e-04
 3.1293208072867085e-01	 1.1389855217130235e-02	-1.1670840112477509e-04
 3.1906800388021334e-01	 1.1366633146609822e-02	-1.1785970436701691e-04
 3.2520392703175588e-01	 1.1343210149295872e-02	-1.1885785425777912e-04
 3.3133985018329848e-01	 1.1319612968237950e-02	-1.1972320841558292e-04
 3.3747577333484102e-01	 1.1295864788097658e-02	-1.2047342238663577e-04
 3.4361169648638362e-01	 1.1271985708355452e-02	-1.2112380731138154e-04
 3.4974761963792622e-01	 1.1247993153654460e-02	-1.2168764049414275e-04
 3.5588354278946877e-01	 1.1223902229624322e-02	-1.2217643501644769e-04
 3.6201946594101131e-01	 1.1199726031387996e-02	-1.2260017374924036e-04
 3.6815538909255391e-01	 1.1175475911077429e-02	-1.2296751240605146e-04
 3.7429131224409640e-01	 1.1151161709772889e-02	-1.2328595576579666e-04
 3.8042723539563900e-01	 1.1126791958569839e-02	-1.2356201053147738e-04
 3.8656315854718160e-01	 1.1102374052925116e-02	-1.2380131792147738e-04
 3.9269908169872408e-01	 1.1077914403818234e-02	-1.2400876869913283e-04
 3.9883500485026663e-01	 1.1053418568768271e-02	-1.2418860294435372e-04
 4.0497092800180928e-01	 1.1028891365437027e-02	-1.2434449654816091e-04
 4.1110685115335188e-01	 1.1004336970117648e-02	-1.2447963625537918e-04
 4.1724277430489443e-01	 1.0979759003103910e-02	-1.2459678471120529e-04
 4.2337869745643697e-01	 1.0955160602718037e-02	-1.2469833688624483e-04
 4.2951462060797951e-01	 1.0930544489458268e-02	-1.2478636899368784e-04
 4.3565054375952217e-01	 1.0905913021626188e-02	-1.2486268089512492e-04
 4.4178646691106466e-01	 1.0881268243546394e-02	-1.2492883287565400e-04
 4.4792239006260720e-01	 1.0856611927363842e-02	-1.2498617752575844e-04
 4.5405831321414980e-01	 1.0831945609285597e-02	-1.2503588737841802e-04
 4.6019423636569234e-01	 1.0807270620989554e-02	-1.2507897888465892e-04
 4.6633015951723489e-01	 1.0782588116850541e-02	-1.2511633317688307e-04
 4.7246608266877754e-01	 1.0757899097552481e-02	-1.2514871408983734e-04
 4.7860200582032003e-01	 1.0733204430540301e-02	-1.2517678376683936e-04
 4.8473792897186263e-01	 1.0708504867770856e-02	-1.2520111619814014e-04
 4.9087385212340517e-01	 1.0683801061080772e-02	-1.2522220895789149e-04
 4.9700977527494766e-01	 1.0659093575522168e-02	-1.2524049337415196e-04
 5.0314569842649037e-01	 1.0634382900914643e-02	-1.2525634335159246e-04
 5.0928162157803292e-01	 1.0609669461861003e-02	-1.2527008301508976e-04
 5.1541754472957546e-01	 1.0584953626430898e-02	-1.2528199333497261e-04
 5.2155346788111800e-01	 1.0560235713687640e-02	-1.2529231787582085e-04
 5.2768939103266055e-01	 1.0535516000211536e-02	-1.2530126777056898e-04
 5.3382531418420309e-01	 1.0510794725760803e-02	-1.2530902604411049e-04
 5.3996123733574575e-01	 1.0486072098168181e-02	-1.2531575135089947e-04
 5.4609716048728829e-01	 1.0461348297599184e-02	-1.2532158122308872e-04
 5.5223308363883084e-01	 1.0436623480227714e-02	-1.2532663488175246e-04
 5.5836900679037338e-01	 1.0411897781437595e-02	-1.2533101567441086e-04
 5.6450492994191592e-01	 1.0387171318583759e-02	-1.2533481319007247e-04
 5.7064085309345847e-01	 1.0362444193398121e-02	-1.2533810508824554e-04
 5.7677677624500112e-01	 1.0337716494065355e-02	-1.2534095869000601e-04
 5.8291269939654355e-01	 1.0312988297030048e-02	-1.2534343235131367e-04
 5.8904862254808610e-01	 1.0288259668557752e-02	-1.2534557665938296e-04
 5.9518454569962886e-01	 1.0263530666091873e-02	-1.2534743546486522e-04
 6.0132046885117130e-01	 1.0238801339427523e-02	-1.2534904678048031e-04
 6.0745639200271395e-01	 1.0214071731730353e-02	-1.2535044355779909e-04
 6.1359231515425650e-01	 1.0189341880418486e-02	-1.2535165436086042e-04
 6.1972823830579904e-01	 1.0164611817928885e-02	-1.2535270395157194e-04
 6.2586416145734158e-01	 1.0139881572378230e-02	-1.2535361379430903e-04
 6.3200008460888413e-01	 1.0115151168141335e-02	-1.2535440249628984e-04
 6.3813600776042678e-01	 1.0090420626345251e-02	-1.2535508618719381e-04
 6.4427193091196933e-01	 1.0065689965306089e-02	-1.2535567884859611e-04
 6.5040785406351198e-01	 1.0040959200899289e-02	-1.2535619260128320e-04
 6.5654377721505441e-01	 1.0016228346887899e-02	-1.2535663795094272e-04
 6.6267970036659696e-01	 9.9914974152016754e-03	-1.2535702400528266e-04
 6.6881562351813950e-01	 9.9667664161827273e-03	-1.2535735865878628e-04
 6.7495154666968216e-01	 9.9420353587955194e-03	-1.2535764875473869e-04
 6.8108746982122470e-01	 9.9173042508123952e-03	-1.2535790022560886e-04
 6.8722339297276724e-01	 9.8925730989690083e-03	-1.2535811821387188e-04
 6.9335931612430979e-01	 9.8678419091067331e-03	-1.2535830717702568e-04
 6.9949523927585233e-01	 9.8431106862866477e-03	-1.2535847098038742e-04
 7.0563116242739499e-01	 9.8183794348981959e-03	-1.2535861297268520e-04
 7.1176708557893753e-01	 9.7936481587448700e-03	-1.2535873605950325e-04
 7.1790300873048007e-01	 9.7689168611241727e-03	-1.2535884275686926e-04
 7.2403893188202262e-01	 9.7441855448948660e-03	-1.2535893524821229e-04
 7.3017485503356516e-01	 9.7194542125340518e-03	-1.2535901542462717e-04
 7.3631077818510771e-01	 9.6947228661900062e-03	-1.2535908492616730e-04
 7.4244670133665036e-01	 9.6699915077241138e-03	-1.2535914517448484e-04
 7.4858262448819290e-01	 9.6452601387501061e-03	-1.2535919740133911e-04
 7.5471854763973545e-01	 9.6205287606674055e-03	-1.2535924267524304e-04
 7.6085447079127788e-01	 9.5957973746876382e-03	-1.2535928192176424e-04
 7.6699039394282054e-01	 9.5710659818633304e-03	-1.2535931594317962e-04
 7.7312631709436319e-01	 9.5463345831043097e-03	-1.2535934543595977e-04
 7.7926224024590574e-01	 9.5216031792016605e-03	-1.2535937100159874e-04
 7.8539816339744839e-01	 9.4968717708396131e-03	-1.2535939316471979e-04
 7.9153408654899082e-01	 9.4721403586115853e-03	-1.2535941237635690e-04
 7.9767000970053337e-01	 9.4474089430331941e-03	-1.2535942903099567e-04
 8.0380593285207591e-01	 9.4226775245491046e-03	-1.2535944346807310e-04
 8.0994185600361845e-01	 9.3979461035475480e-03	-1.2535945598296427e-04
 8.1607777915516100e-01	 9.3732146803627327e-03	-1.2535946683193188e-04
 8.2221370230670354e-01	 9.3484832552857521e-03	-1.2535947623614467e-04
 8.2834962545824620e-01	 9.3237518285686338e-03	-1.2535948438840262e-04
 8.3448554860978885e-01	 9.2990204004294325e-03	-1.2535949145519131e-04
 8.4062147176133140e-01	 9.2742889710579028e-03	-1.2535949758094077e-04
 8.4675739491287394e-01	 9.2495575406177644e-03	-1.2535950289118444e-04
 8.5289331806441637e-01	 9.2248261092517034e-03	-1.2535950749414316e-04
 8.5902924121595903e-01	 9.2000946770825764e-03	-1.2535951148449857e-04
 8.6516516436750157e-01	 9.1753632442177786e-03	-1.2535951494305355e-04
 8.7130108751904423e-01	 9.1506318107496074e-03	-1.2535951794172555e-04
 8.7743701067058666e-01	 9.1259003767584120e-03	-1.2535952054032820e-04
 8.8357293382212931e-01	 9.1011689423143687e-03	-1.2535952279370662e-04
 8.8970885697367186e-01	 9.0764375074766264e-03	-1.2535952474639365e-04
 8.9584478012521440e-01	 9.0517060722992791e-03	-1.2535952643942010e-04
 9.0198070327675706e-01	 9.0269746368256219e-03	-1.2535952790704663e-04
 9.0811662642829971e-01	 9.0022432010969239e-03	-1.2535952917887803e-04
 9.1425254957984214e-01	 8.9775117651457684e-03	-1.2535953028196622e-04
 9.2038847273138458e-01	 8.9527803290025149e-03	-1.2535953123754158e-04
 9.2652439588292723e-01	 8.9280488926926187e-03	-1.2535953206638966e-04
 9.3266031903446978e-01	 8.9033174562379788e-03	-1.2535953278460606e-04
 9.3879624218601254e-01	 8.8785860196582654e-03	-1.2535953340724596e-04
 9.4493216533755497e-01	 8.8538545829698872e-03	-1.2535953394706006e-04
 9.5106808848909752e-01	 8.8291231461872718e-03	-1.2535953441493680e-04
 9.5720401164064017e-01	 8.8043917093232355e-03	-1.2535953482046614e-04
 9.6333993479218272e-01	 8.7796602723883201e-03	-1.2535953517219952e-04
 9.6947585794372526e-01	 8.7549288353920406e-03	-1.2535953547682991e-04
 9.7561178109526792e-01	 8.7301973983428798e-03	-1.2535953574111021e-04
 9.8174770424681035e-01	 8.7054659612471885e-03	-1.2535953597020929e-04
 9.8788362739835278e-01	 8.6807345241120253e-03	-1.2535953616848951e-04
 9.9401955054989533e-01	 8.6560030869419300e-03	-1.2535953634099355e-04
 1.0001554737014380e+00	 8.6312716497417806e-03	-1.2535953648971348e-04
 1.0062913968529805e+00	 8.6065402125160874e-03	-1.2535953661944903e-04
 1.0124273200045231e+00	 8.5818087752669529e-03	-1.2535953673130859e-04
 1.0185632431560658e+00	 8.5570773379994008e-03	-1.2535953682849747e-04
 1.0246991663076084e+00	 8.5323459007137434e-03	-1.2535953691297091e-04
 1.0308350894591509e+00	 8.5076144634143400e-03	-1.2535953698557850e-04
 1.0369710126106935e+00	 8.4828830261016400e-03	-1.2535953704937669e-04
 1.0431069357622360e+00	 8.4581515887780026e-03	-1.2535953710379486e-04
 1.0492428589137786e+00	 8.4334201514450861e-03	-1.2535953715167697e-04
 1.0553787820653213e+00	 8.4086887141033503e-03	-1.2535953719279249e-04
 1.0615147052168636e+00	 8.3839572767549723e-03	-1.2535953722846309e-04
 1.0676506283684062e+00	 8.3592258393999780e-03	-1.2535953725965825e-04
 1.0737865515199487e+00	 8.3344944020396581e-03	-1.2535953728626061e-04
 1.0799224746714913e+00	 8.3097629646749199e-03	-1.2535953730975237e-04
 1.0860583978230340e+00	 8.2850315273055707e-03	-1.2535953732985351e-04
 1.0921943209745768e+00	 8.2603000899333905e-03	-1.2535953734726672e-04
 1.0983302441261191e+00	 8.2355686525575050e-03	-1.2535953736267418e-04
 1.1044661672776617e+00	 8.2108372151794388e-03	-1.2535953737547123e-04
 1.1106020904292042e+00	 8.1861057777989094e-03	-1.2535953738725090e-04
 1.1167380135807468e+00	 8.1613743404162307e-03	-1.2535953739679979e-04
 1.1228739367322893e+00	 8.1366429030322839e-03	-1.2535953740556784e-04
 1.1290098598838318e+00	 8.1119114656462085e-03	-1.2535953741296031e-04
 1.1351457830353744e+00	 8.0871800282594983e-03	-1.2535953741924430e-04
 1.1412817061869169e+00	 8.0624485908711348e-03	-1.2535953742512891e-04
 1.1474176293384595e+00	 8.0377171534820636e-03	-1.2535953742956287e-04
 1.1535535524900022e+00	 8.0129857160922396e-03	-1.2535953743417506e-04
 1.1596894756415448e+00	 7.9882542787012220e-03	-1.2535953743744886e-04
 1.1658253987930873e+00	 7.9635228413103519e-03	-1.2535953744083182e-04
 1.1719613219446299e+00	 7.9387914039179379e-03	-1.2535953744349817e-04
 1.1780972450961724e+00	 7.9140599665261189e-03	-1.2535953744575000e-04
 1.1842331682477150e+00	 7.8893285291328791e-03	-1.2535953744807689e-04
 1.1903690913992575e+00	 7.8645970917401060e-03	-1.2535953744946294e-04
 1.1965050145507998e+00	 7.8398656543464604e-03	-1.2535953745145830e-04
 1.2026409377023426e+00	 7.8151342169528164e-03	-1.2535953745233965e-04
 1.2087768608538849e+00	 7.7904027795589444e-03	-1.2535953745390231e-04
 1.2149127840054279e+00	 7.7656713421646413e-03	-1.2535953745459346e-04
 1.2210487071569704e+00	 7.7409399047705394e-03	-1.2535953745566368e-04
 1.2271846303085130e+00	 7.7162084673758546e-03	-1.2535953745633805e-04
 1.2333205534600555e+00	 7.6914770299814327e-03	-1.2535953745696439e-04
 1.2394564766115981e+00	 7.6667455925866169e-03	-1.2535953745764061e-04
 1.2455923997631406e+00	 7.6420141551918046e-03	-1.2535953745798018e-04
 1.2517283229146834e+00	 7.6172827177970175e-03	-1.2535953745855641e-04
 1.2578642460662257e+00	 7.5925512804018375e-03	-1.2535953745882166e-04
 1.2640001692177683e+00	 7.5678198430070764e-03	-1.2535953745916316e-04
 1.2701360923693108e+00	 7.5430884056116717e-03	-1.2535953745952523e-04
 1.2762720155208533e+00	 7.5183569682168369e-03	-1.2535953745957060e-04
 1.2824079386723961e+00	 7.4936255308213949e-03	-1.2535953746007221e-04
 1.2885438618239387e+00	 7.4688940934263485e-03	-1.2535953745988824e-04
 1.2946797849754810e+00	 7.4441626560310323e-03	-1.2535953746044655e-04
 1.3008157081270237e+00	 7.4194312186357117e-03	-1.2535953746018084e-04
 1.3069516312785661e+00	 7.3946997812405534e-03	-1.2535953746066415e-04
 1.3130875544301088e+00	 7.3699683438450021e-03	-1.2535953746046688e-04
 1.3192234775816516e+00	 7.3452369064499539e-03	-1.2535953746076482e-04
 1.3253594007331939e+00	 7.3205054690542778e-03	-1.2535953746073693e-04
 1.3314953238847365e+00	 7.2957740316592209e-03	-1.2535953746079819e-04
 1.3376312470362790e+00	 7.2710425942635656e-03	-1.2535953746096431e-04
 1.3437671701878215e+00	 7.2463111568683803e-03	-1.2535953746082017e-04
 1.3499030933393643e+00	 7.2215797194728707e-03	-1.2535953746111580e-04
 1.3560390164909069e+00	 7.1968482820774686e-03	-1.2535953746087465e-04
 1.3621749396424494e+00	 7.1721168446821507e-03	-1.2535953746118018e-04
 1.3683108627939919e+00	 7.1473854072865422e-03	-1.2535953746097001e-04
 1.3744467859455345e+00	 7.1226539698913916e-03	-1.2535953746117465e-04
 1.3805827090970770e+00	 7.0979225324956270e-03	-1.2535953746109233e-04
 1.3867186322486196e+00	 7.0731910951005684e-03	-1.2535953746112421e-04
 1.3928545554001621e+00	 7.0484596577047491e-03	-1.2535953746122471e-04
 1.3989904785517047e+00	 7.0237282203096775e-03	-1.2535953746105558e-04
 1.4051264017032472e+00	 6.9989967829139198e-03	-1.2535953746133923e-04
 1.4112623248547900e+00	 6.9742653455187147e-03	-1.2535953746101015e-04
 1.4173982480063327e+00	 6.9495339081231270e-03	-1.2535953746139558e-04
 1.4235341711578751e+00	 6.9248024707277292e-03	-1.2535953746102533e-04
 1.4296700943094176e+00	 6.9000710333323254e-03	-1.2535953746137718e-04
 1.4358060174609601e+00	 6.8753395959367629e-03	-1.2535953746109786e-04
 1.4419419406125029e+00	 6.8506081585414649e-03	-1.2535953746131316e-04
 1.4480778637640452e+00	 6.8258767211458529e-03	-1.2535953746118552e-04
 1.4542137869155878e+00	 6.8011452837505549e-03	-1.2535953746124911e-04
 1.4603497100671303e+00	 6.7764138463549811e-03	-1.2535953746125388e-04
 1.4664856332186729e+00	 6.7516824089596016e-03	-1.2535953746120777e-04
 1.4726215563702154e+00	 6.7269509715641353e-03	-1.2535953746129285e-04
 1.4787574795217582e+00	 6.7022195341686300e-03	-1.2535953746119379e-04
 1.4848934026733007e+00	 6.6774880967732930e-03	-1.2535953746129903e-04
 1.4910293258248433e+00	 6.6527566593776576e-03	-1.2535953746121425e-04
 1.4971652489763858e+00	 6.6280252219824490e-03	-1.2535953746126510e-04
 1.5033011721279284e+00	 6.6032937845866948e-03	-1.2535953746127269e-04
 1.5094370952794709e+00	 6.5785623471915754e-03	-1.2535953746119755e-04
 1.5155730184310134e+00	 6.5538309097957683e-03	-1.2535953746135200e-04
 1.5217089415825558e+00	 6.5290994724006620e-03	-1.2535953746112147e-04
 1.5278448647340985e+00	 6.5043680350048809e-03	-1.2535953746142564e-04
 1.5339807878856411e+00	 6.4796365976097113e-03	-1.2535953746106037e-04
 1.5401167110371838e+00	 6.4549051602140195e-03	-1.2535953746147842e-04
 1.5462526341887264e+00	 6.4301737228187493e-03	-1.2535953746101850e-04
 1.5523885573402689e+00	 6.4054422854231650e-03	-1.2535953746151382e-04
 1.5585244804918115e+00	 6.3807108480277682e-03	-1.2535953746099446e-04
 1.5646604036433540e+00	 6.3559794106323305e-03	-1.2535953746152845e-04
 1.5707963267948966e+00	 6.3312479732367775e-03	-1.2535953746099708e-04
 1.5769322499464391e+00	 6.3065165358414995e-03	-1.2535953746150734e-04
 1.5830681730979816e+00	 6.2817850984457869e-03	-1.2535953746104116e-04
 1.5892040962495240e+00	 6.2570536610506503e-03	-1.2535953746144413e-04
 1.5953400194010667e+00	 6.2323222236548327e-03	-1.2535953746111933e-04
 1.6014759425526093e+00	 6.2075907862597602e-03	-1.2535953746135940e-04
 1.6076118657041520e+00	 6.1828593488639227e-03	-1.2535953746120384e-04
 1.6137477888556946e+00	 6.1581279114688208e-03	-1.2535953746128489e-04
 1.6198837120072371e+00	 6.1333964740730501e-03	-1.2535953746126448e-04
 1.6260196351587797e+00	 6.1086650366778614e-03	-1.2535953746124095e-04
 1.6321555583103224e+00	 6.0839335992821887e-03	-1.2535953746129334e-04
 1.6382914814618650e+00	 6.0592021618869002e-03	-1.2535953746122474e-04
 1.6444274046134073e+00	 6.0344707244913247e-03	-1.2535953746130001e-04
 1.6505633277649499e+00	 6.0097392870959452e-03	-1.2535953746122482e-04
 1.6566992509164924e+00	 5.9850078497004511e-03	-1.2535953746129397e-04
 1.6628351740680349e+00	 5.9602764123049901e-03	-1.2535953746123770e-04
 1.6689710972195775e+00	 5.9355449749095811e-03	-1.2535953746127310e-04
 1.6751070203711202e+00	 5.9108135375140385e-03	-1.2535953746126740e-04
 1.6812429435226628e+00	 5.8860821001186937e-03	-1.2535953746123455e-04
 1.6873788666742053e+00	 5.8613506627231138e-03	-1.2535953746131280e-04
 1.6935147898257479e+00	 5.8366192253277872e-03	-1.2535953746118568e-04
 1.6996507129772904e+00	 5.8118877879322090e-03	-1.2535953746136056e-04
 1.7057866361288330e+00	 5.7871563505368529e-03	-1.2535953746114315e-04
 1.7119225592803755e+00	 5.7624249131413294e-03	-1.2535953746139439e-04
 1.7180584824319181e+00	 5.7376934757459048e-03	-1.2535953746112017e-04
 1.7241944055834606e+00	 5.7129620383504507e-03	-1.2535953746140675e-04
 1.7303303287350031e+00	 5.6882306009549549e-03	-1.2535953746111629e-04
 1.7364662518865459e+00	 5.6634991635595728e-03	-1.2535953746140461e-04
 1.7426021750380882e+00	 5.6387677261640189e-03	-1.2535953746112158e-04
 1.7487380981896310e+00	 5.6140362887686819e-03	-1.2535953746139808e-04
 1.7548740213411735e+00	 5.5893048513730786e-03	-1.2535953746112846e-04
 1.7610099444927161e+00	 5.5645734139777954e-03	-1.2535953746139008e-04
 1.7671458676442586e+00	 5.5398419765821418e-03	-1.2535953746113979e-04
 1.7732817907958012e+00	 5.5151105391869105e-03	-1.2535953746137360e-04
 1.7794177139473437e+00	 5.4903791017911988e-03	-1.2535953746116335e-04
 1.7855536370988863e+00	 5.4656476643960240e-03	-1.2535953746134178e-04
 1.7916895602504286e+00	 5.4409162270002706e-03	-1.2535953746120316e-04
 1.7978254834019713e+00	 5.4161847896051201e-03	-1.2535953746129603e-04
 1.8039614065535141e+00	 5.3914533522093589e-03	-1.2535953746125174e-04
 1.8100973297050564e+00	 5.3667219148141911e-03	-1.2535953746124862e-04
 1.8162332528565992e+00	 5.3419904774184750e-03	-1.2535953746129372e-04
 1.8223691760081417e+00	 5.3172590400232447e-03	-1.2535953746121536e-04
 1.8285050991596843e+00	 5.2925276026276032e-03	-1.2535953746131565e-04
 1.8346410223112268e+00	 5.2677961652322879e-03	-1.2535953746120506e-04
 1.8407769454627694e+00	 5.2430647278367357e-03	-1.2535953746131500e-04
 1.8469128686143119e+00	 5.2183332904413389e-03	-1.2535953746121474e-04
 1.8530487917658545e+00	 5.1936018530458518e-03	-1.2535953746129868e-04
 1.8591847149173970e+00	 5.1688704156504011e-03	-1.2535953746123450e-04
 1.8653206380689393e+00	 5.1441389782549635e-03	-1.2535953746127746e-04
 1.8714565612204823e+00	 5.1194075408594712e-03	-1.2535953746125567e-04
 1.8775924843720246e+00	 5.0946761034640579e-03	-1.2535953746125699e-04
 1.8837284075235674e+00	 5.0699446660685543e-03	-1.2535953746127521e-04
 1.8898643306751099e+00	 5.0452132286731548e-03	-1.2535953746123721e-04
 1.8960002538266525e+00	 5.0204817912776339e-03	-1.2535953746129592e-04
 1.9021361769781950e+00	 4.9957503538822466e-03	-1.2535953746121409e-04
 1.9082721001297376e+00	 4.9710189164867196e-03	-1.2535953746132188e-04
 1.9144080232812801e+00	 4.9462874790913349e-03	-1.2535953746118598e-04
 1.9205439464328224e+00	 4.9215560416958131e-03	-1.2535953746135162e-04
 1.9266798695843652e+00	 4.8968246043004059e-03	-1.2535953746115581e-04
 1.9328157927359080e+00	 4.8720931669049240e-03	-1.2535953746137965e-04
 1.9389517158874505e+00	 4.8473617295094681e-03	-1.2535953746113209e-04
 1.9450876390389933e+00	 4.8226302921140418e-03	-1.2535953746139767e-04
 1.9512235621905356e+00	 4.7978988547185157e-03	-1.2535953746112161e-04
 1.9573594853420782e+00	 4.7731674173231691e-03	-1.2535953746140025e-04
 1.9634954084936207e+00	 4.7484359799275684e-03	-1.2535953746112779e-04
 1.9696313316451632e+00	 4.7237045425322912e-03	-1.2535953746138713e-04
 1.9757672547967058e+00	 4.6989731051366255e-03	-1.2535953746114735e-04
 1.9819031779482483e+00	 4.6742416677414012e-03	-1.2535953746136346e-04
 1.9880391010997909e+00	 4.6495102303456947e-03	-1.2535953746117313e-04
 1.9941750242513334e+00	 4.6247787929505043e-03	-1.2535953746133679e-04
 2.0003109474028760e+00	 4.6000473555547735e-03	-1.2535953746119921e-04
 2.0064468705544187e+00	 4.5753159181595969e-03	-1.2535953746131199e-04
 2.0125827937059610e+00	 4.5505844807638583e-03	-1.2535953746122192e-04
 2.0187187168575038e+00	 4.5258530433686835e-03	-1.2535953746129115e-04
 2.0248546400090461e+00	 4.5011216059729449e-03	-1.2535953746124146e-04
 2.0309905631605889e+00	 4.4763901685777726e-03	-1.2535953746127169e-04
 2.0371264863121317e+00	 4.4516587311820349e-03	-1.2535953746126144e-04
 2.0432624094636740e+00	 4.4269272937868618e-03	-1.2535953746125084e-04
 2.0493983326152168e+00	 4.4021958563911206e-03	-1.2535953746128375e-04
 2.0555342557667591e+00	 4.3774644189959440e-03	-1.2535953746122664e-04
 2.0616701789183018e+00	 4.3527329816002193e-03	-1.2535953746130947e-04
 2.0678061020698442e+00	 4.3280015442050158e-03	-1.2535953746120005e-04
 2.0739420252213869e+00	 4.3032701068093206e-03	-1.2535953746133555e-04
 2.0800779483729293e+00	 4.2785386694140868e-03	-1.2535953746117571e-04
 2.0862138715244720e+00	 4.2538072320184375e-03	-1.2535953746135693e-04
 2.0923497946760143e+00	 4.2290757946231404e-03	-1.2535953746115858e-04
 2.0984857178275571e+00	 4.2043443572275579e-03	-1.2535953746136859e-04
 2.1046216409790999e+00	 4.1796129198321957e-03	-1.2535953746115280e-04
 2.1107575641306422e+00	 4.1548814824366826e-03	-1.2535953746136796e-04
 2.1168934872821850e+00	 4.1301500450412441e-03	-1.2535953746115966e-04
 2.1230294104337273e+00	 4.1054186076458013e-03	-1.2535953746135536e-04
 2.1291653335852700e+00	 4.0806871702503047e-03	-1.2535953746117671e-04
 2.1353012567368124e+00	 4.0559557328549174e-03	-1.2535953746133422e-04
 2.1414371798883551e+00	 4.0312242954593687e-03	-1.2535953746120075e-04
 2.1475731030398975e+00	 4.0064928580640169e-03	-1.2535953746130928e-04
 2.1537090261914402e+00	 3.9817614206684449e-03	-1.2535953746122650e-04
 2.1598449493429825e+00	 3.9570299832731165e-03	-1.2535953746128364e-04
 2.1659808724945253e+00	 3.9322985458775305e-03	-1.2535953746125133e-04
 2.1721167956460681e+00	 3.9075671084822022e-03	-1.2535953746126036e-04
 2.1782527187976104e+00	 3.8828356710866193e-03	-1.2535953746127296e-04
 2.1843886419491532e+00	 3.8581042336912901e-03	-1.2535953746123965e-04
 2.1905245651006955e+00	 3.8333727962957093e-03	-1.2535953746129313e-04
 2.1966604882522383e+00	 3.8086413589003736e-03	-1.2535953746122054e-04
 2.2027964114037806e+00	 3.7839099215048002e-03	-1.2535953746131186e-04
 2.2089323345553233e+00	 3.7591784841094554e-03	-1.2535953746120200e-04
 2.2150682577068657e+00	 3.7344470467138981e-03	-1.2535953746133075e-04
 2.2212041808584084e+00	 3.7097156093185289e-03	-1.2535953746118362e-04
 2.2273401040099512e+00	 3.6849841719229976e-03	-1.2535953746134899e-04
 2.2334760271614935e+00	 3.6602527345276042e-03	-1.2535953746116619e-04
 2.2396119503130363e+00	 3.6355212971321041e-03	-1.2535953746136528e-04
 2.2457478734645786e+00	 3.6107898597366708e-03	-1.2535953746115202e-04
 2.2518837966161214e+00	 3.5860584223412128e-03	-1.2535953746137737e-04
 2.2580197197676637e+00	 3.5613269849457366e-03	-1.2535953746114326e-04
 2.2641556429192065e+00	 3.5365955475503263e-03	-1.2535953746138257e-04
 2.2702915660707488e+00	 3.5118641101547893e-03	-1.2535953746114242e-04
 2.2764274892222915e+00	 3.4871326727594432e-03	-1.2535953746137929e-04
 2.2825634123738339e+00	 3.4624012353638542e-03	-1.2535953746115031e-04
 2.2886993355253766e+00	 3.4376697979685553e-03	-1.2535953746136748e-04
 2.2948352586769194e+00	 3.4129383605729169e-03	-1.2535953746116619e-04
 2.3009711818284617e+00	 3.3882069231776610e-03	-1.2535953746134869e-04
 2.3071071049800045e+00	 3.3634754857819887e-03	-1.2535953746118728e-04
 2.3132430281315468e+00	 3.3387440483867627e-03	-1.2535953746132571e-04
 2.3193789512830896e+00	 3.3140126109910662e-03	-1.2535953746121130e-04
 2.3255148744346319e+00	 3.2892811735958541e-03	-1.2535953746130158e-04
 2.3316507975861747e+00	 3.2645497362001549e-03	-1.2535953746123482e-04
 2.3377867207377170e+00	 3.2398182988049385e-03	-1.2535953746127987e-04
 2.3439226438892597e+00	 3.2150868614092450e-03	-1.2535953746125599e-04
 2.3500585670408021e+00	 3.1903554240140198e-03	-1.2535953746126204e-04
 2.3561944901923448e+00	 3.1656239866183411e-03	-1.2535953746127150e-04
 2.3623304133438876e+00	 3.1408925492230951e-03	-1.2535953746124824e-04
 2.3684663364954299e+00	 3.1161611118274411e-03	-1.2535953746128258e-04
 2.3746022596469727e+00	 3.0914296744321695e-03	-1.2535953746123902e-04
 2.3807381827985150e+00	 3.0666982370365376e-03	-1.2535953746128995e-04
 2.3868741059500578e+00	 3.0419667996412470e-03	-1.2535953746123306e-04
 2.3930100291016001e+00	 3.0172353622456346e-03	-1.2535953746129505e-04
 2.3991459522531429e+00	 2.9925039248503245e-03	-1.2535953746122824e-04
 2.4052818754046852e+00	 2.9677724874547272e-03	-1.2535953746129950e-04
 2.4114177985562280e+00	 2.9430410500594036e-03	-1.2535953746122374e-04
 2.4175537217077703e+00	 2.9183096126638259e-03	-1.2535953746130362e-04
 2.4236896448593130e+00	 2.8935781752684854e-03	-1.2535953746121959e-04
 2.4298255680108558e+00	 2.8688467378729212e-03	-1.2535953746130779e-04
 2.4359614911623981e+00	 2.8441153004775612e-03	-1.2535953746121563e-04
 2.4420974143139409e+00	 2.8193838630820181e-03	-1.2535953746131107e-04
 2.4482333374654832e+00	 2.7946524256866369e-03	-1.2535953746121289e-04
 2.4543692606170260e+00	 2.7699209882911177e-03	-1.2535953746131240e-04
 2.4605051837685683e+00	 2.7451895508957104e-03	-1.2535953746121241e-04
 2.4666411069201111e+00	 2.7204581135002190e-03	-1.2535953746131077e-04
 2.4727770300716534e+00	 2.6957266761047849e-03	-1.2535953746121555e-04
 2.4789129532231962e+00	 2.6709952387093199e-03	-1.2535953746130546e-04
 2.4850488763747385e+00	 2.6462638013138580e-03	-1.2535953746122233e-04
 2.4911847995262812e+00	 2.6215323639184199e-03	-1.2535953746129619e-04
 2.4973207226778240e+00	 2.5968009265229346e-03	-1.2535953746123320e-04
 2.5034566458293663e+00	 2.5720694891275177e-03	-1.2535953746128340e-04
 2.5095925689809091e+00	 2.5473380517320103e-03	-1.2535953746124702e-04
 2.5157284921324514e+00	 2.5226066143366121e-03	-1.2535953746126784e-04
 2.5218644152839942e+00	 2.4978751769410973e-03	-1.2535953746126309e-04
 2.5280003384355365e+00	 2.4731437395457026e-03	-1.2535953746125141e-04
 2.5341362615870793e+00	 2.4484123021501830e-03	-1.2535953746127946e-04
 2.5402721847386216e+00	 2.4236808647547857e-03	-1.2535953746123488e-04
 2.5464081078901644e+00	 2.3989494273592782e-03	-1.2535953746129454e-04
 2.5525440310417071e+00	 2.3742179899638653e-03	-1.2535953746122103e-04
 2.5586799541932495e+00	 2.3494865525683743e-03	-1.2535953746130668e-04
 2.5648158773447922e+00	 2.3247551151729415e-03	-1.2535953746120989e-04
 2.5709518004963345e+00	 2.3000236777774739e-03	-1.2535953746131584e-04
 2.5770877236478773e+00	 2.2752922403820180e-03	-1.2535953746120243e-04
 2.5832236467994196e+00	 2.2505608029865722e-03	-1.2535953746132118e-04
 2.5893595699509624e+00	 2.2258293655910938e-03	-1.2535953746119877e-04
 2.5954954931025047e+00	 2.2010979281956713e-03	-1.2535953746132346e-04
 2.6016314162540475e+00	 2.1763664908001704e-03	-1.2535953746119823e-04
 2.6077673394055898e+00	 2.1516350534047731e-03	-1.2535953746132305e-04
 2.6139032625571326e+00	 2.1269036160092465e-03	-1.2535953746119953e-04
 2.6200391857086753e+00	 2.1021721786138700e-03	-1.2535953746132091e-04
 2.6261751088602177e+00	 2.0774407412183287e-03	-1.2535953746120224e-04
 2.6323110320117604e+00	 2.0527093038229661e-03	-1.2535953746131766e-04
 2.6384469551633027e+00	 2.0279778664274071e-03	-1.2535953746120563e-04
 2.6445828783148455e+00	 2.0032464290320609e-03	-1.2535953746131416e-04
 2.6507188014663878e+00	 1.9785149916364906e-03	-1.2535953746120934e-04
 2.6568547246179306e+00	 1.9537835542411540e-03	-1.2535953746131085e-04
 2.6629906477694729e+00	 1.9290521168455685e-03	-1.2535953746121268e-04
 2.6691265709210157e+00	 1.9043206794502488e-03	-1.2535953746130746e-04
 2.6752624940725580e+00	 1.8795892420546542e-03	-1.2535953746121598e-04
 2.6813984172241008e+00	 1.8548578046593395e-03	-1.2535953746130421e-04
 2.6875343403756435e+00	 1.8301263672637338e-03	-1.2535953746121964e-04
 2.6936702635271859e+00	 1.8053949298684337e-03	-1.2535953746130025e-04
 2.6998061866787286e+00	 1.7806634924728165e-03	-1.2535953746122382e-04
 2.7059421098302709e+00	 1.7559320550775302e-03	-1.2535953746129538e-04
 2.7120780329818137e+00	 1.7312006176818963e-03	-1.2535953746122992e-04
 2.7182139561333560e+00	 1.7064691802866259e-03	-1.2535953746128876e-04
 2.7243498792848988e+00	 1.6817377428909775e-03	-1.2535953746123707e-04
 2.7304858024364411e+00	 1.6570063054957181e-03	-1.2535953746128020e-04
 2.7366217255879839e+00	 1.6322748681000606e-03	-1.2535953746124659e-04
 2.7427576487395262e+00	 1.6075434307048140e-03	-1.2535953746126938e-04
 2.7488935718910690e+00	 1.5828119933091423e-03	-1.2535953746125800e-04
 2.7550294950426117e+00	 1.5580805559139016e-03	-1.2535953746125737e-04
 2.7611654181941541e+00	 1.5333491185182291e-03	-1.2535953746127082e-04
 2.7673013413456968e+00	 1.5086176811229910e-03	-1.2535953746124407e-04
 2.7734372644972392e+00	 1.4838862437273159e-03	-1.2535953746128413e-04
 2.7795731876487819e+00	 1.4591548063320778e-03	-1.2535953746123040e-04
 2.7857091108003242e+00	 1.4344233689364103e-03	-1.2535953746129727e-04
 2.7918450339518670e+00	 1.4096919315411600e-03	-1.2535953746121788e-04
 2.7979809571034093e+00	 1.3849604941455031e-03	-1.2535953746130977e-04
 2.8041168802549521e+00	 1.3602290567502403e-03	-1.2535953746120642e-04
 2.8102528034064944e+00	 1.3354976193545997e-03	-1.2535953746132075e-04
 2.8163887265580372e+00	 1.3107661819593205e-03	-1.2535953746119674e-04
 2.8225246497095799e+00	 1.2860347445636990e-03	-1.2535953746132956e-04
 2.8286605728611223e+00	 1.2613033071683965e-03	-1.2535953746118942e-04
 2.8347964960126650e+00	 1.2365718697727973e-03	-1.2535953746133579e-04
 2.8409324191642074e+00	 1.2118404323774707e-03	-1.2535953746118452e-04
 2.8470683423157501e+00	 1.1871089949818967e-03	-1.2535953746133975e-04
 2.8532042654672924e+00	 1.1623775575865464e-03	-1.2535953746118218e-04
 2.8593401886188352e+00	 1.1376461201909967e-03	-1.2535953746134137e-04
 2.8654761117703775e+00	 1.1129146827956239e-03	-1.2535953746118208e-04
 2.8716120349219203e+00	 1.0881832454000967e-03	-1.2535953746134056e-04
 2.8777479580734626e+00	 1.0634518080046985e-03	-1.2535953746118408e-04
 2.8838838812250054e+00	 1.0387203706091926e-03	-1.2535953746133809e-04
 2.8900198043765482e+00	 1.0139889332137775e-03	-1.2535953746118733e-04
 2.8961557275280905e+00	 9.8925749581829062e-04	-1.2535953746133441e-04
 2.9022916506796332e+00	 9.6452605842285678e-04	-1.2535953746119137e-04
 2.9084275738311756e+00	 9.3979462102738586e-04	-1.2535953746133004e-04
 2.9145634969827183e+00	 9.1506318363193792e-04	-1.2535953746119614e-04
 2.9206994201342606e+00	 8.9033174623647817e-04	-1.2535953746132584e-04
 2.9268353432858034e+00	 8.6560030884101787e-04	-1.2535953746120086e-04
 2.9329712664373457e+00	 8.4086887144557265e-04	-1.2535953746132118e-04
 2.9391071895888885e+00	 8.1613743405010064e-04	-1.2535953746120544e-04
 2.9452431127404308e+00	 7.9140599665466409e-04	-1.2535953746131668e-04
 2.9513790358919736e+00	 7.6667455925918493e-04	-1.2535953746121005e-04
 2.9575149590435164e+00	 7.4194312186375716e-04	-1.2535953746131223e-04
 2.9636508821950587e+00	 7.1721168446826705e-04	-1.2535953746121441e-04
 2.9697868053466014e+00	 6.9248024707284708e-04	-1.2535953746130727e-04
 2.9759227284981438e+00	 6.6774880967735003e-04	-1.2535953746121926e-04
 2.9820586516496865e+00	 6.4301737228194037e-04	-1.2535953746130150e-04
 2.9881945748012289e+00	 6.1828593488643204e-04	-1.2535953746122471e-04
 2.9943304979527716e+00	 5.9355449749103279e-04	-1.2535953746129527e-04
 3.0004664211043139e+00	 5.6882306009551644e-04	-1.2535953746123127e-04
 3.0066023442558567e+00	 5.4409162270012369e-04	-1.2535953746128808e-04
 3.0127382674073995e+00	 5.1936018530460105e-04	-1.2535953746123889e-04
 3.0188741905589418e+00	 4.9462874790921589e-04	-1.2535953746128001e-04
 3.0250101137104846e+00	 4.6989731051368447e-04	-1.2535953746124743e-04
 3.0311460368620269e+00	 4.4516587311830517e-04	-1.2535953746127082e-04
 3.0372819600135696e+00	 4.2043443572277001e-04	-1.2535953746125699e-04
 3.0434178831651120e+00	 3.9570299832739422e-04	-1.2535953746126106e-04
 3.0495538063166547e+00	 3.7097156093185717e-04	-1.2535953746126748e-04
 3.0556897294681971e+00	 3.4624012353648052e-04	-1.2535953746125027e-04
 3.0618256526197398e+00	 3.2150868614094752e-04	-1.2535953746127862e-04
 3.0679615757712821e+00	 2.9677724874556540e-04	-1.2535953746123878e-04
 3.0740974989228249e+00	 2.7204581135003767e-04	-1.2535953746128987e-04
 3.0802334220743677e+00	 2.4731437395464709e-04	-1.2535953746122797e-04
 3.0863693452259100e+00	 2.2258293655913280e-04	-1.2535953746130058e-04
 3.0925052683774528e+00	 1.9785149916372747e-04	-1.2535953746121788e-04
 3.0986411915289951e+00	 1.7312006176822901e-04	-1.2535953746131031e-04
 3.1047771146805379e+00	 1.4838862437280384e-04	-1.2535953746120962e-04
 3.1109130378320802e+00	 1.2365718697732739e-04	-1.2535953746131752e-04
 3.1170489609836229e+00	 9.8925749581879998e-05	-1.2535953746120297e-04
 3.1231848841351653e+00	 7.4194312186427400e-05	-1.2535953746132262e-04
 3.1293208072867080e+00	 4.9462874790954636e-05	-1.2535953746120016e-04
 3.1354567304382504e+00	 2.4731437395528709e-05	-1.2535953746132579e-04
