%# 1. u 2. x_tilde 3. y 
%# N = 1024	L =  0.0000000000000000e+00
%# H/L =  1.6881891088283798e-04	c =  1.2000000000000000e-01	h = 1.340000e-02	y0 = 0.000000e+00

-3.1415926535897931e+00	-6.5536831245288675e-14	-1.9048010992540982e-05
-3.1354567304382504e+00	-8.2951244117539713e-06	-1.9048010993501775e-05
-3.1293208072867080e+00	-1.6590248758452234e-05	-1.9048010992551312e-05
-3.1231848841351653e+00	-2.4885373104511143e-05	-1.9048010993481710e-05
-3.1170489609836229e+00	-3.3180497451361520e-05	-1.9048010992580033e-05
-3.1109130378320802e+00	-4.1475621797276881e-05	-1.9048010993444658e-05
-3.1047771146805379e+00	-4.9770746144261156e-05	-1.9048010992624557e-05
-3.0986411915289951e+00	-5.8065870490054327e-05	-1.9048010993393880e-05
-3.0925052683774528e+00	-6.6360994837146806e-05	-1.9048010992680851e-05
-3.0863693452259100e+00	-7.4656119182847603e-05	-1.9048010993333120e-05
-3.0802334220743677e+00	-8.2951243530015976e-05	-1.9048010992744575e-05
-3.0740974989228249e+00	-9.1246367875657142e-05	-1.9048010993267411e-05
-3.0679615757712821e+00	-9.9541492222867583e-05	-1.9048010992810792e-05
-3.0618256526197398e+00	-1.0783661656848425e-04	-1.9048010993201881e-05
-3.0556897294681971e+00	-1.1613174091570228e-04	-1.9048010992874442e-05
-3.0495538063166547e+00	-1.2442686526132718e-04	-1.9048010993141189e-05
-3.0434178831651120e+00	-1.3272198960852287e-04	-1.9048010992931098e-05
-3.0372819600135696e+00	-1.4101711395418355e-04	-1.9048010993089378e-05
-3.0311460368620269e+00	-1.4931223830133220e-04	-1.9048010992977404e-05
-3.0250101137104846e+00	-1.5760736264704991e-04	-1.9048010993049215e-05
-3.0188741905589418e+00	-1.6590248699413241e-04	-1.9048010993011075e-05
-3.0127382674073995e+00	-1.7419761133992124e-04	-1.9048010993022567e-05
-3.0066023442558567e+00	-1.8249273568693002e-04	-1.9048010993030706e-05
-3.0004664211043139e+00	-1.9078786003279519e-04	-1.9048010993009994e-05
-2.9943304979527716e+00	-1.9908298437972699e-04	-1.9048010993036493e-05
-2.9881945748012289e+00	-2.0737810872566674e-04	-1.9048010993010882e-05
-2.9820586516496865e+00	-2.1567323307252915e-04	-1.9048010993029479e-05
-2.9759227284981438e+00	-2.2396835741853244e-04	-1.9048010993023868e-05
-2.9697868053466014e+00	-2.3226348176533804e-04	-1.9048010993011376e-05
-2.9636508821950587e+00	-2.4055860611138838e-04	-1.9048010993046708e-05
-2.9575149590435164e+00	-2.4885373045815734e-04	-1.9048010992984905e-05
-2.9513790358919736e+00	-2.5714885480423414e-04	-1.9048010993076232e-05
-2.9452431127404308e+00	-2.6544397915098964e-04	-1.9048010992953351e-05
-2.9391071895888885e+00	-2.7373910349706693e-04	-1.9048010993109260e-05
-2.9329712664373457e+00	-2.8203422784383475e-04	-1.9048010992920154e-05
-2.9268353432858034e+00	-2.9032935218988503e-04	-1.9048010993141609e-05
-2.9206994201342606e+00	-2.9862447653669459e-04	-1.9048010992889502e-05
-2.9145634969827183e+00	-3.0691960088269051e-04	-1.9048010993169497e-05
-2.9084275738311756e+00	-3.1521472522956653e-04	-1.9048010992865504e-05
-2.9022916506796332e+00	-3.2350984957548378e-04	-1.9048010993188681e-05
-2.8961557275280905e+00	-3.3180497392244952e-04	-1.9048010992852243e-05
-2.8900198043765482e+00	-3.4010009826826681e-04	-1.9048010993195237e-05
-2.8838838812250054e+00	-3.4839522261534146e-04	-1.9048010992853225e-05
-2.8777479580734626e+00	-3.5669034696104415e-04	-1.9048010993186123e-05
-2.8716120349219203e+00	-3.6498547130823578e-04	-1.9048010992871077e-05
-2.8654761117703775e+00	-3.7328059565382089e-04	-1.9048010993159279e-05
-2.8593401886188352e+00	-3.8157572000112848e-04	-1.9048010992907008e-05
-2.8532042654672924e+00	-3.8987084434660219e-04	-1.9048010993114254e-05
-2.8470683423157501e+00	-3.9816596869401294e-04	-1.9048010992960439e-05
-2.8409324191642074e+00	-4.0646109303939498e-04	-1.9048010993052847e-05
-2.8347964960126650e+00	-4.1475621738688541e-04	-1.9048010993028822e-05
-2.8286605728611223e+00	-4.2305134173220316e-04	-1.9048010992978569e-05
-2.8225246497095799e+00	-4.3134646607973832e-04	-1.9048010993107494e-05
-2.8163887265580372e+00	-4.3964159042503086e-04	-1.9048010992896986e-05
-2.8102528034064944e+00	-4.4793671477257019e-04	-1.9048010993190158e-05
-2.8041168802549521e+00	-4.5623183911788117e-04	-1.9048010992814912e-05
-2.7979809571034093e+00	-4.6452696346538044e-04	-1.9048010993269606e-05
-2.7918450339518670e+00	-4.7282208781075272e-04	-1.9048010992739553e-05
-2.7857091108003242e+00	-4.8111721215817100e-04	-1.9048010993339070e-05
-2.7795731876487819e+00	-4.8941233650364032e-04	-1.9048010992677463e-05
-2.7734372644972392e+00	-4.9770746085094596e-04	-1.9048010993392436e-05
-2.7673013413456968e+00	-5.0600258519654115e-04	-1.9048010992633725e-05
-2.7611654181941541e+00	-5.1429770954371224e-04	-1.9048010993425545e-05
-2.7550294950426117e+00	-5.2259283388944675e-04	-1.9048010992611204e-05
-2.7488935718910690e+00	-5.3088795823647754e-04	-1.9048010993437614e-05
-2.7427576487395262e+00	-5.3918308258234986e-04	-1.9048010992609585e-05
-2.7366217255879839e+00	-5.4747820692924892e-04	-1.9048010993429801e-05
-2.7304858024364411e+00	-5.5577333127524386e-04	-1.9048010992626075e-05
-2.7243498792848988e+00	-5.6406845562203330e-04	-1.9048010993406206e-05
-2.7182139561333560e+00	-5.7236357996812300e-04	-1.9048010992655429e-05
-2.7120780329818137e+00	-5.8065870431483254e-04	-1.9048010993372714e-05
-2.7059421098302709e+00	-5.8895382866098523e-04	-1.9048010992691201e-05
-2.6998061866787286e+00	-5.9724895300765119e-04	-1.9048010993336559e-05
-2.6936702635271859e+00	-6.0554407735382871e-04	-1.9048010992726133e-05
-2.6875343403756435e+00	-6.1383920170048653e-04	-1.9048010993304599e-05
-2.6813984172241008e+00	-6.2213432604665635e-04	-1.9048010992753726e-05
-2.6752624940725580e+00	-6.3042945039333586e-04	-1.9048010993282773e-05
-2.6691265709210157e+00	-6.3872457473947316e-04	-1.9048010992768864e-05
-2.6629906477694729e+00	-6.4701969908619299e-04	-1.9048010993275400e-05
-2.6568547246179306e+00	-6.5531482343228627e-04	-1.9048010992768258e-05
-2.6507188014663878e+00	-6.6360994777905273e-04	-1.9048010993284531e-05
-2.6445828783148455e+00	-6.7190507212509874e-04	-1.9048010992750765e-05
-2.6384469551633027e+00	-6.8020019647190683e-04	-1.9048010993309993e-05
-2.6323110320117604e+00	-6.8849532081792010e-04	-1.9048010992718100e-05
-2.6261751088602177e+00	-6.9679044516475117e-04	-1.9048010993349038e-05
-2.6200391857086753e+00	-7.0508556951075609e-04	-1.9048010992674115e-05
-2.6139032625571326e+00	-7.1338069385757643e-04	-1.9048010993396444e-05
-2.6077673394055898e+00	-7.2167581820361106e-04	-1.9048010992625058e-05
-2.6016314162540475e+00	-7.2997094255038294e-04	-1.9048010993445081e-05
-2.5954954931025047e+00	-7.3826606689648717e-04	-1.9048010992578854e-05
-2.5893595699509624e+00	-7.4656119124316862e-04	-1.9048010993486403e-05
-2.5832236467994196e+00	-7.5485631558938106e-04	-1.9048010992544417e-05
-2.5770877236478773e+00	-7.6315143993593642e-04	-1.9048010993511878e-05
-2.5709518004963345e+00	-7.7144656428229012e-04	-1.9048010992529706e-05
-2.5648158773447922e+00	-7.7974168862869468e-04	-1.9048010993514165e-05
-2.5586799541932495e+00	-7.8803681297520624e-04	-1.9048010992540731e-05
-2.5525440310417071e+00	-7.9633193732145131e-04	-1.9048010993488964e-05
-2.5464081078901644e+00	-8.0462706166811585e-04	-1.9048010992579539e-05
-2.5402721847386216e+00	-8.1292218601421900e-04	-1.9048010993436980e-05
-2.5341362615870793e+00	-8.2121731036100920e-04	-1.9048010992643283e-05
-2.5280003384355365e+00	-8.2951243470700880e-04	-1.9048010993363247e-05
-2.5218644152839942e+00	-8.3780755905387642e-04	-1.9048010992724015e-05
-2.5157284921324514e+00	-8.4610268339982832e-04	-1.9048010993278409e-05
-2.5095925689809091e+00	-8.5439780774671046e-04	-1.9048010992809522e-05
-2.5034566458293663e+00	-8.6269293209268187e-04	-1.9048010993195921e-05
-2.4973207226778240e+00	-8.7098805643951263e-04	-1.9048010992885687e-05
-2.4911847995262812e+00	-8.7928318078556416e-04	-1.9048010993129361e-05
-2.4850488763747385e+00	-8.8757830513228780e-04	-1.9048010992939711e-05
-2.4789129532231962e+00	-8.9587342947846770e-04	-1.9048010993090300e-05
-2.4727770300716534e+00	-9.0416855382505017e-04	-1.9048010992962232e-05
-2.4666411069201111e+00	-9.1246367817137861e-04	-1.9048010993085112e-05
-2.4605051837685683e+00	-9.2075880251781298e-04	-1.9048010992950139e-05
-2.4543692606170260e+00	-9.2905392686428118e-04	-1.9048010993113515e-05
-2.4482333374654832e+00	-9.3734905121058880e-04	-1.9048010992907124e-05
-2.4420974143139409e+00	-9.4564417555716401e-04	-1.9048010993168742e-05
-2.4359614911623981e+00	-9.5393929990339151e-04	-1.9048010992842614e-05
-2.4298255680108558e+00	-9.6223442425001561e-04	-1.9048010993239194e-05
-2.4236896448593130e+00	-9.7052954859622696e-04	-1.9048010992769843e-05
-2.4175537217077703e+00	-9.7882467294283329e-04	-1.9048010993310498e-05
-2.4114177985562280e+00	-9.8711979728909657e-04	-1.9048010992703693e-05
-2.4052818754046852e+00	-9.9541492163562114e-04	-1.9048010993368147e-05
-2.3991459522531429e+00	-1.0037100459819926e-03	-1.9048010992657808e-05
-2.3930100291016001e+00	-1.0120051703283875e-03	-1.9048010993399870e-05
-2.3868741059500578e+00	-1.0203002946749028e-03	-1.9048010992642077e-05
-2.3807381827985150e+00	-1.0285954190211452e-03	-1.9048010993398420e-05
-2.3746022596469727e+00	-1.0368905433678136e-03	-1.9048010992660681e-05
-2.3684663364954299e+00	-1.0451856677139108e-03	-1.9048010993363251e-05
-2.3623304133438876e+00	-1.0534807920607083e-03	-1.9048010992710690e-05
-2.3561944901923448e+00	-1.0617759164067008e-03	-1.9048010993301336e-05
-2.3500585670408021e+00	-1.0700710407535730e-03	-1.9048010992781014e-05
-2.3439226438892597e+00	-1.0783661650995257e-03	-1.9048010993227028e-05
-2.3377867207377170e+00	-1.0866612894464001e-03	-1.9048010992854350e-05
-2.3316507975861747e+00	-1.0949564137923893e-03	-1.9048010993159695e-05
-2.3255148744346319e+00	-1.1032515381391899e-03	-1.9048010992910369e-05
-2.3193789512830896e+00	-1.1115466624852825e-03	-1.9048010993119665e-05
-2.3132430281315468e+00	-1.1198417868319580e-03	-1.9048010992931047e-05
-2.3071071049800045e+00	-1.1281369111781903e-03	-1.9048010993121111e-05
-2.3009711818284617e+00	-1.1364320355247242e-03	-1.9048010992906822e-05
-2.2948352586769194e+00	-1.1447271598710857e-03	-1.9048010993167525e-05
-2.2886993355253766e+00	-1.1530222842175135e-03	-1.9048010992841011e-05
-2.2825634123738339e+00	-1.1613174085639457e-03	-1.9048010993248410e-05
-2.2764274892222915e+00	-1.1696125329103493e-03	-1.9048010992750924e-05
-2.2702915660707488e+00	-1.1779076572567546e-03	-1.9048010993340957e-05
-2.2641556429192065e+00	-1.1862027816032399e-03	-1.9048010992663527e-05
-2.2580197197676637e+00	-1.1944979059495091e-03	-1.9048010993415913e-05
-2.2518837966161214e+00	-1.2027930302961781e-03	-1.9048010992608158e-05
-2.2457478734645786e+00	-1.2110881546422254e-03	-1.9048010993446155e-05
-2.2396119503130363e+00	-1.2193832789891433e-03	-1.9048010992607460e-05
-2.2334760271614935e+00	-1.2276784033349300e-03	-1.9048010993414930e-05
-2.2273401040099512e+00	-1.2359735276821046e-03	-1.9048010992670849e-05
-2.2212041808584084e+00	-1.2442686520276530e-03	-1.9048010993321340e-05
-2.2150682577068657e+00	-1.2525637763750306e-03	-1.9048010992790643e-05
-2.2089323345553233e+00	-1.2608589007204274e-03	-1.9048010993181295e-05
-2.2027964114037806e+00	-1.2691540250678952e-03	-1.9048010992943380e-05
-2.1966604882522383e+00	-1.2774491494132708e-03	-1.9048010993024665e-05
-2.1905245651006955e+00	-1.2857442737606861e-03	-1.9048010993094382e-05
-2.1843886419491532e+00	-1.2940393981061853e-03	-1.9048010992888838e-05
-2.1782527187976104e+00	-1.3023345224534133e-03	-1.9048010993206170e-05
-2.1721167956460681e+00	-1.3106296467991520e-03	-1.9048010992808739e-05
-2.1659808724945253e+00	-1.3189247711461040e-03	-1.9048010993249294e-05
-2.1598449493429825e+00	-1.3272198954921357e-03	-1.9048010992805747e-05
-2.1537090261914402e+00	-1.3355150198388012e-03	-1.9048010993212723e-05
-2.1475731030398975e+00	-1.3438101441850892e-03	-1.9048010992878369e-05
-2.1414371798883551e+00	-1.3521052685315487e-03	-1.9048010993111042e-05
-2.1353012567368124e+00	-1.3604003928779779e-03	-1.9048010992999020e-05
-2.1291653335852700e+00	-1.3686955172243739e-03	-1.9048010992982943e-05
-2.1230294104337273e+00	-1.3769906415707803e-03	-1.9048010993121189e-05
-2.1168934872821850e+00	-1.3852857659172803e-03	-1.9048010992878823e-05
-2.1107575641306422e+00	-1.3935808902635135e-03	-1.9048010993195809e-05
-2.1046216409790999e+00	-1.4018760146102408e-03	-1.9048010992842112e-05
-2.0984857178275571e+00	-1.4101711389562163e-03	-1.9048010993189826e-05
-2.0923497946760143e+00	-1.4184662633032023e-03	-1.9048010992891494e-05
-2.0862138715244720e+00	-1.4267613876489432e-03	-1.9048010993100484e-05
-2.0800779483729293e+00	-1.4350565119961173e-03	-1.9048010993013342e-05
-2.0739420252213869e+00	-1.4433516363417363e-03	-1.9048010992956340e-05
-2.0678061020698442e+00	-1.4516467606889526e-03	-1.9048010993167285e-05
-2.0616701789183018e+00	-1.4599418850346172e-03	-1.9048010992805846e-05
-2.0555342557667591e+00	-1.4682370093817027e-03	-1.9048010993301035e-05
-2.0493983326152168e+00	-1.4765321337275724e-03	-1.9048010992700468e-05
-2.0432624094636740e+00	-1.4848272580743928e-03	-1.9048010993368933e-05
-2.0371264863121317e+00	-1.4931223824205624e-03	-1.9048010992675447e-05
-2.0309905631605889e+00	-1.5014175067670772e-03	-1.9048010993349759e-05
-2.0248546400090461e+00	-1.5097126311135322e-03	-1.9048010992735101e-05
-2.0187187168575038e+00	-1.5180077554598080e-03	-1.9048010993257609e-05
-2.0125827937059610e+00	-1.5263028798064339e-03	-1.9048010992847648e-05
-2.0064468705544187e+00	-1.5345980041526213e-03	-1.9048010993139621e-05
-2.0003109474028760e+00	-1.5428931284992499e-03	-1.9048010992955110e-05
-1.9941750242513334e+00	-1.5511882528455102e-03	-1.9048010993057364e-05
-1.9880391010997909e+00	-1.5594833771920091e-03	-1.9048010993000738e-05
-1.9819031779482483e+00	-1.5677785015384277e-03	-1.9048010993054612e-05
-1.9757672547967058e+00	-1.5760736258847727e-03	-1.9048010992961283e-05
-1.9696313316451632e+00	-1.5843687502313073e-03	-1.9048010993128741e-05
-1.9634954084936207e+00	-1.5926638745776044e-03	-1.9048010992865595e-05
-1.9573594853420782e+00	-1.6009589989240988e-03	-1.9048010993228566e-05
-1.9512235621905356e+00	-1.6092541232705297e-03	-1.9048010992781024e-05
-1.9450876390389933e+00	-1.6175492476168064e-03	-1.9048010993280228e-05
-1.9389517158874505e+00	-1.6258443719635190e-03	-1.9048010992776769e-05
-1.9328157927359080e+00	-1.6341394963094824e-03	-1.9048010993229010e-05
-1.9266798695843652e+00	-1.6424346206564985e-03	-1.9048010992884620e-05
-1.9205439464328224e+00	-1.6507297450022104e-03	-1.9048010993071645e-05
-1.9144080232812801e+00	-1.6590248693493881e-03	-1.9048010993076828e-05
-1.9082721001297376e+00	-1.6673199936950572e-03	-1.9048010992865185e-05
-1.9021361769781950e+00	-1.6756151180421426e-03	-1.9048010993272178e-05
-1.8960002538266525e+00	-1.6839102423880361e-03	-1.9048010992706726e-05
-1.8898643306751099e+00	-1.6922053667347873e-03	-1.9048010993370485e-05
-1.8837284075235674e+00	-1.7005004910810835e-03	-1.9048010992684090e-05
-1.8775924843720246e+00	-1.7087956154274208e-03	-1.9048010993312134e-05
-1.8714565612204823e+00	-1.7170907397740804e-03	-1.9048010992815058e-05
-1.8653206380689393e+00	-1.7253858641201633e-03	-1.9048010993129348e-05
-1.8591847149173970e+00	-1.7336809884669223e-03	-1.9048010993018458e-05
-1.8530487917658545e+00	-1.7419761128130793e-03	-1.9048010992941506e-05
-1.8469128686143119e+00	-1.7502712371595995e-03	-1.9048010993155562e-05
-1.8407769454627694e+00	-1.7585663615061222e-03	-1.9048010992883146e-05
-1.8346410223112268e+00	-1.7668614858522128e-03	-1.9048010993119570e-05
-1.8285050991596843e+00	-1.7751566101991544e-03	-1.9048010993013887e-05
-1.8223691760081417e+00	-1.7834517345449135e-03	-1.9048010992909248e-05
-1.8162332528565992e+00	-1.7917468588920344e-03	-1.9048010993274401e-05
-1.8100973297050564e+00	-1.8000419832378111e-03	-1.9048010992638557e-05
-1.8039614065535141e+00	-1.8083371075847000e-03	-1.9048010993510140e-05
-1.7978254834019713e+00	-1.8166322319309038e-03	-1.9048010992481005e-05
-1.7916895602504286e+00	-1.8249273562772296e-03	-1.9048010993556642e-05
-1.7855536370988863e+00	-1.8332224806240430e-03	-1.9048010992559867e-05
-1.7794177139473437e+00	-1.8415176049698149e-03	-1.9048010993361377e-05
-1.7732817907958012e+00	-1.8498127293170258e-03	-1.9048010992838297e-05
-1.7671458676442586e+00	-1.8581078536626327e-03	-1.9048010993051468e-05
-1.7610099444927161e+00	-1.8664029780097479e-03	-1.9048010993120491e-05
-1.7548740213411735e+00	-1.8746981023556866e-03	-1.9048010992850992e-05
-1.7487380981896310e+00	-1.8829932267023046e-03	-1.9048010993201847e-05
-1.7426021750380882e+00	-1.8912883510488027e-03	-1.9048010992902180e-05
-1.7364662518865459e+00	-1.8995834753949175e-03	-1.9048010993031129e-05
-1.7303303287350031e+00	-1.9078785997417567e-03	-1.9048010993155071e-05
-1.7241944055834606e+00	-1.9161737240877643e-03	-1.9048010992751463e-05
-1.7180584824319181e+00	-1.9244688484344489e-03	-1.9048010993397200e-05
-1.7119225592803755e+00	-1.9327639727808417e-03	-1.9048010992606027e-05
-1.7057866361288330e+00	-1.9410590971270024e-03	-1.9048010993407337e-05
-1.6996507129772904e+00	-1.9493542214739231e-03	-1.9048010992735227e-05
-1.6935147898257479e+00	-1.9576493458196924e-03	-1.9048010993173759e-05
-1.6873788666742053e+00	-1.9659444701667617e-03	-1.9048010993006494e-05
-1.6812429435226628e+00	-1.9742395945126679e-03	-1.9048010992944769e-05
-1.6751070203711202e+00	-1.9825347188593533e-03	-1.9048010993123463e-05
-1.6689710972195775e+00	-1.9908298432057803e-03	-1.9048010992980758e-05
-1.6628351740680349e+00	-1.9991249675519610e-03	-1.9048010992934120e-05
-1.6566992509164924e+00	-2.0074200918987158e-03	-1.9048010993282603e-05
-1.6505633277649499e+00	-2.0157152162448696e-03	-1.9048010992595602e-05
-1.6444274046134073e+00	-2.0240103405913001e-03	-1.9048010993562327e-05
-1.6382914814618650e+00	-2.0323054649380888e-03	-1.9048010992465498e-05
-1.6321555583103224e+00	-2.0406005892837130e-03	-1.9048010993486132e-05
-1.6260196351587797e+00	-2.0488957136312680e-03	-1.9048010992746130e-05
-1.6198837120072371e+00	-2.0571908379763840e-03	-1.9048010993068697e-05
-1.6137477888556946e+00	-2.0654859623240370e-03	-1.9048010993184727e-05
-1.6076118657041520e+00	-2.0737810866694943e-03	-1.9048010992737087e-05
-1.6014759425526093e+00	-2.0820762110164773e-03	-1.9048010993309803e-05
-1.5953400194010667e+00	-2.0903713353627130e-03	-1.9048010992856474e-05
-1.5892040962495240e+00	-2.0986664597090789e-03	-1.9048010992986314e-05
-1.5830681730979816e+00	-2.1069615840555349e-03	-1.9048010993271402e-05
-1.5769322499464391e+00	-2.1152567084021987e-03	-1.9048010992636968e-05
-1.5707963267948966e+00	-2.1235518327478837e-03	-1.9048010993402679e-05
-1.5646604036433540e+00	-2.1318469570955692e-03	-1.9048010992817291e-05
-1.5585244804918115e+00	-2.1401420814403239e-03	-1.9048010992918830e-05
-1.5523885573402689e+00	-2.1484372057885026e-03	-1.9048010993486565e-05
-1.5462526341887264e+00	-2.1567323301334264e-03	-1.9048010992257981e-05
-1.5401167110371838e+00	-2.1650274544807646e-03	-1.9048010993935052e-05
-1.5339807878856411e+00	-2.1733225788269752e-03	-1.9048010992160501e-05
-1.5278448647340985e+00	-2.1816177031729672e-03	-1.9048010993662382e-05
-1.5217089415825558e+00	-2.1899128275201674e-03	-1.9048010992688443e-05
-1.5155730184310134e+00	-2.1982079518658108e-03	-1.9048010993089795e-05
-1.5094370952794709e+00	-2.2065030762126814e-03	-1.9048010993077770e-05
-1.5033011721279284e+00	-2.2147982005590958e-03	-1.9048010993034436e-05
-1.4971652489763858e+00	-2.2230933249051824e-03	-1.9048010992795813e-05
-1.4910293258248433e+00	-2.2313884492519555e-03	-1.9048010993499389e-05
-1.4848934026733007e+00	-2.2396835735983547e-03	-1.9048010992397420e-05
-1.4787574795217582e+00	-2.2479786979442175e-03	-1.9048010993601437e-05
-1.4726215563702154e+00	-2.2562738222917525e-03	-1.9048010992687952e-05
-1.4664856332186729e+00	-2.2645689466367601e-03	-1.9048010993012935e-05
-1.4603497100671303e+00	-2.2728640709844716e-03	-1.9048010993326303e-05
-1.4542137869155878e+00	-2.2811591953300512e-03	-1.9048010992606823e-05
-1.4480778637640452e+00	-2.2894543196767575e-03	-1.9048010993332873e-05
-1.4419419406125029e+00	-2.2977494440232313e-03	-1.9048010992953243e-05
-1.4358060174609601e+00	-2.3060445683696453e-03	-1.9048010992883630e-05
-1.4296700943094176e+00	-2.3143396927156577e-03	-1.9048010993182094e-05
-1.4235341711578751e+00	-2.3226348170629768e-03	-1.9048010993083246e-05
-1.4173982480063327e+00	-2.3309299414082637e-03	-1.9048010992603273e-05
-1.4112623248547900e+00	-2.3392250657555519e-03	-1.9048010993736555e-05
-1.4051264017032472e+00	-2.3475201901017812e-03	-1.9048010992269918e-05
-1.3989904785517047e+00	-2.3558153144476366e-03	-1.9048010993514362e-05
-1.3928545554001621e+00	-2.3641104387949995e-03	-1.9048010992946927e-05
-1.3867186322486196e+00	-2.3724055631406944e-03	-1.9048010992792669e-05
-1.3805827090970770e+00	-2.3807006874871570e-03	-1.9048010993237565e-05
-1.3744467859455345e+00	-2.3889958118341833e-03	-1.9048010993148379e-05
-1.3683108627939919e+00	-2.3972909361798635e-03	-1.9048010992463641e-05
-1.3621749396424494e+00	-2.4055860605264601e-03	-1.9048010993785327e-05
-1.3560390164909069e+00	-2.4138811848736096e-03	-1.9048010992469970e-05
-1.3499030933393643e+00	-2.4221763092186657e-03	-1.9048010993067037e-05
-1.3437671701878215e+00	-2.4304714335663235e-03	-1.9048010993434568e-05
-1.3376312470362790e+00	-2.4387665579123029e-03	-1.9048010992541687e-05
-1.3314953238847365e+00	-2.4470616822582824e-03	-1.9048010993145872e-05
-1.3253594007331939e+00	-2.4553568066054072e-03	-1.9048010993379053e-05
-1.3192234775816516e+00	-2.4636519309516485e-03	-1.9048010992487565e-05
-1.3130875544301088e+00	-2.4719470552974142e-03	-1.9048010993269559e-05
-1.3069516312785661e+00	-2.4802421796448143e-03	-1.9048010993277497e-05
-1.3008157081270237e+00	-2.4885373039907955e-03	-1.9048010992537560e-05
-1.2946797849754810e+00	-2.4968324283366609e-03	-1.9048010993199279e-05
-1.2885438618239387e+00	-2.5051275526841608e-03	-1.9048010993477262e-05
-1.2824079386723961e+00	-2.5134226770299815e-03	-1.9048010992159556e-05
-1.2762720155208533e+00	-2.5217178013758482e-03	-1.9048010993709870e-05
-1.2701360923693108e+00	-2.5300129257236543e-03	-1.9048010992925589e-05
-1.2640001692177683e+00	-2.5383080500688353e-03	-1.9048010992681308e-05
-1.2578642460662257e+00	-2.5466031744156331e-03	-1.9048010993254824e-05
-1.2517283229146834e+00	-2.5548982987622570e-03	-1.9048010993281614e-05
-1.2455923997631406e+00	-2.5631934231088328e-03	-1.9048010992465609e-05
-1.2394564766115981e+00	-2.5714885474541027e-03	-1.9048010993304230e-05
-1.2333205534600555e+00	-2.5797836718022878e-03	-1.9048010993389858e-05
-1.2271846303085130e+00	-2.5880787961473275e-03	-1.9048010992211062e-05
-1.2210487071569704e+00	-2.5963739204940893e-03	-1.9048010993735315e-05
-1.2149127840054279e+00	-2.6046690448409040e-03	-1.9048010992726485e-05
-1.2087768608538849e+00	-2.6129641691869827e-03	-1.9048010993099448e-05
-1.2026409377023426e+00	-2.6212592935333048e-03	-1.9048010992749884e-05
-1.1965050145507998e+00	-2.6295544178798255e-03	-1.9048010993615575e-05
-1.1903690913992575e+00	-2.6378495422268232e-03	-1.9048010992438945e-05
-1.1842331682477150e+00	-2.6461446665718394e-03	-1.9048010993167925e-05
-1.1780972450961724e+00	-2.6544397909198832e-03	-1.9048010993409502e-05
-1.1719613219446299e+00	-2.6627349152651830e-03	-1.9048010992401879e-05
-1.1658253987930873e+00	-2.6710300396120094e-03	-1.9048010993539576e-05
-1.1596894756415448e+00	-2.6793251639583744e-03	-1.9048010992671357e-05
-1.1535535524900022e+00	-2.6876202883048656e-03	-1.9048010993384718e-05
-1.1474176293384595e+00	-2.6959154126512067e-03	-1.9048010992531966e-05
-1.1412817061869169e+00	-2.7042105369974329e-03	-1.9048010993543930e-05
-1.1351457830353744e+00	-2.7125056613444059e-03	-1.9048010992645167e-05
-1.1290098598838318e+00	-2.7208007856901299e-03	-1.9048010993241610e-05
-1.1228739367322893e+00	-2.7290959100371402e-03	-1.9048010992807702e-05
-1.1167380135807468e+00	-2.7373910343829887e-03	-1.9048010993334882e-05
-1.1106020904292042e+00	-2.7456861587302510e-03	-1.9048010992736162e-05
-1.1044661672776617e+00	-2.7539812830754463e-03	-1.9048010993047890e-05
-1.0983302441261191e+00	-2.7622764074231409e-03	-1.9048010993330908e-05
-1.0921943209745768e+00	-2.7705715317687036e-03	-1.9048010992579440e-05
-1.0860583978230340e+00	-2.7788666561153999e-03	-1.9048010993320794e-05
-1.0799224746714913e+00	-2.7871617804618074e-03	-1.9048010992949865e-05
-1.0737865515199487e+00	-2.7954569048083771e-03	-1.9048010993033118e-05
-1.0676506283684062e+00	-2.8037520291544181e-03	-1.9048010992883295e-05
-1.0615147052168636e+00	-2.8120471535011586e-03	-1.9048010993277873e-05
-1.0553787820653213e+00	-2.8203422778475674e-03	-1.9048010992843074e-05
-1.0492428589137786e+00	-2.8286374021937693e-03	-1.9048010992968096e-05
-1.0431069357622360e+00	-2.8369325265402449e-03	-1.9048010993256084e-05
-1.0369710126106935e+00	-2.8452276508870817e-03	-1.9048010992824219e-05
-1.0308350894591509e+00	-2.8535227752326088e-03	-1.9048010992977272e-05
-1.0246991663076084e+00	-2.8618178995800905e-03	-1.9048010993373456e-05
-1.0185632431560658e+00	-2.8701130239256289e-03	-1.9048010992422204e-05
-1.0124273200045231e+00	-2.8784081482724844e-03	-1.9048010993752402e-05
-1.0062913968529805e+00	-2.8867032726190281e-03	-1.9048010992275118e-05
-1.0001554737014380e+00	-2.8949983969647200e-03	-1.9048010993647600e-05
-9.9401955054989533e-01	-2.9032935213123873e-03	-1.9048010992642605e-05
-9.8788362739835278e-01	-2.9115886456572322e-03	-1.9048010993048006e-05
-9.8174770424681035e-01	-2.9198837700052144e-03	-1.9048010993329986e-05
-9.7561178109526792e-01	-2.9281788943503907e-03	-1.9048010992466938e-05
-9.6947585794372526e-01	-2.9364740186975263e-03	-1.9048010993646367e-05
-9.6333993479218272e-01	-2.9447691430437434e-03	-1.9048010992416149e-05
-9.5720401164064017e-01	-2.9530642673899297e-03	-1.9048010993512512e-05
-9.5106808848909752e-01	-2.9613593917368957e-03	-1.9048010992627769e-05
-9.4493216533755497e-01	-2.9696545160824840e-03	-1.9048010993204259e-05
-9.3879624218601254e-01	-2.9779496404298794e-03	-1.9048010993050272e-05
-9.3266031903446978e-01	-2.9862447647753575e-03	-1.9048010992656676e-05
-9.2652439588292723e-01	-2.9945398891223062e-03	-1.9048010993516577e-05
-9.2038847273138458e-01	-3.0028350134688026e-03	-1.9048010992457115e-05
-9.1425254957984214e-01	-3.0111301378144563e-03	-1.9048010993241343e-05
-9.0811662642829971e-01	-3.0194252621619242e-03	-1.9048010993033809e-05
-9.0198070327675706e-01	-3.0277203865073667e-03	-1.9048010992575825e-05
-8.9584478012521440e-01	-3.0360155108542001e-03	-1.9048010993328062e-05
-8.8970885697367186e-01	-3.0443106352006102e-03	-1.9048010992633400e-05
-8.8357293382212931e-01	-3.0526057595467080e-03	-1.9048010992889102e-05
-8.7743701067058666e-01	-3.0609008838931688e-03	-1.9048010992917014e-05
-8.7130108751904423e-01	-3.0691960082396791e-03	-1.9048010992670202e-05
-8.6516516436750157e-01	-3.0774911325854946e-03	-1.9048010992727786e-05
-8.5902924121595903e-01	-3.0857862569324615e-03	-1.9048010992716606e-05
-8.5289331806441637e-01	-3.0940813812778125e-03	-1.9048010992290060e-05
-8.4675739491287394e-01	-3.1023765056249746e-03	-1.9048010992955279e-05
-8.4062147176133140e-01	-3.1106716299703573e-03	-1.9048010991453703e-05
-8.3448554860978885e-01	-3.1189667543165120e-03	-1.9048010993043394e-05
-8.2834962545824620e-01	-3.1272618786632993e-03	-1.9048010991229815e-05
-8.2221370230670354e-01	-3.1355570030078459e-03	-1.9048010991755484e-05
-8.1607777915516100e-01	-3.1438521273546784e-03	-1.9048010991561724e-05
-8.0994185600361845e-01	-3.1521472517000732e-03	-1.9048010990681501e-05
-8.0380593285207591e-01	-3.1604423760449672e-03	-1.9048010990095103e-05
-7.9767000970053337e-01	-3.1687375003904938e-03	-1.9048010990446103e-05
-7.9153408654899082e-01	-3.1770326247359403e-03	-1.9048010988387024e-05
-7.8539816339744839e-01	-3.1853277490790479e-03	-1.9048010987941793e-05
-7.7926224024590574e-01	-3.1936228734242267e-03	-1.9048010987483260e-05
-7.7312631709436319e-01	-3.2019179977679142e-03	-1.9048010984732277e-05
-7.6699039394282054e-01	-3.2102131221091374e-03	-1.9048010983333564e-05
-7.6085447079127788e-01	-3.2185082464527637e-03	-1.9048010982356583e-05
-7.5471854763973545e-01	-3.2268033707932007e-03	-1.9048010977118724e-05
-7.4858262448819290e-01	-3.2350984951315148e-03	-1.9048010975801713e-05
-7.4244670133665036e-01	-3.2433936194712558e-03	-1.9048010970761545e-05
-7.3631077818510771e-01	-3.2516887438060328e-03	-1.9048010965194171e-05
-7.3017485503356516e-01	-3.2599838681394485e-03	-1.9048010958719803e-05
-7.2403893188202262e-01	-3.2682789924698215e-03	-1.9048010951588799e-05
-7.1790300873048007e-01	-3.2765741167972173e-03	-1.9048010940087098e-05
-7.1176708557893753e-01	-3.2848692411169256e-03	-1.9048010928384280e-05
-7.0563116242739499e-01	-3.2931643654346382e-03	-1.9048010913869080e-05
-6.9949523927585233e-01	-3.3014594897428692e-03	-1.9048010893351398e-05
-6.9335931612430979e-01	-3.3097546140413944e-03	-1.9048010870527092e-05
-6.8722339297276724e-01	-3.3180497383310950e-03	-1.9048010842603133e-05
-6.8108746982122470e-01	-3.3263448626061403e-03	-1.9048010804506203e-05
-6.7495154666968216e-01	-3.3346399868620993e-03	-1.9048010761666692e-05
-6.6881562351813950e-01	-3.3429351111011665e-03	-1.9048010706407770e-05
-6.6267970036659696e-01	-3.3512302353102164e-03	-1.9048010637569928e-05
-6.5654377721505441e-01	-3.3595253594896532e-03	-1.9048010554232169e-05
-6.5040785406351198e-01	-3.3678204836277972e-03	-1.9048010449292799e-05
-6.4427193091196933e-01	-3.3761156077175571e-03	-1.9048010321024632e-05
-6.3813600776042678e-01	-3.3844107317460024e-03	-1.9048010160791633e-05
-6.3200008460888413e-01	-3.3927058556984476e-03	-1.9048009963510619e-05
-6.2586416145734158e-01	-3.4010009795582908e-03	-1.9048009719856916e-05
-6.1972823830579904e-01	-3.4092961033028234e-03	-1.9048009416560147e-05
-6.1359231515425650e-01	-3.4175912269024458e-03	-1.9048009043014707e-05
-6.0745639200271395e-01	-3.4258863503279493e-03	-1.9048008580794947e-05
-6.0132046885117130e-01	-3.4341814735326256e-03	-1.9048008007038193e-05
-5.9518454569962886e-01	-3.4424765964666156e-03	-1.9048007299326882e-05
-5.8904862254808610e-01	-3.4507717190665373e-03	-1.9048006422797029e-05
-5.8291269939654355e-01	-3.4590668412510499e-03	-1.9048005337278496e-05
-5.7677677624500112e-01	-3.4673619629219739e-03	-1.9048003996017186e-05
-5.7064085309345847e-01	-3.4756570839599458e-03	-1.9048002334997153e-05
-5.6450492994191592e-01	-3.4839522042100480e-03	-1.9048000279988046e-05
-5.5836900679037338e-01	-3.4922473234904076e-03	-1.9047997738346399e-05
-5.5223308363883084e-01	-3.5005424415670253e-03	-1.9047994591702453e-05
-5.4609716048728829e-01	-3.5088375581559662e-03	-1.9047990700084028e-05
-5.3996123733574575e-01	-3.5171326729043694e-03	-1.9047985883854822e-05
-5.3382531418420309e-01	-3.5254277853744415e-03	-1.9047979924788841e-05
-5.2768939103266055e-01	-3.5337228950259800e-03	-1.9047972551842966e-05
-5.2155346788111800e-01	-3.5420180011905495e-03	-1.9047963429109090e-05
-5.1541754472957546e-01	-3.5503131030400763e-03	-1.9047952141162150e-05
-5.0928162157803292e-01	-3.5586081995501850e-03	-1.9047938174339169e-05
-5.0314569842649037e-01	-3.5669032894548466e-03	-1.9047920894180508e-05
-4.9700977527494766e-01	-3.5751983711864626e-03	-1.9047899511003056e-05
-4.9087385212340517e-01	-3.5834934428027095e-03	-1.9047873055062068e-05
-4.8473792897186263e-01	-3.5917885019085033e-03	-1.9047840320255128e-05
-4.7860200582032003e-01	-3.6000835455291275e-03	-1.9047799814807601e-05
-4.7246608266877754e-01	-3.6083785699926735e-03	-1.9047749698174586e-05
-4.6633015951723489e-01	-3.6166735707528984e-03	-1.9047687685199386e-05
-4.6019423636569234e-01	-3.6249685421815389e-03	-1.9047610952469177e-05
-4.5405831321414980e-01	-3.6332634773177351e-03	-1.9047516008080197e-05
-4.4792239006260720e-01	-3.6415583675483334e-03	-1.9047398525343225e-05
-4.4178646691106466e-01	-3.6498532022097019e-03	-1.9047253156767778e-05
-4.3565054375952217e-01	-3.6581479681158948e-03	-1.9047073284303653e-05
-4.2951462060797951e-01	-3.6664426489428589e-03	-1.9046850717634816e-05
-4.2337869745643697e-01	-3.6747372244984419e-03	-1.9046575329381765e-05
-4.1724277430489443e-01	-3.6830316697982236e-03	-1.9046234584185786e-05
-4.1110685115335188e-01	-3.6913259539291770e-03	-1.9045812975702418e-05
-4.0497092800180928e-01	-3.6996200386463455e-03	-1.9045291316741304e-05
-3.9883500485026663e-01	-3.7079138766293045e-03	-1.9044645862093278e-05
-3.9269908169872408e-01	-3.7162074093256554e-03	-1.9043847231497063e-05
-3.8656315854718160e-01	-3.7245005642877024e-03	-1.9042859067073230e-05
-3.8042723539563900e-01	-3.7327932518667665e-03	-1.9041636383681011e-05
-3.7429131224409640e-01	-3.7410853611381661e-03	-1.9040123521009726e-05
-3.6815538909255391e-01	-3.7493767548475387e-03	-1.9038251616265922e-05
-3.6201946594101131e-01	-3.7576672631765471e-03	-1.9035935466341403e-05
-3.5588354278946877e-01	-3.7659566760044928e-03	-1.9033069646022079e-05
-3.4974761963792622e-01	-3.7742447333519230e-03	-1.9029523708405696e-05
-3.4361169648638362e-01	-3.7825311135347784e-03	-1.9025136240246744e-05
-3.3747577333484102e-01	-3.7908154185186181e-03	-1.9019707525360848e-05
-3.3133985018329848e-01	-3.7990971558044292e-03	-1.9012990462408921e-05
-3.2520392703175588e-01	-3.8073757160229363e-03	-1.9004679317520841e-05
-3.1906800388021334e-01	-3.8156503451996951e-03	-1.8994395804273801e-05
-3.1293208072867085e-01	-3.8239201104342149e-03	-1.8981671860707731e-05
-3.0679615757712825e-01	-3.8321838574271270e-03	-1.8965928359486083e-05
-3.0066023442558570e-01	-3.8404401579502875e-03	-1.8946448772061421e-05
-2.9452431127404310e-01	-3.8486872448673984e-03	-1.8922346581918512e-05
-2.8838838812250062e-01	-3.8569229317254043e-03	-1.8892524932116355e-05
-2.8225246497095796e-01	-3.8651445132297621e-03	-1.8855626757874755e-05
-2.7611654181941536e-01	-3.8733486421742942e-03	-1.8809973116221259e-05
-2.6998061866787282e-01	-3.8815311771850710e-03	-1.8753486878047649e-05
-2.6384469551633033e-01	-3.8896869943404076e-03	-1.8683598336943824e-05
-2.5770877236478773e-01	-3.8978097541131095e-03	-1.8597128548265377e-05
-2.5157284921324513e-01	-3.9058916131582515e-03	-1.8490145077797341e-05
-2.4543692606170259e-01	-3.9139228677827747e-03	-1.8357783654163131e-05
-2.3930100291016002e-01	-3.9218915129961632e-03	-1.8194027787548059e-05
-2.3316507975861744e-01	-3.9297826972245573e-03	-1.7991436508506716e-05
-2.2702915660707490e-01	-3.9375780481060675e-03	-1.7740808080470325e-05
-2.2089323345553236e-01	-3.9452548389368562e-03	-1.7430764856788979e-05
-2.1475731030398976e-01	-3.9527849584158796e-03	-1.7047241096590932e-05
-2.0862138715244721e-01	-3.9601336375475584e-03	-1.6572851422217645e-05
-2.0248546400090464e-01	-3.9672578769335519e-03	-1.5986112795032855e-05
-1.9634954084936207e-01	-3.9741045047213984e-03	-1.5260487080579029e-05
-1.9021361769781950e-01	-3.9806077796425716e-03	-1.4363204304773440e-05
-1.8407769454627693e-01	-3.9866864342746108e-03	-1.3253818816438259e-05
-1.7794177139473438e-01	-3.9922400306019292e-03	-1.1882441349078926e-05
-1.7180584824319181e-01	-3.9971444719905094e-03	-1.0187579850178895e-05
-1.6566992509164927e-01	-4.0012464827505062e-03	-8.0935111299705682e-06
-1.5953400194010672e-01	-4.0043568275243560e-03	-5.5070946723884623e-06
-1.5339807878856412e-01	-4.0062419979246290e-03	-2.3139306700528354e-06
-1.4726215563702158e-01	-4.0066140430059386e-03	 1.6262410056079153e-06
-1.4112623248547898e-01	-4.0051181648269995e-03	 6.4850019106963891e-06
-1.3499030933393641e-01	-4.0013176427245089e-03	 1.2471660753415744e-05
-1.2885438618239387e-01	-3.9946755959852261e-03	 1.9840648121933963e-05
-1.2271846303085131e-01	-3.9845330530171611e-03	 2.8899865679428978e-05
-1.1658253987930872e-01	-3.9700827829914284e-03	 4.0019815340302656e-05
-1.1044661672776616e-01	-3.9503383888977710e-03	 5.3643100997136863e-05
-1.0431069357622361e-01	-3.9240983019570366e-03	 7.0293523710261124e-05
-9.8174770424681035e-02	-3.8899046218247081e-03	 9.0583420114738811e-05
-9.2038847273138463e-02	-3.8459973159763053e-03	 1.1521704587725927e-04
-8.5902924121595906e-02	-3.7902652743274008e-03	 1.4498659419774613e-04
-7.9767000970053348e-02	-3.7201973285765546e-03	 1.8075578724426609e-04
-7.3631077818510776e-02	-3.6328388880381588e-03	 2.2342387049598556e-04
-6.7495154666968205e-02	-3.5247636998605113e-03	 2.7386042531540330e-04
-6.1359231515425654e-02	-3.3920758375471276e-03	 3.3279920281177871e-04
-5.5223308363883082e-02	-3.2304646715271322e-03	 4.0067836149271962e-04
-4.9087385212340517e-02	-3.0353450689171954e-03	 4.7741738258911479e-04
-4.2951462060797953e-02	-2.8021247806462161e-03	 5.6213140817994948e-04
-3.6815538909255388e-02	-2.5266462206126948e-03	 6.5280704149022319e-04
-3.0679615757712820e-02	-2.2058406100994368e-03	 7.4600427527199095e-04
-2.4543692606170259e-02	-1.8385921212421027e-03	 8.3670475954815990e-04
-1.8407769454627694e-02	-1.4267197718542495e-03	 9.1847639097988312e-04
-1.2271846303085129e-02	-9.7584458735277754e-04	 9.8411897974687778e-04
-6.1359231515425638e-03	-4.9577112500693785e-04	 1.0268306317489592e-03
 0.0000000000000000e+00	 3.9334084524021674e-12	 1.0416724894390186e-03
 6.1359231515425638e-03	 4.9577113274650952e-04	 1.0268306312854120e-03
 1.2271846303085129e-02	 9.7584459473010058e-04	 9.8411897887564154e-04
 1.8407769454627694e-02	 1.4267197786822275e-03	 9.1847638979750503e-04
 2.4543692606170259e-02	 1.8385921273996009e-03	 8.3670475816879182e-04
 3.0679615757712820e-02	 2.2058406155290554e-03	 7.4600427380561878e-04
 3.6815538909255388e-02	 2.5266462253120377e-03	 6.5280704002819998e-04
 4.2951462060797953e-02	 2.8021247846502532e-03	 5.6213140678893262e-04
 4.9087385212340517e-02	 3.0353450722855244e-03	 4.7741738131147269e-04
 5.5223308363883082e-02	 3.2304646743296630e-03	 4.0067836035044774e-04
 6.1359231515425654e-02	 3.3920758398577489e-03	 3.3279920181168200e-04
 6.7495154666968205e-02	 3.5247637017493641e-03	 2.7386042445397312e-04
 7.3631077818510776e-02	 3.6328388895708061e-03	 2.2342386976348963e-04
 7.9767000970053348e-02	 3.7201973298102635e-03	 1.8075578662769151e-04
 8.5902924121595906e-02	 3.7902652753130511e-03	 1.4498659368293777e-04
 9.2038847273138463e-02	 3.8459973167563524e-03	 1.1521704545015385e-04
 9.8174770424681035e-02	 3.8899046224360749e-03	 9.0583419762233378e-05
 1.0431069357622361e-01	 3.9240983024295632e-03	 7.0293523420491695e-05
 1.1044661672776616e-01	 3.9503383892573029e-03	 5.3643100759751638e-05
 1.1658253987930872e-01	 3.9700827832582549e-03	 4.0019815146312325e-05
 1.2271846303085131e-01	 3.9845330532090268e-03	 2.8899865521273751e-05
 1.2885438618239387e-01	 3.9946755961156148e-03	 1.9840647993175380e-05
 1.3499030933393641e-01	 4.0013176428054988e-03	 1.2471660648776717e-05
 1.4112623248547898e-01	 4.0051181648673795e-03	 6.4850018257072631e-06
 1.4726215563702158e-01	 4.0066140430139226e-03	 1.6262409366899677e-06
 1.5339807878856412e-01	 4.0062419979058368e-03	-2.3139307259512285e-06
 1.5953400194010672e-01	 4.0043568274844045e-03	-5.5070947176439699e-06
 1.6566992509164927e-01	 4.0012464826929012e-03	-8.0935111666522075e-06
 1.7180584824319181e-01	 3.9971444719191420e-03	-1.0187579879836559e-05
 1.7794177139473438e-01	 3.9922400305189010e-03	-1.1882441373116560e-05
 1.8407769454627693e-01	 3.9866864341826774e-03	-1.3253818835846414e-05
 1.9021361769781950e-01	 3.9806077795429091e-03	-1.4363204320513396e-05
 1.9634954084936207e-01	 3.9741045046160122e-03	-1.5260487093265678e-05
 2.0248546400090464e-01	 3.9672578768230118e-03	-1.5986112805336394e-05
 2.0862138715244721e-01	 3.9601336374333763e-03	-1.6572851430502091e-05
 2.1475731030398976e-01	 3.9527849582982289e-03	-1.7047241103336949e-05
 2.2089323345553236e-01	 3.9452548388169252e-03	-1.7430764862192900e-05
 2.2702915660707490e-01	 3.9375780479837703e-03	-1.7740808084890225e-05
 2.3316507975861744e-01	 3.9297826971008724e-03	-1.7991436512026392e-05
 2.3930100291016002e-01	 3.9218915128708294e-03	-1.8194027790448002e-05
 2.4543692606170259e-01	 3.9139228676566334e-03	-1.8357783656450520e-05
 2.5157284921324513e-01	 3.9058916130309354e-03	-1.8490145079704527e-05
 2.5770877236478773e-01	 3.8978097539853636e-03	-1.8597128549746807e-05
 2.6384469551633033e-01	 3.8896869942117948e-03	-1.8683598338202922e-05
 2.6998061866787282e-01	 3.8815311770562773e-03	-1.8753486879001842e-05
 2.7611654181941536e-01	 3.8733486420448357e-03	-1.8809973117057582e-05
 2.8225246497095796e-01	 3.8651445131002850e-03	-1.8855626758483988e-05
 2.8838838812250062e-01	 3.8569229315953933e-03	-1.8892524932677040e-05
 2.9452431127404310e-01	 3.8486872447374729e-03	-1.8922346582301808e-05
 3.0066023442558570e-01	 3.8404401578199148e-03	-1.8946448772442721e-05
 3.0679615757712825e-01	 3.8321838572969104e-03	-1.8965928359721097e-05
 3.1293208072867085e-01	 3.8239201103036080e-03	-1.8981671860972561e-05
 3.1906800388021334e-01	 3.8156503450692859e-03	-1.8994395804411339e-05
 3.2520392703175588e-01	 3.8073757158921758e-03	-1.9004679317710031e-05
 3.3133985018329848e-01	 3.7990971556738961e-03	-1.9012990462482288e-05
 3.3747577333484102e-01	 3.7908154183877579e-03	-1.9019707525501191e-05
 3.4361169648638362e-01	 3.7825311134041628e-03	-1.9025136240277654e-05
 3.4974761963792622e-01	 3.7742447332209969e-03	-1.9029523708514909e-05
 3.5588354278946877e-01	 3.7659566758738235e-03	-1.9033069646024627e-05
 3.6201946594101131e-01	 3.7576672630455785e-03	-1.9035935466430840e-05
 3.6815538909255391e-01	 3.7493767547168333e-03	-1.9038251616249320e-05
 3.7429131224409640e-01	 3.7410853610071694e-03	-1.9040123521086901e-05
 3.8042723539563900e-01	 3.7327932517360390e-03	-1.9041636383651247e-05
 3.8656315854718160e-01	 3.7245005641566879e-03	-1.9042859067142911e-05
 3.9269908169872408e-01	 3.7162074091949119e-03	-1.9043847231457964e-05
 3.9883500485026663e-01	 3.7079138764982791e-03	-1.9044645862158547e-05
 4.0497092800180928e-01	 3.6996200385155911e-03	-1.9045291316695601e-05
 4.1110685115335188e-01	 3.6913259537981443e-03	-1.9045812975765278e-05
 4.1724277430489443e-01	 3.6830316696674632e-03	-1.9046234584135280e-05
 4.2337869745643697e-01	 3.6747372243674044e-03	-1.9046575329443764e-05
 4.2951462060797951e-01	 3.6664426488120941e-03	-1.9046850717580514e-05
 4.3565054375952217e-01	 3.6581479679848551e-03	-1.9047073284365595e-05
 4.4178646691106466e-01	 3.6498532020789341e-03	-1.9047253156710505e-05
 4.4792239006260720e-01	 3.6415583674172919e-03	-1.9047398525405780e-05
 4.5405831321414980e-01	 3.6332634771869643e-03	-1.9047516008020407e-05
 4.6019423636569234e-01	 3.6249685420504966e-03	-1.9047610952532752e-05
 4.6633015951723489e-01	 3.6166735706221272e-03	-1.9047687685137387e-05
 4.7246608266877754e-01	 3.6083785698616312e-03	-1.9047749698239316e-05
 4.7860200582032003e-01	 3.6000835453983537e-03	-1.9047799814743599e-05
 4.8473792897186263e-01	 3.5917885017774623e-03	-1.9047840320321261e-05
 4.9087385212340517e-01	 3.5834934426719344e-03	-1.9047873054996074e-05
 4.9700977527494766e-01	 3.5751983710554202e-03	-1.9047899511070646e-05
 5.0314569842649037e-01	 3.5669032893240692e-03	-1.9047920894112749e-05
 5.0928162157803292e-01	 3.5586081994191440e-03	-1.9047938174408128e-05
 5.1541754472957546e-01	 3.5503131029092985e-03	-1.9047952141092802e-05
 5.2155346788111800e-01	 3.5420180010595085e-03	-1.9047963429179583e-05
 5.2768939103266055e-01	 3.5337228948952022e-03	-1.9047972551771866e-05
 5.3382531418420309e-01	 3.5254277852434009e-03	-1.9047979924860883e-05
 5.3996123733574575e-01	 3.5171326727735895e-03	-1.9047985883782021e-05
 5.4609716048728829e-01	 3.5088375580249274e-03	-1.9047990700157648e-05
 5.5223308363883084e-01	 3.5005424414362449e-03	-1.9047994591628121e-05
 5.5836900679037338e-01	 3.4922473233593696e-03	-1.9047997738421480e-05
 5.6450492994191592e-01	 3.4839522040792667e-03	-1.9048000279912183e-05
 5.7064085309345847e-01	 3.4756570838289083e-03	-1.9048002335073857e-05
 5.7677677624500112e-01	 3.4673619627911922e-03	-1.9048003995939631e-05
 5.8291269939654355e-01	 3.4590668411200141e-03	-1.9048005337356731e-05
 5.8904862254808610e-01	 3.4507717189357547e-03	-1.9048006422717784e-05
 5.9518454569962886e-01	 3.4424765963355797e-03	-1.9048007299406825e-05
 6.0132046885117130e-01	 3.4341814734018413e-03	-1.9048008006957339e-05
 6.0745639200271395e-01	 3.4258863501969153e-03	-1.9048008580876330e-05
 6.1359231515425650e-01	 3.4175912267716611e-03	-1.9048009042932318e-05
 6.1972823830579904e-01	 3.4092961031717897e-03	-1.9048009416643071e-05
 6.2586416145734158e-01	 3.4010009794275052e-03	-1.9048009719773124e-05
 6.3200008460888413e-01	 3.3927058555674153e-03	-1.9048009963595007e-05
 6.3813600776042678e-01	 3.3844107316152155e-03	-1.9048010160706374e-05
 6.4427193091196933e-01	 3.3761156075865265e-03	-1.9048010321110562e-05
 6.5040785406351198e-01	 3.3678204834970095e-03	-1.9048010449206168e-05
 6.5654377721505441e-01	 3.3595253593586222e-03	-1.9048010554319542e-05
 6.6267970036659696e-01	 3.3512302351794286e-03	-1.9048010637481741e-05
 6.6881562351813950e-01	 3.3429351109701367e-03	-1.9048010706496787e-05
 6.7495154666968216e-01	 3.3346399867313103e-03	-1.9048010761576984e-05
 6.8108746982122470e-01	 3.3263448624751123e-03	-1.9048010804596599e-05
 6.8722339297276724e-01	 3.3180497382003047e-03	-1.9048010842511999e-05
 6.9335931612430979e-01	 3.3097546139103664e-03	-1.9048010870618907e-05
 6.9949523927585233e-01	 3.3014594896120780e-03	-1.9048010893258712e-05
 7.0563116242739499e-01	 3.2931643653036115e-03	-1.9048010913962454e-05
 7.1176708557893753e-01	 3.2848692409861318e-03	-1.9048010928290036e-05
 7.1790300873048007e-01	 3.2765741166661927e-03	-1.9048010940181871e-05
 7.2403893188202262e-01	 3.2682789923390281e-03	-1.9048010951493179e-05
 7.3017485503356516e-01	 3.2599838680084248e-03	-1.9048010958815945e-05
 7.3631077818510771e-01	 3.2516887436752377e-03	-1.9048010965097169e-05
 7.4244670133665036e-01	 3.2433936193402330e-03	-1.9048010970859127e-05
 7.4858262448819290e-01	 3.2350984950007193e-03	-1.9048010975703478e-05
 7.5471854763973545e-01	 3.2268033706621796e-03	-1.9048010977217854e-05
 7.6085447079127788e-01	 3.2185082463219664e-03	-1.9048010982257162e-05
 7.6699039394282054e-01	 3.2102131219781164e-03	-1.9048010983434419e-05
 7.7312631709436319e-01	 3.2019179976371156e-03	-1.9048010984631598e-05
 7.7926224024590574e-01	 3.1936228732932065e-03	-1.9048010987585341e-05
 7.8539816339744839e-01	 3.1853277489482480e-03	-1.9048010987839603e-05
 7.9153408654899082e-01	 3.1770326246049218e-03	-1.9048010988490186e-05
 7.9767000970053337e-01	 3.1687375002596922e-03	-1.9048010990342443e-05
 8.0380593285207591e-01	 3.1604423759139500e-03	-1.9048010990199712e-05
 8.0994185600361845e-01	 3.1521472515692707e-03	-1.9048010990576492e-05
 8.1607777915516100e-01	 3.1438521272236617e-03	-1.9048010991667874e-05
 8.2221370230670354e-01	 3.1355570028770417e-03	-1.9048010991649368e-05
 8.2834962545824620e-01	 3.1272618785322830e-03	-1.9048010991337290e-05
 8.3448554860978885e-01	 3.1189667541857064e-03	-1.9048010992935974e-05
 8.4062147176133140e-01	 3.1106716298393428e-03	-1.9048010991562381e-05
 8.4675739491287394e-01	 3.1023765054941674e-03	-1.9048010992846412e-05
 8.5289331806441637e-01	 3.0940813811467988e-03	-1.9048010992399910e-05
 8.5902924121595903e-01	 3.0857862568016534e-03	-1.9048010992606566e-05
 8.6516516436750157e-01	 3.0774911324544818e-03	-1.9048010992838778e-05
 8.7130108751904423e-01	 3.0691960081088692e-03	-1.9048010992558830e-05
 8.7743701067058666e-01	 3.0609008837621569e-03	-1.9048010993029340e-05
 8.8357293382212931e-01	 3.0526057594158955e-03	-1.9048010992776332e-05
 8.8970885697367186e-01	 3.0443106350695991e-03	-1.9048010992746923e-05
 8.9584478012521440e-01	 3.0360155107233867e-03	-1.9048010993214041e-05
 9.0198070327675706e-01	 3.0277203863763582e-03	-1.9048010992690537e-05
 9.0811662642829971e-01	 3.0194252620311091e-03	-1.9048010992918528e-05
 9.1425254957984214e-01	 3.0111301376834492e-03	-1.9048010993357379e-05
 9.2038847273138458e-01	 3.0028350133379875e-03	-1.9048010992340648e-05
 9.2652439588292723e-01	 2.9945398889912995e-03	-1.9048010993633797e-05
 9.3266031903446978e-01	 2.9862447646445411e-03	-1.9048010992539088e-05
 9.3879624218601254e-01	 2.9779496402988757e-03	-1.9048010993168711e-05
 9.4493216533755497e-01	 2.9696545159516646e-03	-1.9048010993085516e-05
 9.5106808848909752e-01	 2.9613593916058925e-03	-1.9048010992747424e-05
 9.5720401164064017e-01	 2.9530642672591090e-03	-1.9048010993392626e-05
 9.6333993479218272e-01	 2.9447691429127414e-03	-1.9048010992536865e-05
 9.6947585794372526e-01	 2.9364740185667047e-03	-1.9048010993525390e-05
 9.7561178109526792e-01	 2.9281788942193904e-03	-1.9048010992588734e-05
 9.8174770424681035e-01	 2.9198837698743911e-03	-1.9048010993207746e-05
 9.8788362739835278e-01	 2.9115886455262311e-03	-1.9048010993171079e-05
 9.9401955054989533e-01	 2.9032935211815622e-03	-1.9048010992519281e-05
 1.0001554737014380e+00	 2.8949983968337223e-03	-1.9048010993771697e-05
 1.0062913968529805e+00	 2.8867032724882013e-03	-1.9048010992150764e-05
 1.0124273200045231e+00	 2.8784081481414876e-03	-1.9048010993877617e-05
 1.0185632431560658e+00	 2.8701130237948004e-03	-1.9048010992296599e-05
 1.0246991663076084e+00	 2.8618178994490946e-03	-1.9048010993499725e-05
 1.0308350894591509e+00	 2.8535227751017786e-03	-1.9048010992850606e-05
 1.0369710126106935e+00	 2.8452276507560884e-03	-1.9048010992951430e-05
 1.0431069357622360e+00	 2.8369325264094134e-03	-1.9048010993128419e-05
 1.0492428589137786e+00	 2.8286374020627760e-03	-1.9048010993096344e-05
 1.0553787820653213e+00	 2.8203422777167359e-03	-1.9048010992714308e-05
 1.0615147052168636e+00	 2.8120471533701675e-03	-1.9048010993407137e-05
 1.0676506283684062e+00	 2.8037520290235840e-03	-1.9048010992753604e-05
 1.0737865515199487e+00	 2.7954569046773881e-03	-1.9048010993163294e-05
 1.0799224746714913e+00	 2.7871617803309720e-03	-1.9048010992819185e-05
 1.0860583978230340e+00	 2.7788666559844123e-03	-1.9048010993452061e-05
 1.0921943209745768e+00	 2.7705715316378656e-03	-1.9048010992447771e-05
 1.0983302441261191e+00	 2.7622764072921541e-03	-1.9048010993463143e-05
 1.1044661672776617e+00	 2.7539812829446069e-03	-1.9048010992915306e-05
 1.1106020904292042e+00	 2.7456861585992655e-03	-1.9048010992869343e-05
 1.1167380135807468e+00	 2.7373910342521485e-03	-1.9048010993201210e-05
 1.1228739367322893e+00	 2.7290959099061560e-03	-1.9048010992941896e-05
 1.1290098598838318e+00	 2.7208007855592867e-03	-1.9048010993107034e-05
 1.1351457830353744e+00	 2.7125056612134248e-03	-1.9048010992780225e-05
 1.1412817061869169e+00	 2.7042105368665884e-03	-1.9048010993408455e-05
 1.1474176293384595e+00	 2.6959154125202269e-03	-1.9048010992667932e-05
 1.1535535524900022e+00	 2.6876202881740202e-03	-1.9048010993248292e-05
 1.1596894756415448e+00	 2.6793251638273959e-03	-1.9048010992808207e-05
 1.1658253987930873e+00	 2.6710300394811614e-03	-1.9048010993402309e-05
 1.1719613219446299e+00	 2.6627349151342058e-03	-1.9048010992539457e-05
 1.1780972450961724e+00	 2.6544397907890347e-03	-1.9048010993271612e-05
 1.1842331682477150e+00	 2.6461446664408639e-03	-1.9048010993306412e-05
 1.1903690913992575e+00	 2.6378495420959734e-03	-1.9048010992300208e-05
 1.1965050145507998e+00	 2.6295544177488512e-03	-1.9048010993755048e-05
 1.2026409377023426e+00	 2.6212592934024529e-03	-1.9048010992610279e-05
 1.2087768608538849e+00	 2.6129641690560102e-03	-1.9048010993239733e-05
 1.2149127840054279e+00	 2.6046690447100503e-03	-1.9048010992586129e-05
 1.2210487071569704e+00	 2.5963739203631190e-03	-1.9048010993876434e-05
 1.2271846303085130e+00	 2.5880787960164721e-03	-1.9048010992069865e-05
 1.2333205534600555e+00	 2.5797836716713197e-03	-1.9048010993531661e-05
 1.2394564766115981e+00	 2.5714885473232456e-03	-1.9048010993162270e-05
 1.2455923997631406e+00	 2.5631934229778655e-03	-1.9048010992608026e-05
 1.2517283229146834e+00	 2.5548982986313986e-03	-1.9048010993138858e-05
 1.2578642460662257e+00	 2.5466031742846667e-03	-1.9048010993398003e-05
 1.2640001692177683e+00	 2.5383080499379756e-03	-1.9048010992537712e-05
 1.2701360923693108e+00	 2.5300129255926914e-03	-1.9048010993069432e-05
 1.2762720155208533e+00	 2.5217178012449854e-03	-1.9048010993565709e-05
 1.2824079386723961e+00	 2.5134226768990186e-03	-1.9048010992303982e-05
 1.2885438618239387e+00	 2.5051275525532959e-03	-1.9048010993332439e-05
 1.2946797849754810e+00	 2.4968324282056992e-03	-1.9048010993344457e-05
 1.3008157081270237e+00	 2.4885373038599288e-03	-1.9048010992391975e-05
 1.3069516312785661e+00	 2.4802421795138553e-03	-1.9048010993423326e-05
 1.3130875544301088e+00	 2.4719470551665471e-03	-1.9048010993123480e-05
 1.3192234775816516e+00	 2.4636519308206912e-03	-1.9048010992633837e-05
 1.3253594007331939e+00	 2.4553568064745370e-03	-1.9048010993232323e-05
 1.3314953238847365e+00	 2.4470616821273277e-03	-1.9048010993292913e-05
 1.3376312470362790e+00	 2.4387665577814310e-03	-1.9048010992394221e-05
 1.3437671701878215e+00	 2.4304714334353701e-03	-1.9048010993582219e-05
 1.3499030933393643e+00	 2.4221763090877934e-03	-1.9048010992919148e-05
 1.3560390164909069e+00	 2.4138811847426575e-03	-1.9048010992618123e-05
 1.3621749396424494e+00	 2.4055860603955852e-03	-1.9048010993636866e-05
 1.3683108627939919e+00	 2.3972909360489144e-03	-1.9048010992612332e-05
 1.3744467859455345e+00	 2.3889958117033062e-03	-1.9048010992999349e-05
 1.3805827090970770e+00	 2.3807006873562088e-03	-1.9048010993386653e-05
 1.3867186322486196e+00	 2.3724055630098152e-03	-1.9048010992643269e-05
 1.3928545554001621e+00	 2.3641104386640526e-03	-1.9048010993096466e-05
 1.3989904785517047e+00	 2.3558153143167560e-03	-1.9048010993364389e-05
 1.4051264017032472e+00	 2.3475201899708364e-03	-1.9048010992420056e-05
 1.4112623248547900e+00	 2.3392250656246697e-03	-1.9048010993586058e-05
 1.4173982480063327e+00	 2.3309299412773207e-03	-1.9048010992753804e-05
 1.4235341711578751e+00	 2.3226348169320937e-03	-1.9048010992932301e-05
 1.4296700943094176e+00	 2.3143396925847169e-03	-1.9048010993333202e-05
 1.4358060174609601e+00	 2.3060445682387587e-03	-1.9048010992732293e-05
 1.4419419406125029e+00	 2.2977494438922927e-03	-1.9048010993104791e-05
 1.4480778637640452e+00	 2.2894543195458700e-03	-1.9048010993181227e-05
 1.4542137869155878e+00	 2.2811591951991147e-03	-1.9048010992758734e-05
 1.4603497100671303e+00	 2.2728640708535820e-03	-1.9048010993174349e-05
 1.4664856332186729e+00	 2.2645689465058262e-03	-1.9048010993165184e-05
 1.4726215563702154e+00	 2.2562738221608607e-03	-1.9048010992535639e-05
 1.4787574795217582e+00	 2.2479786978132827e-03	-1.9048010993753970e-05
 1.4848934026733007e+00	 2.2396835734674598e-03	-1.9048010992244866e-05
 1.4910293258248433e+00	 2.2313884491210246e-03	-1.9048010993652245e-05
 1.4971652489763858e+00	 2.2230933247742862e-03	-1.9048010992642941e-05
 1.5033011721279284e+00	 2.2147982004281658e-03	-1.9048010993187630e-05
 1.5094370952794709e+00	 2.2065030760817840e-03	-1.9048010992924539e-05
 1.5155730184310134e+00	 2.1982079517348825e-03	-1.9048010993243209e-05
 1.5217089415825558e+00	 2.1899128273892678e-03	-1.9048010992534975e-05
 1.5278448647340985e+00	 2.1816177030420411e-03	-1.9048010993815902e-05
 1.5339807878856411e+00	 2.1733225786960729e-03	-1.9048010992006721e-05
 1.5401167110371838e+00	 2.1650274543498407e-03	-1.9048010994088914e-05
 1.5462526341887264e+00	 2.1567323300025229e-03	-1.9048010992103926e-05
 1.5523885573402689e+00	 2.1484372056575808e-03	-1.9048010993640512e-05
 1.5585244804918115e+00	 2.1401420813094191e-03	-1.9048010992764690e-05
 1.5646604036433540e+00	 2.1318469569646492e-03	-1.9048010992971352e-05
 1.5707963267948966e+00	 2.1235518326169771e-03	-1.9048010993248312e-05
 1.5769322499464391e+00	 2.1152567082712813e-03	-1.9048010992791226e-05
 1.5830681730979816e+00	 2.1069615839246262e-03	-1.9048010993116940e-05
 1.5892040962495240e+00	 2.0986664595781623e-03	-1.9048010993140820e-05
 1.5953400194010667e+00	 2.0903713352318038e-03	-1.9048010992702067e-05
 1.6014759425526093e+00	 2.0820762108855629e-03	-1.9048010993464254e-05
 1.6076118657041520e+00	 2.0737810865385830e-03	-1.9048010992582480e-05
 1.6137477888556946e+00	 2.0654859621931252e-03	-1.9048010993339429e-05
 1.6198837120072371e+00	 2.0571908378454705e-03	-1.9048010992913981e-05
 1.6260196351587797e+00	 2.0488957135003580e-03	-1.9048010992900761e-05
 1.6321555583103224e+00	 2.0406005891527969e-03	-1.9048010993331457e-05
 1.6382914814618650e+00	 2.0323054648071805e-03	-1.9048010992620206e-05
 1.6444274046134073e+00	 2.0240103404603827e-03	-1.9048010993407571e-05
 1.6505633277649499e+00	 2.0157152161139626e-03	-1.9048010992750250e-05
 1.6566992509164924e+00	 2.0074200917677967e-03	-1.9048010993127827e-05
 1.6628351740680349e+00	 1.9991249674210579e-03	-1.9048010993088802e-05
 1.6689710972195775e+00	 1.9908298430748586e-03	-1.9048010992825985e-05
 1.6751070203711202e+00	 1.9825347187284494e-03	-1.9048010993278141e-05
 1.6812429435226628e+00	 1.9742395943817439e-03	-1.9048010992790047e-05
 1.6873788666742053e+00	 1.9659444700358608e-03	-1.9048010993161095e-05
 1.6935147898257479e+00	 1.9576493456887668e-03	-1.9048010993019284e-05
 1.6996507129772904e+00	 1.9493542213430244e-03	-1.9048010992889621e-05
 1.7057866361288330e+00	 1.9410590969960759e-03	-1.9048010993252960e-05
 1.7119225592803755e+00	 1.9327639726499440e-03	-1.9048010992760475e-05
 1.7180584824319181e+00	 1.9244688483035196e-03	-1.9048010993242874e-05
 1.7241944055834606e+00	 1.9161737239568695e-03	-1.9048010992905690e-05
 1.7303303287350031e+00	 1.9078785996108250e-03	-1.9048010993000863e-05
 1.7364662518865459e+00	 1.8995834752640233e-03	-1.9048010993185164e-05
 1.7426021750380882e+00	 1.8912883509178695e-03	-1.9048010992747959e-05
 1.7487380981896310e+00	 1.8829932265714137e-03	-1.9048010993355641e-05
 1.7548740213411735e+00	 1.8746981022247527e-03	-1.9048010992697073e-05
 1.7610099444927161e+00	 1.8664029778788589e-03	-1.9048010993274146e-05
 1.7671458676442586e+00	 1.8581078535316962e-03	-1.9048010992897901e-05
 1.7732817907958012e+00	 1.8498127291861387e-03	-1.9048010992991861e-05
 1.7794177139473437e+00	 1.8415176048388764e-03	-1.9048010993207990e-05
 1.7855536370988863e+00	 1.8332224804931583e-03	-1.9048010992713319e-05
 1.7916895602504286e+00	 1.8249273561462885e-03	-1.9048010993403631e-05
 1.7978254834019713e+00	 1.8166322318000207e-03	-1.9048010992633986e-05
 1.8039614065535141e+00	 1.8083371074537574e-03	-1.9048010993357376e-05
 1.8100973297050564e+00	 1.8000419831069301e-03	-1.9048010992791216e-05
 1.8162332528565992e+00	 1.7917468587610903e-03	-1.9048010993121918e-05
 1.8223691760081417e+00	 1.7834517344140341e-03	-1.9048010993061585e-05
 1.8285050991596843e+00	 1.7751566100682081e-03	-1.9048010992861668e-05
 1.8346410223112268e+00	 1.7668614857213351e-03	-1.9048010993271548e-05
 1.8407769454627694e+00	 1.7585663613751746e-03	-1.9048010992731310e-05
 1.8469128686143119e+00	 1.7502712370287244e-03	-1.9048010993307038e-05
 1.8530487917658545e+00	 1.7419761126821294e-03	-1.9048010992790054e-05
 1.8591847149173970e+00	 1.7336809883360489e-03	-1.9048010993169660e-05
 1.8653206380689393e+00	 1.7253858639892114e-03	-1.9048010992978308e-05
 1.8714565612204823e+00	 1.7170907396432073e-03	-1.9048010992965847e-05
 1.8775924843720246e+00	 1.7087956152964663e-03	-1.9048010993161627e-05
 1.8837284075235674e+00	 1.7005004909502134e-03	-1.9048010992834448e-05
 1.8898643306751099e+00	 1.6922053666038315e-03	-1.9048010993220458e-05
 1.8960002538266525e+00	 1.6839102422571673e-03	-1.9048010992856549e-05
 1.9021361769781950e+00	 1.6756151179111848e-03	-1.9048010993122558e-05
 1.9082721001297376e+00	 1.6673199935641906e-03	-1.9048010993014578e-05
 1.9144080232812801e+00	 1.6590248692184284e-03	-1.9048010992927659e-05
 1.9205439464328224e+00	 1.6507297448713459e-03	-1.9048010993220522e-05
 1.9266798695843652e+00	 1.6424346205255365e-03	-1.9048010992735948e-05
 1.9328157927359080e+00	 1.6341394961786201e-03	-1.9048010993377251e-05
 1.9389517158874505e+00	 1.6258443718325550e-03	-1.9048010992628653e-05
 1.9450876390389933e+00	 1.6175492474859458e-03	-1.9048010993427890e-05
 1.9512235621905356e+00	 1.6092541231395646e-03	-1.9048010992633410e-05
 1.9573594853420782e+00	 1.6009589987932406e-03	-1.9048010993375638e-05
 1.9634954084936207e+00	 1.5926638744466375e-03	-1.9048010992718825e-05
 1.9696313316451632e+00	 1.5843687501004501e-03	-1.9048010993275251e-05
 1.9757672547967058e+00	 1.5760736257538041e-03	-1.9048010992815248e-05
 1.9819031779482483e+00	 1.5677785014075734e-03	-1.9048010993200438e-05
 1.9880391010997909e+00	 1.5594833770610386e-03	-1.9048010992855234e-05
 1.9941750242513334e+00	 1.5511882527146563e-03	-1.9048010993202664e-05
 2.0003109474028760e+00	 1.5428931283682776e-03	-1.9048010992810376e-05
 2.0064468705544187e+00	 1.5345980040217695e-03	-1.9048010993284118e-05
 2.0125827937059610e+00	 1.5263028796754596e-03	-1.9048010992703544e-05
 2.0187187168575038e+00	 1.5180077553289591e-03	-1.9048010993401428e-05
 2.0248546400090461e+00	 1.5097126309825556e-03	-1.9048010992591739e-05
 2.0309905631605889e+00	 1.5014175066362296e-03	-1.9048010993492864e-05
 2.0371264863121317e+00	 1.4931223822895843e-03	-1.9048010992532843e-05
 2.0432624094636740e+00	 1.4848272579435469e-03	-1.9048010993511156e-05
 2.0493983326152168e+00	 1.4765321335965930e-03	-1.9048010992558587e-05
 2.0555342557667591e+00	 1.4682370092508579e-03	-1.9048010993442594e-05
 2.0616701789183018e+00	 1.4599418849036349e-03	-1.9048010992664645e-05
 2.0678061020698442e+00	 1.4516467605581098e-03	-1.9048010993308109e-05
 2.0739420252213869e+00	 1.4433516362107528e-03	-1.9048010992815986e-05
 2.0800779483729293e+00	 1.4350565118652764e-03	-1.9048010993153190e-05
 2.0862138715244720e+00	 1.4267613875179575e-03	-1.9048010992961029e-05
 2.0923497946760143e+00	 1.4184662631723630e-03	-1.9048010993030425e-05
 2.0984857178275571e+00	 1.4101711388252289e-03	-1.9048010993051099e-05
 2.1046216409790999e+00	 1.4018760144794030e-03	-1.9048010992980128e-05
 2.1107575641306422e+00	 1.3935808901325241e-03	-1.9048010993057997e-05
 2.1168934872821850e+00	 1.3852857657864455e-03	-1.9048010993015913e-05
 2.1230294104337273e+00	 1.3769906414397900e-03	-1.9048010992984312e-05
 2.1291653335852700e+00	 1.3686955170935406e-03	-1.9048010993119055e-05
 2.1353012567368124e+00	 1.3604003927469854e-03	-1.9048010992862959e-05
 2.1414371798883551e+00	 1.3521052684007159e-03	-1.9048010993246218e-05
 2.1475731030398975e+00	 1.3438101440540957e-03	-1.9048010992743291e-05
 2.1537090261914402e+00	 1.3355150197079716e-03	-1.9048010993346859e-05
 2.1598449493429825e+00	 1.3272198953611406e-03	-1.9048010992671862e-05
 2.1659808724945253e+00	 1.3189247710152765e-03	-1.9048010993382685e-05
 2.1721167956460681e+00	 1.3106296466681550e-03	-1.9048010992675911e-05
 2.1782527187976104e+00	 1.3023345223225876e-03	-1.9048010993338562e-05
 2.1843886419491532e+00	 1.2940393979751878e-03	-1.9048010992757073e-05
 2.1905245651006955e+00	 1.2857442736298613e-03	-1.9048010993225760e-05
 2.1966604882522383e+00	 1.2774491492822710e-03	-1.9048010992893910e-05
 2.2027964114037806e+00	 1.2691540249370715e-03	-1.9048010993073745e-05
 2.2089323345553233e+00	 1.2608589005894259e-03	-1.9048010993051614e-05
 2.2150682577068657e+00	 1.2525637762442103e-03	-1.9048010992919914e-05
 2.2212041808584084e+00	 1.2442686518966493e-03	-1.9048010993192801e-05
 2.2273401040099512e+00	 1.2359735275512852e-03	-1.9048010992798930e-05
 2.2334760271614935e+00	 1.2276784032039241e-03	-1.9048010993287479e-05
 2.2396119503130363e+00	 1.2193832788583252e-03	-1.9048010992734397e-05
 2.2457478734645786e+00	 1.2110881545112182e-03	-1.9048010993319835e-05
 2.2518837966161214e+00	 1.2027930301653624e-03	-1.9048010992733834e-05
 2.2580197197676637e+00	 1.1944979058185012e-03	-1.9048010993290758e-05
 2.2641556429192065e+00	 1.1862027814724257e-03	-1.9048010992788176e-05
 2.2702915660707488e+00	 1.1779076571257442e-03	-1.9048010993216914e-05
 2.2764274892222915e+00	 1.1696125327795362e-03	-1.9048010992874340e-05
 2.2825634123738339e+00	 1.1613174084329338e-03	-1.9048010993125570e-05
 2.2886993355253766e+00	 1.1530222840867022e-03	-1.9048010992963214e-05
 2.2948352586769194e+00	 1.1447271597400724e-03	-1.9048010993045841e-05
 2.3009711818284617e+00	 1.1364320353939136e-03	-1.9048010993027833e-05
 2.3071071049800045e+00	 1.1281369110471751e-03	-1.9048010993000690e-05
 2.3132430281315468e+00	 1.1198417867011499e-03	-1.9048010993050828e-05
 2.3193789512830896e+00	 1.1115466623542662e-03	-1.9048010993000629e-05
 2.3255148744346319e+00	 1.1032515380083833e-03	-1.9048010993028859e-05
 2.3316507975861747e+00	 1.0949564136613708e-03	-1.9048010993041920e-05
 2.3377867207377170e+00	 1.0866612893155932e-03	-1.9048010992971563e-05
 2.3439226438892597e+00	 1.0783661649685057e-03	-1.9048010993110432e-05
 2.3500585670408021e+00	 1.0700710406227687e-03	-1.9048010992896925e-05
 2.3561944901923448e+00	 1.0617759162756797e-03	-1.9048010993186262e-05
 2.3623304133438876e+00	 1.0534807919299061e-03	-1.9048010992825222e-05
 2.3684663364954299e+00	 1.0451856675828882e-03	-1.9048010993249694e-05
 2.3746022596469727e+00	 1.0368905432370135e-03	-1.9048010992773953e-05
 2.3807381827985150e+00	 1.0285954188901214e-03	-1.9048010993286090e-05
 2.3868741059500578e+00	 1.0203002945441027e-03	-1.9048010992753787e-05
 2.3930100291016001e+00	 1.0120051701973613e-03	-1.9048010993288824e-05
 2.3991459522531429e+00	 1.0037100458511945e-03	-1.9048010992768176e-05
 2.4052818754046852e+00	 9.9541492150459444e-04	-1.9048010993258466e-05
 2.4114177985562280e+00	 9.8711979715829993e-04	-1.9048010992812696e-05
 2.4175537217077703e+00	 9.7882467281180485e-04	-1.9048010993202382e-05
 2.4236896448593130e+00	 9.7052954846543207e-04	-1.9048010992877311e-05
 2.4298255680108558e+00	 9.6223442411898545e-04	-1.9048010993132580e-05
 2.4359614911623981e+00	 9.5393929977259759e-04	-1.9048010992948635e-05
 2.4420974143139409e+00	 9.4564417542613243e-04	-1.9048010993063438e-05
 2.4482333374654832e+00	 9.3734905107979662e-04	-1.9048010993011729e-05
 2.4543692606170260e+00	 9.2905392673324830e-04	-1.9048010993009642e-05
 2.4605051837685683e+00	 9.2075880238702090e-04	-1.9048010993053101e-05
 2.4666411069201111e+00	 9.1246367804034465e-04	-1.9048010992982835e-05
 2.4727770300716534e+00	 9.0416855369426026e-04	-1.9048010993063645e-05
 2.4789129532231962e+00	 8.9587342934743320e-04	-1.9048010992989493e-05
 2.4850488763747385e+00	 8.8757830500149930e-04	-1.9048010993039647e-05
 2.4911847995262812e+00	 8.7928318065452760e-04	-1.9048010993030052e-05
 2.4973207226778240e+00	 8.7098805630872499e-04	-1.9048010992984160e-05
 2.5034566458293663e+00	 8.6269293196164390e-04	-1.9048010993098207e-05
 2.5095925689809091e+00	 8.5439780761592478e-04	-1.9048010992906355e-05
 2.5157284921324514e+00	 8.4610268326878926e-04	-1.9048010993182379e-05
 2.5218644152839942e+00	 8.3780755892309128e-04	-1.9048010992819320e-05
 2.5280003384355365e+00	 8.2951243457596844e-04	-1.9048010993268885e-05
 2.5341362615870793e+00	 8.2121731023022547e-04	-1.9048010992737141e-05
 2.5402721847386216e+00	 8.1292218588317777e-04	-1.9048010993344138e-05
 2.5464081078901644e+00	 8.0462706153733266e-04	-1.9048010992671859e-05
 2.5525440310417071e+00	 7.9633193719040813e-04	-1.9048010993397810e-05
 2.5586799541932495e+00	 7.8803681284442446e-04	-1.9048010992631184e-05
 2.5648158773447922e+00	 7.7974168849764998e-04	-1.9048010993424637e-05
 2.5709518004963345e+00	 7.7144656415150986e-04	-1.9048010992618526e-05
 2.5770877236478773e+00	 7.6315143980489183e-04	-1.9048010993423892e-05
 2.5832236467994196e+00	 7.5485631545860188e-04	-1.9048010992631713e-05
 2.5893595699509624e+00	 7.4656119111212176e-04	-1.9048010993400121e-05
 2.5954954931025047e+00	 7.3826606676570842e-04	-1.9048010992664584e-05
 2.6016314162540475e+00	 7.2997094241933499e-04	-1.9048010993360534e-05
 2.6077673394055898e+00	 7.2167581807283383e-04	-1.9048010992708874e-05
 2.6139032625571326e+00	 7.1338069372652729e-04	-1.9048010993313571e-05
 2.6200391857086753e+00	 7.0508556937997973e-04	-1.9048010992756230e-05
 2.6261751088602177e+00	 6.9679044503370008e-04	-1.9048010993267946e-05
 2.6323110320117604e+00	 6.8849532068714536e-04	-1.9048010992798317e-05
 2.6384469551633027e+00	 6.8020019634085552e-04	-1.9048010993230758e-05
 2.6445828783148455e+00	 6.7190507199432531e-04	-1.9048010992829224e-05
 2.6507188014663878e+00	 6.6360994764799979e-04	-1.9048010993206926e-05
 2.6568547246179306e+00	 6.5531482330151219e-04	-1.9048010992844948e-05
 2.6629906477694729e+00	 6.4701969895513995e-04	-1.9048010993199391e-05
 2.6691265709210157e+00	 6.3872457460870081e-04	-1.9048010992843962e-05
 2.6752624940725580e+00	 6.3042945026228140e-04	-1.9048010993208508e-05
 2.6813984172241008e+00	 6.2213432591588487e-04	-1.9048010992827093e-05
 2.6875343403756435e+00	 6.1383920156943088e-04	-1.9048010993232096e-05
 2.6936702635271859e+00	 6.0554407722305831e-04	-1.9048010992797636e-05
 2.6998061866787286e+00	 5.9724895287659521e-04	-1.9048010993265930e-05
 2.7059421098302709e+00	 5.8895382853021592e-04	-1.9048010992760821e-05
 2.7120780329818137e+00	 5.8065870418377602e-04	-1.9048010993303843e-05
 2.7182139561333560e+00	 5.7236357983735445e-04	-1.9048010992723324e-05
 2.7243498792848988e+00	 5.6406845549097494e-04	-1.9048010993339016e-05
 2.7304858024364411e+00	 5.5577333114447563e-04	-1.9048010992692109e-05
 2.7366217255879839e+00	 5.4747820679819023e-04	-1.9048010993364579e-05
 2.7427576487395262e+00	 5.3918308245158304e-04	-1.9048010992673783e-05
 2.7488935718910690e+00	 5.3088795810541810e-04	-1.9048010993374306e-05
 2.7550294950426117e+00	 5.2259283375868102e-04	-1.9048010992673468e-05
 2.7611654181941541e+00	 5.1429770941265193e-04	-1.9048010993364135e-05
 2.7673013413456968e+00	 5.0600258506577661e-04	-1.9048010992694163e-05
 2.7734372644972392e+00	 4.9770746071988576e-04	-1.9048010993332744e-05
 2.7795731876487819e+00	 4.8941233637287578e-04	-1.9048010992735969e-05
 2.7857091108003242e+00	 4.8111721202710901e-04	-1.9048010993281265e-05
 2.7918450339518670e+00	 4.7282208767998921e-04	-1.9048010992796193e-05
 2.7979809571034093e+00	 4.6452696333431780e-04	-1.9048010993213733e-05
 2.8041168802549521e+00	 4.5623183898711890e-04	-1.9048010992869661e-05
 2.8102528034064944e+00	 4.4793671464150712e-04	-1.9048010993136080e-05
 2.8163887265580372e+00	 4.3964159029427001e-04	-1.9048010992949872e-05
 2.8225246497095799e+00	 4.3134646594867470e-04	-1.9048010993055337e-05
 2.8286605728611223e+00	 4.2305134160144242e-04	-1.9048010993029608e-05
 2.8347964960126650e+00	 4.1475621725582066e-04	-1.9048010992978718e-05
 2.8409324191642074e+00	 4.0646109290863526e-04	-1.9048010993101850e-05
 2.8470683423157501e+00	 3.9816596856294916e-04	-1.9048010992912338e-05
 2.8532042654672924e+00	 3.8987084421584280e-04	-1.9048010993161403e-05
 2.8593401886188352e+00	 3.8157571987006297e-04	-1.9048010992860784e-05
 2.8654761117703775e+00	 3.7328059552306221e-04	-1.9048010993204561e-05
 2.8716120349219203e+00	 3.6498547117717048e-04	-1.9048010992826710e-05
 2.8777479580734626e+00	 3.5669034683028606e-04	-1.9048010993229491e-05
 2.8838838812250054e+00	 3.4839522248427410e-04	-1.9048010992810863e-05
 2.8900198043765482e+00	 3.4010009813750916e-04	-1.9048010993236640e-05
 2.8961557275280905e+00	 3.3180497379138260e-04	-1.9048010992811917e-05
 2.9022916506796332e+00	 3.2350984944472673e-04	-1.9048010993228139e-05
 2.9084275738311756e+00	 3.1521472509849890e-04	-1.9048010992827187e-05
 2.9145634969827183e+00	 3.0691960075193388e-04	-1.9048010993207041e-05
 2.9206994201342606e+00	 2.9862447640562528e-04	-1.9048010992853205e-05
 2.9268353432858034e+00	 2.9032935205912846e-04	-1.9048010993177222e-05
 2.9329712664373457e+00	 2.8203422771276641e-04	-1.9048010992885812e-05
 2.9391071895888885e+00	 2.7373910336631117e-04	-1.9048010993142667e-05
 2.9452431127404308e+00	 2.6544397901992044e-04	-1.9048010992921069e-05
 2.9513790358919736e+00	 2.5714885467347887e-04	-1.9048010993107786e-05
 2.9575149590435164e+00	 2.4885373032708749e-04	-1.9048010992954629e-05
 2.9636508821950587e+00	 2.4055860598063347e-04	-1.9048010993076174e-05
 2.9697868053466014e+00	 2.3226348163426841e-04	-1.9048010992982953e-05
 2.9759227284981438e+00	 2.2396835728777679e-04	-1.9048010993051394e-05
 2.9820586516496865e+00	 2.1567323294145851e-04	-1.9048010993003042e-05
 2.9881945748012289e+00	 2.0737810859491242e-04	-1.9048010993036272e-05
 2.9943304979527716e+00	 1.9908298424865616e-04	-1.9048010993012142e-05
 3.0004664211043139e+00	 1.9078785990204089e-04	-1.9048010993033416e-05
 3.0066023442558567e+00	 1.8249273555585876e-04	-1.9048010993008266e-05
 3.0127382674073995e+00	 1.7419761120916814e-04	-1.9048010993044055e-05
 3.0188741905589418e+00	 1.6590248686306072e-04	-1.9048010992990672e-05
 3.0250101137104846e+00	 1.5760736251629599e-04	-1.9048010993068626e-05
 3.0311460368620269e+00	 1.4931223817025955e-04	-1.9048010992959125e-05
 3.0372819600135696e+00	 1.4101711382342969e-04	-1.9048010993106688e-05
 3.0434178831651120e+00	 1.3272198947745056e-04	-1.9048010992914842e-05
 3.0495538063166547e+00	 1.2442686513057446e-04	-1.9048010993156504e-05
 3.0556897294681971e+00	 1.1613174078463053e-04	-1.9048010992860168e-05
 3.0618256526197398e+00	 1.0783661643773158e-04	-1.9048010993215162e-05
 3.0679615757712821e+00	 9.9541492091794967e-05	-1.9048010992798605e-05
 3.0740974989228249e+00	 9.1246367744904285e-05	-1.9048010993278751e-05
 3.0802334220743677e+00	 8.2951243398942710e-05	-1.9048010992734597e-05
 3.0863693452259100e+00	 7.4656119052094312e-05	-1.9048010993342366e-05
 3.0925052683774528e+00	 6.6360994706073919e-05	-1.9048010992672885e-05
 3.0986411915289951e+00	 5.8065870359301714e-05	-1.9048010993401086e-05
 3.1047771146805379e+00	 4.9770746013187971e-05	-1.9048010992618462e-05
 3.1109130378320802e+00	 4.1475621666523454e-05	-1.9048010993449994e-05
 3.1170489609836229e+00	 3.3180497320288091e-05	-1.9048010992575944e-05
 3.1231848841351653e+00	 2.4885372973758259e-05	-1.9048010993484861e-05
 3.1293208072867080e+00	 1.6590248627378697e-05	-1.9048010992549286e-05
 3.1354567304382504e+00	 8.2951242810008156e-06	-1.9048010993502737e-05
