%# 1. u 2. x_tilde 3. y 
%# N = 1024	L =  0.0000000000000000e+00
%# H/L =  1.5404574864148597e-04	c =  1.2000000000000000e-01	h = 1.349000e-02	y0 = 0.000000e+00

-3.1415926535897931e+00	-6.2884220744055023e-14	-1.8336694163632719e-05
-3.1354567304382504e+00	-7.9691923120081738e-06	-1.8336694163653264e-05
-3.1293208072867080e+00	-1.5938384561167262e-05	-1.8336694163634294e-05
-3.1231848841351653e+00	-2.3907576810249073e-05	-1.8336694163649832e-05
-3.1170489609836229e+00	-3.1876769059449713e-05	-1.8336694163639441e-05
-3.1109130378320802e+00	-3.9845961308490867e-05	-1.8336694163642802e-05
-3.1047771146805379e+00	-4.7815153557730864e-05	-1.8336694163647650e-05
-3.0986411915289951e+00	-5.5784345806733420e-05	-1.8336694163633034e-05
-3.0925052683774528e+00	-6.3753538056010714e-05	-1.8336694163659363e-05
-3.0863693452259100e+00	-7.1722730304977708e-05	-1.8336694163620193e-05
-3.0802334220743677e+00	-7.9691922554288828e-05	-1.8336694163673745e-05
-3.0740974989228249e+00	-8.7661114803224598e-05	-1.8336694163604790e-05
-3.0679615757712821e+00	-9.5630307052564558e-05	-1.8336694163690432e-05
-3.0618256526197398e+00	-1.0359949930147387e-04	-1.8336694163586931e-05
-3.0556897294681971e+00	-1.1156869155083812e-04	-1.8336694163709436e-05
-3.0495538063166547e+00	-1.1953788379972597e-04	-1.8336694163567378e-05
-3.0434178831651120e+00	-1.2750707604910864e-04	-1.8336694163729955e-05
-3.0372819600135696e+00	-1.3547626829798088e-04	-1.8336694163546132e-05
-3.0311460368620269e+00	-1.4344546054737613e-04	-1.8336694163751872e-05
-3.0250101137104846e+00	-1.5141465279623861e-04	-1.8336694163523716e-05
-3.0188741905589418e+00	-1.5938384504564124e-04	-1.8336694163774651e-05
-3.0127382674073995e+00	-1.6735303729450003e-04	-1.8336694163500588e-05
-3.0066023442558567e+00	-1.7532222954390287e-04	-1.8336694163798029e-05
-3.0004664211043139e+00	-1.8329142179276383e-04	-1.8336694163477041e-05
-2.9943304979527716e+00	-1.9126061404216126e-04	-1.8336694163821637e-05
-2.9881945748012289e+00	-1.9922980629103132e-04	-1.8336694163453456e-05
-2.9820586516496865e+00	-2.0719899854041595e-04	-1.8336694163845144e-05
-2.9759227284981438e+00	-2.1516819078930228e-04	-1.8336694163430159e-05
-2.9697868053466014e+00	-2.2313738303866805e-04	-1.8336694163868194e-05
-2.9636508821950587e+00	-2.3110657528757541e-04	-1.8336694163407499e-05
-2.9575149590435164e+00	-2.3907576753691710e-04	-1.8336694163890234e-05
-2.9513790358919736e+00	-2.4704495978585222e-04	-1.8336694163385697e-05
-2.9452431127404308e+00	-2.5501415203516226e-04	-1.8336694163911230e-05
-2.9391071895888885e+00	-2.6298334428413278e-04	-1.8336694163365490e-05
-2.9329712664373457e+00	-2.7095253653340465e-04	-1.8336694163930464e-05
-2.9268353432858034e+00	-2.7892172878241615e-04	-1.8336694163347258e-05
-2.9206994201342606e+00	-2.8689092103164373e-04	-1.8336694163947659e-05
-2.9145634969827183e+00	-2.9486011328070223e-04	-1.8336694163331110e-05
-2.9084275738311756e+00	-3.0282930552987989e-04	-1.8336694163962164e-05
-2.9022916506796332e+00	-3.1079849777899114e-04	-1.8336694163318056e-05
-2.8961557275280905e+00	-3.1876769002811323e-04	-1.8336694163973433e-05
-2.8900198043765482e+00	-3.2673688227728270e-04	-1.8336694163308325e-05
-2.8838838812250054e+00	-3.3470607452634391e-04	-1.8336694163981171e-05
-2.8777479580734626e+00	-3.4267526677557675e-04	-1.8336694163302708e-05
-2.8716120349219203e+00	-3.5064445902457269e-04	-1.8336694163984474e-05
-2.8654761117703775e+00	-3.5861365127387134e-04	-1.8336694163301573e-05
-2.8593401886188352e+00	-3.6658284352280007e-04	-1.8336694163983217e-05
-2.8532042654672924e+00	-3.7455203577216811e-04	-1.8336694163305367e-05
-2.8470683423157501e+00	-3.8252122802102722e-04	-1.8336694163976743e-05
-2.8409324191642074e+00	-3.9049042027046368e-04	-1.8336694163314607e-05
-2.8347964960126650e+00	-3.9845961251925492e-04	-1.8336694163964874e-05
-2.8286605728611223e+00	-4.0642880476875892e-04	-1.8336694163329145e-05
-2.8225246497095799e+00	-4.1439799701748419e-04	-1.8336694163947625e-05
-2.8163887265580372e+00	-4.2236718926705205e-04	-1.8336694163349213e-05
-2.8102528034064944e+00	-4.3033638151571607e-04	-1.8336694163924877e-05
-2.8041168802549521e+00	-4.3830557376534242e-04	-1.8336694163374418e-05
-2.7979809571034093e+00	-4.4627476601395092e-04	-1.8336694163897294e-05
-2.7918450339518670e+00	-4.5424395826362877e-04	-1.8336694163404104e-05
-2.7857091108003242e+00	-4.6221315051219055e-04	-1.8336694163865310e-05
-2.7795731876487819e+00	-4.7018234276190889e-04	-1.8336694163437749e-05
-2.7734372644972392e+00	-4.7815153501043549e-04	-1.8336694163830162e-05
-2.7673013413456968e+00	-4.8612072726018376e-04	-1.8336694163474279e-05
-2.7611654181941541e+00	-4.9408991950868693e-04	-1.8336694163792672e-05
-2.7550294950426117e+00	-5.0205911175845255e-04	-1.8336694163512494e-05
-2.7488935718910690e+00	-5.1002830400694499e-04	-1.8336694163754180e-05
-2.7427576487395262e+00	-5.1799749625671462e-04	-1.8336694163551004e-05
-2.7366217255879839e+00	-5.2596668850520922e-04	-1.8336694163715975e-05
-2.7304858024364411e+00	-5.3393588075497072e-04	-1.8336694163588605e-05
-2.7243498792848988e+00	-5.4190507300348040e-04	-1.8336694163679465e-05
-2.7182139561333560e+00	-5.4987426525321967e-04	-1.8336694163623794e-05
-2.7120780329818137e+00	-5.5784345750175776e-04	-1.8336694163645817e-05
-2.7059421098302709e+00	-5.6581264975146331e-04	-1.8336694163655439e-05
-2.6998061866787286e+00	-5.7378184200003956e-04	-1.8336694163616269e-05
-2.6936702635271859e+00	-5.8175103424970207e-04	-1.8336694163682650e-05
-2.6875343403756435e+00	-5.8972022649832624e-04	-1.8336694163591570e-05
-2.6813984172241008e+00	-5.9768941874793703e-04	-1.8336694163704581e-05
-2.6752624940725580e+00	-6.0565861099661530e-04	-1.8336694163572488e-05
-2.6691265709210157e+00	-6.1362780324617069e-04	-1.8336694163720705e-05
-2.6629906477694729e+00	-6.2159699549490632e-04	-1.8336694163559237e-05
-2.6568547246179306e+00	-6.2956618774440154e-04	-1.8336694163731035e-05
-2.6507188014663878e+00	-6.3753537999319799e-04	-1.8336694163551773e-05
-2.6445828783148455e+00	-6.4550457224263325e-04	-1.8336694163735559e-05
-2.6384469551633027e+00	-6.5347376449148933e-04	-1.8336694163550136e-05
-2.6323110320117604e+00	-6.6144295674086659e-04	-1.8336694163734566e-05
-2.6261751088602177e+00	-6.6941214898977850e-04	-1.8336694163553697e-05
-2.6200391857086753e+00	-6.7738134123909992e-04	-1.8336694163728687e-05
-2.6139032625571326e+00	-6.8535053348806572e-04	-1.8336694163562032e-05
-2.6077673394055898e+00	-6.9331972573733771e-04	-1.8336694163718164e-05
-2.6016314162540475e+00	-7.0128891798635067e-04	-1.8336694163574497e-05
-2.5954954931025047e+00	-7.0925811023557776e-04	-1.8336694163704049e-05
-2.5893595699509624e+00	-7.1722730248463204e-04	-1.8336694163590418e-05
-2.5832236467994196e+00	-7.2519649473382227e-04	-1.8336694163686556e-05
-2.5770877236478773e+00	-7.3316568698290928e-04	-1.8336694163609459e-05
-2.5709518004963345e+00	-7.4113487923207013e-04	-1.8336694163666475e-05
-2.5648158773447922e+00	-7.4910407148118274e-04	-1.8336694163630591e-05
-2.5586799541932495e+00	-7.5707326373032234e-04	-1.8336694163644455e-05
-2.5525440310417071e+00	-7.6504245597945153e-04	-1.8336694163653529e-05
-2.5464081078901644e+00	-7.7301164822857953e-04	-1.8336694163620809e-05
-2.5402721847386216e+00	-7.8098084047771587e-04	-1.8336694163677618e-05
-2.5341362615870793e+00	-7.8895003272684268e-04	-1.8336694163596537e-05
-2.5280003384355365e+00	-7.9691922497597436e-04	-1.8336694163701860e-05
-2.5218644152839942e+00	-8.0488841722511017e-04	-1.8336694163572434e-05
-2.5157284921324514e+00	-8.1285760947422787e-04	-1.8336694163725614e-05
-2.5095925689809091e+00	-8.2082680172338308e-04	-1.8336694163549486e-05
-2.5034566458293663e+00	-8.2879599397247552e-04	-1.8336694163747475e-05
-2.4973207226778240e+00	-8.3676518622166163e-04	-1.8336694163529065e-05
-2.4911847995262812e+00	-8.4473437847071677e-04	-1.8336694163766241e-05
-2.4850488763747385e+00	-8.5270357071994636e-04	-1.8336694163512484e-05
-2.4789129532231962e+00	-8.6067276296895379e-04	-1.8336694163780275e-05
-2.4727770300716534e+00	-8.6864195521823542e-04	-1.8336694163501384e-05
-2.4666411069201111e+00	-8.7661114746718648e-04	-1.8336694163788227e-05
-2.4605051837685683e+00	-8.8458033971652785e-04	-1.8336694163497098e-05
-2.4543692606170260e+00	-8.9254953196541624e-04	-1.8336694163788596e-05
-2.4482333374654832e+00	-9.0051872421482233e-04	-1.8336694163501005e-05
-2.4420974143139409e+00	-9.0848791646364535e-04	-1.8336694163780411e-05
-2.4359614911623981e+00	-9.1645710871311715e-04	-1.8336694163513697e-05
-2.4298255680108558e+00	-9.2442630096187543e-04	-1.8336694163763331e-05
-2.4236896448593130e+00	-9.3239549321140827e-04	-1.8336694163535283e-05
-2.4175537217077703e+00	-9.4036468546011050e-04	-1.8336694163737605e-05
-2.4114177985562280e+00	-9.4833387770969463e-04	-1.8336694163565037e-05
-2.4052818754046852e+00	-9.5630306995835186e-04	-1.8336694163704415e-05
-2.3991459522531429e+00	-9.6427226220797274e-04	-1.8336694163601385e-05
-2.3930100291016001e+00	-9.7224145445660320e-04	-1.8336694163665641e-05
-2.3868741059500578e+00	-9.8021064670624175e-04	-1.8336694163642012e-05
-2.3807381827985150e+00	-9.8817983895486397e-04	-1.8336694163623991e-05
-2.3746022596469727e+00	-9.9614903120449818e-04	-1.8336694163683856e-05
-2.3684663364954299e+00	-1.0041182234531371e-03	-1.8336694163582618e-05
-2.3623304133438876e+00	-1.0120874157027449e-03	-1.8336694163723893e-05
-2.3561944901923448e+00	-1.0200566079514202e-03	-1.8336694163544719e-05
-2.3500585670408021e+00	-1.0280258002009816e-03	-1.8336694163758723e-05
-2.3439226438892597e+00	-1.0359949924497128e-03	-1.8336694163513544e-05
-2.3377867207377170e+00	-1.0439641846992091e-03	-1.8336694163785676e-05
-2.3316507975861747e+00	-1.0519333769480126e-03	-1.8336694163491261e-05
-2.3255148744346319e+00	-1.0599025691974302e-03	-1.8336694163802508e-05
-2.3193789512830896e+00	-1.0678717614463174e-03	-1.8336694163479761e-05
-2.3132430281315468e+00	-1.0758409536956491e-03	-1.8336694163808214e-05
-2.3071071049800045e+00	-1.0838101459446224e-03	-1.8336694163479731e-05
-2.3009711818284617e+00	-1.0917793381938681e-03	-1.8336694163802369e-05
-2.2948352586769194e+00	-1.0997485304429257e-03	-1.8336694163490925e-05
-2.2886993355253766e+00	-1.1077177226920909e-03	-1.8336694163785706e-05
-2.2825634123738339e+00	-1.1156869149412233e-03	-1.8336694163512193e-05
-2.2764274892222915e+00	-1.1236561071903196e-03	-1.8336694163759797e-05
-2.2702915660707488e+00	-1.1316252994395155e-03	-1.8336694163541944e-05
-2.2641556429192065e+00	-1.1395944916885558e-03	-1.8336694163726444e-05
-2.2580197197676637e+00	-1.1475636839377967e-03	-1.8336694163577933e-05
-2.2518837966161214e+00	-1.1555328761868018e-03	-1.8336694163688128e-05
-2.2457478734645786e+00	-1.1635020684360687e-03	-1.8336694163617865e-05
-2.2396119503130363e+00	-1.1714712606850585e-03	-1.8336694163647020e-05
-2.2334760271614935e+00	-1.1794404529343299e-03	-1.8336694163659363e-05
-2.2273401040099512e+00	-1.1874096451833262e-03	-1.8336694163605790e-05
-2.2212041808584084e+00	-1.1953788374325796e-03	-1.8336694163699797e-05
-2.2150682577068657e+00	-1.2033480296816045e-03	-1.8336694163566816e-05
-2.2089323345553233e+00	-1.2113172219308187e-03	-1.8336694163736517e-05
-2.2027964114037806e+00	-1.2192864141798933e-03	-1.8336694163532735e-05
-2.1966604882522383e+00	-1.2272556064290485e-03	-1.8336694163766848e-05
-2.1905245651006955e+00	-1.2352247986781920e-03	-1.8336694163506589e-05
-2.1843886419491532e+00	-1.2431939909272674e-03	-1.8336694163787926e-05
-2.1782527187976104e+00	-1.2511631831764979e-03	-1.8336694163491288e-05
-2.1721167956460681e+00	-1.2591323754254813e-03	-1.8336694163796897e-05
-2.1659808724945253e+00	-1.2671015676748098e-03	-1.8336694163489384e-05
-2.1598449493429825e+00	-1.2750707599236911e-03	-1.8336694163791320e-05
-2.1537090261914402e+00	-1.2830399521731222e-03	-1.8336694163502814e-05
-2.1475731030398975e+00	-1.2910091444219033e-03	-1.8336694163769850e-05
-2.1414371798883551e+00	-1.2989783366714304e-03	-1.8336694163532318e-05
-2.1353012567368124e+00	-1.3069475289201218e-03	-1.8336694163732689e-05
-2.1291653335852700e+00	-1.3149167211697300e-03	-1.8336694163576889e-05
-2.1230294104337273e+00	-1.3228859134183524e-03	-1.8336694163681762e-05
-2.1168934872821850e+00	-1.3308551056680155e-03	-1.8336694163633478e-05
-2.1107575641306422e+00	-1.3388242979165983e-03	-1.8336694163620931e-05
-2.1046216409790999e+00	-1.3467934901662821e-03	-1.8336694163697185e-05
-2.0984857178275571e+00	-1.3547626824148640e-03	-1.8336694163556130e-05
-2.0923497946760143e+00	-1.3627318746645290e-03	-1.8336694163761742e-05
-2.0862138715244720e+00	-1.3707010669131504e-03	-1.8336694163493690e-05
-2.0800779483729293e+00	-1.3786702591627564e-03	-1.8336694163820570e-05
-2.0739420252213869e+00	-1.3866394514114569e-03	-1.8336694163440601e-05
-2.0678061020698442e+00	-1.3946086436609664e-03	-1.8336694163866916e-05
-2.0616701789183018e+00	-1.4025778359097762e-03	-1.8336694163402532e-05
-2.0555342557667591e+00	-1.4105470281591639e-03	-1.8336694163896054e-05
-2.0493983326152168e+00	-1.4185162204081059e-03	-1.8336694163383345e-05
-2.0432624094636740e+00	-1.4264854126573561e-03	-1.8336694163904982e-05
-2.0371264863121317e+00	-1.4344546049064393e-03	-1.8336694163385249e-05
-2.0309905631605889e+00	-1.4424237971555475e-03	-1.8336694163892561e-05
-2.0248546400090461e+00	-1.4503929894047691e-03	-1.8336694163407916e-05
-2.0187187168575038e+00	-1.4583621816537462e-03	-1.8336694163860198e-05
-2.0125827937059610e+00	-1.4663313739030886e-03	-1.8336694163449268e-05
-2.0064468705544187e+00	-1.4743005661519565e-03	-1.8336694163810545e-05
-2.0003109474028760e+00	-1.4822697584013951e-03	-1.8336694163506057e-05
-1.9941750242513334e+00	-1.4902389506501834e-03	-1.8336694163747644e-05
-1.9880391010997909e+00	-1.4982081428996823e-03	-1.8336694163573504e-05
-1.9819031779482483e+00	-1.5061773351484294e-03	-1.8336694163676676e-05
-1.9757672547967058e+00	-1.5141465273979481e-03	-1.8336694163646058e-05
-1.9696313316451632e+00	-1.5221157196466991e-03	-1.8336694163603926e-05
-1.9634954084936207e+00	-1.5300849118961900e-03	-1.8336694163716768e-05
-1.9573594853420782e+00	-1.5380541041449913e-03	-1.8336694163536824e-05
-1.9512235621905356e+00	-1.5460232963944100e-03	-1.8336694163777876e-05
-1.9450876390389933e+00	-1.5539924886433048e-03	-1.8336694163483451e-05
-1.9389517158874505e+00	-1.5619616808926118e-03	-1.8336694163821539e-05
-1.9328157927359080e+00	-1.5699308731416323e-03	-1.8336694163451362e-05
-1.9266798695843652e+00	-1.5779000653908027e-03	-1.8336694163840875e-05
-1.9205439464328224e+00	-1.5858692576399681e-03	-1.8336694163445880e-05
-1.9144080232812801e+00	-1.5938384498889906e-03	-1.8336694163832141e-05
-1.9082721001297376e+00	-1.6018076421382981e-03	-1.8336694163468655e-05
-1.9021361769781950e+00	-1.6097768343871902e-03	-1.8336694163796342e-05
-1.8960002538266525e+00	-1.6177460266366133e-03	-1.8336694163516092e-05
-1.8898643306751099e+00	-1.6257152188854098e-03	-1.8336694163739475e-05
-1.8837284075235674e+00	-1.6336844111349035e-03	-1.8336694163579765e-05
-1.8775924843720246e+00	-1.6416536033836591e-03	-1.8336694163672187e-05
-1.8714565612204823e+00	-1.6496227956331628e-03	-1.8336694163647403e-05
-1.8653206380689393e+00	-1.6575919878819374e-03	-1.8336694163607650e-05
-1.8591847149173970e+00	-1.6655611801313934e-03	-1.8336694163705709e-05
-1.8530487917658545e+00	-1.6735303723802429e-03	-1.8336694163558522e-05
-1.8469128686143119e+00	-1.6814995646296012e-03	-1.8336694163743199e-05
-1.8407769454627694e+00	-1.6894687568785654e-03	-1.8336694163534653e-05
-1.8346410223112268e+00	-1.6974379491277978e-03	-1.8336694163752252e-05
-1.8285050991596843e+00	-1.7054071413768936e-03	-1.8336694163541059e-05
-1.8223691760081417e+00	-1.7133763336259961e-03	-1.8336694163730351e-05
-1.8162332528565992e+00	-1.7213455258752134e-03	-1.8336694163577899e-05
-1.8100973297050564e+00	-1.7293147181242070e-03	-1.8336694163679773e-05
-1.8039614065535141e+00	-1.7372839103735149e-03	-1.8336694163640318e-05
-1.7978254834019713e+00	-1.7452531026224444e-03	-1.8336694163607728e-05
-1.7916895602504286e+00	-1.7532222948717852e-03	-1.8336694163719126e-05
-1.7855536370988863e+00	-1.7611914871207145e-03	-1.8336694163525613e-05
-1.7794177139473437e+00	-1.7691606793700189e-03	-1.8336694163800743e-05
-1.7732817907958012e+00	-1.7771298716190240e-03	-1.8336694163448557e-05
-1.7671458676442586e+00	-1.7850990638682152e-03	-1.8336694163868753e-05
-1.7610099444927161e+00	-1.7930682561173668e-03	-1.8336694163393899e-05
-1.7548740213411735e+00	-1.8010374483663823e-03	-1.8336694163906012e-05
-1.7487380981896310e+00	-1.8090066406157336e-03	-1.8336694163377409e-05
-1.7426021750380882e+00	-1.8169758328645347e-03	-1.8336694163899171e-05
-1.7364662518865459e+00	-1.8249450251141038e-03	-1.8336694163408888e-05
-1.7303303287350031e+00	-1.8329142173626942e-03	-1.8336694163843342e-05
-1.7241944055834606e+00	-1.8408834096124555e-03	-1.8336694163487371e-05
-1.7180584824319181e+00	-1.8488526018608834e-03	-1.8336694163745184e-05
-1.7119225592803755e+00	-1.8568217941107665e-03	-1.8336694163600518e-05
-1.7057866361288330e+00	-1.8647909863591223e-03	-1.8336694163622564e-05
-1.6996507129772904e+00	-1.8727601786090238e-03	-1.8336694163726289e-05
-1.6935147898257479e+00	-1.8807293708574156e-03	-1.8336694163499992e-05
-1.6873788666742053e+00	-1.8886985631072261e-03	-1.8336694163839256e-05
-1.6812429435226628e+00	-1.8966677553557605e-03	-1.8336694163402637e-05
-1.6751070203711202e+00	-1.9046369476053847e-03	-1.8336694163915675e-05
-1.6689710972195775e+00	-1.9126061398541398e-03	-1.8336694163351846e-05
-1.6628351740680349e+00	-1.9205753321035195e-03	-1.8336694163937989e-05
-1.6566992509164924e+00	-1.9285445243525311e-03	-1.8336694163360238e-05
-1.6505633277649499e+00	-1.9365137166016573e-03	-1.8336694163898877e-05
-1.6444274046134073e+00	-1.9444829088509045e-03	-1.8336694163429231e-05
-1.6382914814618650e+00	-1.9524521010998270e-03	-1.8336694163803646e-05
-1.6321555583103224e+00	-1.9604212933492311e-03	-1.8336694163545749e-05
-1.6260196351587797e+00	-1.9683904855980578e-03	-1.8336694163673336e-05
-1.6198837120072371e+00	-1.9763596778474891e-03	-1.8336694163681369e-05
-1.6137477888556946e+00	-1.9843288700963587e-03	-1.8336694163542621e-05
-1.6076118657041520e+00	-1.9922980623456785e-03	-1.8336694163797727e-05
-1.6014759425526093e+00	-2.0002672545947229e-03	-1.8336694163450014e-05
-1.5953400194010667e+00	-2.0082364468438159e-03	-1.8336694163859452e-05
-1.5892040962495240e+00	-2.0162056390931214e-03	-1.8336694163424037e-05
-1.5830681730979816e+00	-2.0241748313419390e-03	-1.8336694163847458e-05
-1.5769322499464391e+00	-2.0321440235915146e-03	-1.8336694163472755e-05
-1.5707963267948966e+00	-2.0401132158400885e-03	-1.8336694163765771e-05
-1.5646604036433540e+00	-2.0480824080898637e-03	-1.8336694163580968e-05
-1.5585244804918115e+00	-2.0560516003382966e-03	-1.8336694163638716e-05
-1.5523885573402689e+00	-2.0640207925881437e-03	-1.8336694163717242e-05
-1.5462526341887264e+00	-2.0719899848365788e-03	-1.8336694163503068e-05
-1.5401167110371838e+00	-2.0799591770863488e-03	-1.8336694163841173e-05
-1.5339807878856411e+00	-2.0879283693349300e-03	-1.8336694163401130e-05
-1.5278448647340985e+00	-2.0958975615844970e-03	-1.8336694163911670e-05
-1.5217089415825558e+00	-2.1038667538333207e-03	-1.8336694163369501e-05
-1.5155730184310134e+00	-2.1118359460826274e-03	-1.8336694163900645e-05
-1.5094370952794709e+00	-2.1198051383317009e-03	-1.8336694163422251e-05
-1.5033011721279284e+00	-2.1277743305807961e-03	-1.8336694163811629e-05
-1.4971652489763858e+00	-2.1357435228300174e-03	-1.8336694163536831e-05
-1.4910293258248433e+00	-2.1437127150790475e-03	-1.8336694163685770e-05
-1.4848934026733007e+00	-2.1516819073282446e-03	-1.8336694163657997e-05
-1.4787574795217582e+00	-2.1596510995773870e-03	-1.8336694163584363e-05
-1.4726215563702154e+00	-2.1676202918263967e-03	-1.8336694163726777e-05
-1.4664856332186729e+00	-2.1755894840757781e-03	-1.8336694163557228e-05
-1.4603497100671303e+00	-2.1835586763245219e-03	-1.8336694163706817e-05
-1.4542137869155878e+00	-2.1915278685741679e-03	-1.8336694163625055e-05
-1.4480778637640452e+00	-2.1994970608226810e-03	-1.8336694163594819e-05
-1.4419419406125029e+00	-2.2074662530724909e-03	-1.8336694163771917e-05
-1.4358060174609601e+00	-2.2154354453209333e-03	-1.8336694163427544e-05
-1.4296700943094176e+00	-2.2234046375707020e-03	-1.8336694163939609e-05
-1.4235341711578751e+00	-2.2313738298193053e-03	-1.8336694163282294e-05
-1.4173982480063327e+00	-2.2393430220688042e-03	-1.8336694164039762e-05
-1.4112623248547900e+00	-2.2473122143177558e-03	-1.8336694163244354e-05
-1.4051264017032472e+00	-2.2552814065668727e-03	-1.8336694164007090e-05
-1.3989904785517047e+00	-2.2632505988161877e-03	-1.8336694163345354e-05
-1.3928545554001621e+00	-2.2712197910650096e-03	-1.8336694163849061e-05
-1.3867186322486196e+00	-2.2791889833145111e-03	-1.8336694163542035e-05
-1.3805827090970770e+00	-2.2871581755632853e-03	-1.8336694163636540e-05
-1.3744467859455345e+00	-2.2951273678126776e-03	-1.8336694163744147e-05
-1.3683108627939919e+00	-2.3030965600617181e-03	-1.8336694163474747e-05
-1.3621749396424494e+00	-2.3110657523107057e-03	-1.8336694163835305e-05
-1.3560390164909069e+00	-2.3190349445602471e-03	-1.8336694163479528e-05
-1.3499030933393643e+00	-2.3270041368087099e-03	-1.8336694163724249e-05
-1.3437671701878215e+00	-2.3349733290587136e-03	-1.8336694163687406e-05
-1.3376312470362790e+00	-2.3429425213068542e-03	-1.8336694163448719e-05
-1.3314953238847365e+00	-2.3509117135569880e-03	-1.8336694163991715e-05
-1.3253594007331939e+00	-2.3588809058052089e-03	-1.8336694163154497e-05
-1.3192234775816516e+00	-2.3668500980550586e-03	-1.8336694164241478e-05
-1.3130875544301088e+00	-2.3748192903037427e-03	-1.8336694162982875e-05
-1.3069516312785661e+00	-2.3827884825529983e-03	-1.8336694164302149e-05
-1.3008157081270237e+00	-2.3907576748023237e-03	-1.8336694163052626e-05
-1.2946797849754810e+00	-2.3987268670510060e-03	-1.8336694164114850e-05
-1.2885438618239387e+00	-2.4066960593007308e-03	-1.8336694163311829e-05
-1.2824079386723961e+00	-2.4146652515492431e-03	-1.8336694163839822e-05
-1.2762720155208533e+00	-2.4226344437989068e-03	-1.8336694163557160e-05
-1.2701360923693108e+00	-2.4306036360476845e-03	-1.8336694163662510e-05
-1.2640001692177683e+00	-2.4385728282969262e-03	-1.8336694163625854e-05
-1.2578642460662257e+00	-2.4465420205461936e-03	-1.8336694163731520e-05
-1.2517283229146834e+00	-2.4545112127950129e-03	-1.8336694163431064e-05
-1.2455923997631406e+00	-2.4624804050445022e-03	-1.8336694163994517e-05
-1.2394564766115981e+00	-2.4704495972933671e-03	-1.8336694163173224e-05
-1.2333205534600555e+00	-2.4784187895425551e-03	-1.8336694164187129e-05
-1.2271846303085130e+00	-2.4863879817919178e-03	-1.8336694163090916e-05
-1.2210487071569704e+00	-2.4943571740405012e-03	-1.8336694164124672e-05
-1.2149127840054279e+00	-2.5023263662904455e-03	-1.8336694163307526e-05
-1.2087768608538849e+00	-2.5102955585386312e-03	-1.8336694163793980e-05
-1.2026409377023426e+00	-2.5182647507886557e-03	-1.8336694163665993e-05
-1.1965050145507998e+00	-2.5262339430371181e-03	-1.8336694163507974e-05
-1.1903690913992575e+00	-2.5342031352865767e-03	-1.8336694163799093e-05
-1.1842331682477150e+00	-2.5421723275357478e-03	-1.8336694163570031e-05
-1.1780972450961724e+00	-2.5501415197845489e-03	-1.8336694163546043e-05
-1.1719613219446299e+00	-2.5581107120341276e-03	-1.8336694163954381e-05
-1.1658253987930873e+00	-2.5660799042829200e-03	-1.8336694163138539e-05
-1.1596894756415448e+00	-2.5740490965320663e-03	-1.8336694164255616e-05
-1.1535535524900022e+00	-2.5820182887816337e-03	-1.8336694163049133e-05
-1.1474176293384595e+00	-2.5899874810298828e-03	-1.8336694164087674e-05
-1.1412817061869169e+00	-2.5979566732801879e-03	-1.8336694163437826e-05
-1.1351457830353744e+00	-2.6059258655281134e-03	-1.8336694163594904e-05
-1.1290098598838318e+00	-2.6138950577781943e-03	-1.8336694163865659e-05
-1.1228739367322893e+00	-2.6218642500268358e-03	-1.8336694163394733e-05
-1.1167380135807468e+00	-2.6298334422759561e-03	-1.8336694163745662e-05
-1.1106020904292042e+00	-2.6378026345254338e-03	-1.8336694163811026e-05
-1.1044661672776617e+00	-2.6457718267742032e-03	-1.8336694163175968e-05
-1.0983302441261191e+00	-2.6537410190233379e-03	-1.8336694164310196e-05
-1.0921943209745768e+00	-2.6617102112730957e-03	-1.8336694162972223e-05
-1.0860583978230340e+00	-2.6696794035209227e-03	-1.8336694164085786e-05
-1.0799224746714913e+00	-2.6776485957717938e-03	-1.8336694163584428e-05
-1.0737865515199487e+00	-2.6856177880191998e-03	-1.8336694163306154e-05
-1.0676506283684062e+00	-2.6935869802695560e-03	-1.8336694164203277e-05
-1.0615147052168636e+00	-2.7015561725182444e-03	-1.8336694163133528e-05
-1.0553787820653213e+00	-2.7095253647671002e-03	-1.8336694163823060e-05
-1.0492428589137786e+00	-2.7174945570167964e-03	-1.8336694163907784e-05
-1.0431069357622360e+00	-2.7254637492656725e-03	-1.8336694163021771e-05
-1.0369710126106935e+00	-2.7334329415142486e-03	-1.8336694164307184e-05
-1.0308350894591509e+00	-2.7414021337648360e-03	-1.8336694163271300e-05
-1.0246991663076084e+00	-2.7493713260119870e-03	-1.8336694163489899e-05
-1.0185632431560658e+00	-2.7573405182629209e-03	-1.8336694164219130e-05
-1.0124273200045231e+00	-2.7653097105110069e-03	-1.8336694162945287e-05
-1.0062913968529805e+00	-2.7732789027603033e-03	-1.8336694164025715e-05
-1.0001554737014380e+00	-2.7812480950096339e-03	-1.8336694163707942e-05
-9.9401955054989533e-01	-2.7892172872589680e-03	-1.8336694163259014e-05
-9.8788362739835278e-01	-2.7971864795069425e-03	-1.8336694163803152e-05
-9.8174770424681035e-01	-2.8051556717579402e-03	-1.8336694164019647e-05
-9.7561178109526792e-01	-2.8131248640053236e-03	-1.8336694162616926e-05
-9.6947585794372526e-01	-2.8210940562551088e-03	-1.8336694164699414e-05
-9.6333993479218272e-01	-2.8290632485047902e-03	-1.8336694163010004e-05
-9.5720401164064017e-01	-2.8370324407529473e-03	-1.8336694163424755e-05
-9.5106808848909752e-01	-2.8450016330021049e-03	-1.8336694163958670e-05
-9.4493216533755497e-01	-2.8529708252524955e-03	-1.8336694163749341e-05
-9.3879624218601254e-01	-2.8609400174999244e-03	-1.8336694162409142e-05
-9.3266031903446978e-01	-2.8689092097494155e-03	-1.8336694164899280e-05
-9.2652439588292723e-01	-2.8768784019998538e-03	-1.8336694162787366e-05
-9.2038847273138458e-01	-2.8848475942469254e-03	-1.8336694163061144e-05
-9.1425254957984214e-01	-2.8928167864967660e-03	-1.8336694164088676e-05
-9.0811662642829971e-01	-2.9007859787466583e-03	-1.8336694163290507e-05
-9.0198070327675706e-01	-2.9087551709943201e-03	-1.8336694162354315e-05
-8.9584478012521440e-01	-2.9167243632433398e-03	-1.8336694164174769e-05
-8.8970885697367186e-01	-2.9246935554935890e-03	-1.8336694162850009e-05
-8.8357293382212931e-01	-2.9326627477412070e-03	-1.8336694162455563e-05
-8.7743701067058666e-01	-2.9406319399899140e-03	-1.8336694162853862e-05
-8.7130108751904423e-01	-2.9486011322392156e-03	-1.8336694163259916e-05
-8.6516516436750157e-01	-2.9565703244883784e-03	-1.8336694161729747e-05
-8.5902924121595903e-01	-2.9645395167353645e-03	-1.8336694161638403e-05
-8.5289331806441637e-01	-2.9725087089843743e-03	-1.8336694162397507e-05
-8.4675739491287394e-01	-2.9804779012335093e-03	-1.8336694161352113e-05
-8.4062147176133140e-01	-2.9884470934806642e-03	-1.8336694159730672e-05
-8.3448554860978885e-01	-2.9964162857275818e-03	-1.8336694160452743e-05
-8.2834962545824620e-01	-3.0043854779765213e-03	-1.8336694159745346e-05
-8.2221370230670354e-01	-3.0123546702232641e-03	-1.8336694157589332e-05
-8.1607777915516100e-01	-3.0203238624688230e-03	-1.8336694156671802e-05
-8.0994185600361845e-01	-3.0282930547154267e-03	-1.8336694156265968e-05
-8.0380593285207591e-01	-3.0362622469613911e-03	-1.8336694153253983e-05
-7.9767000970053337e-01	-3.0442314392046853e-03	-1.8336694151209930e-05
-7.9153408654899082e-01	-3.0522006314485984e-03	-1.8336694148837418e-05
-7.8539816339744839e-01	-3.0601698236906293e-03	-1.8336694145384431e-05
-7.7926224024590574e-01	-3.0681390159312916e-03	-1.8336694140960059e-05
-7.7312631709436319e-01	-3.0761082081693500e-03	-1.8336694136243190e-05
-7.6699039394282054e-01	-3.0840774004062040e-03	-1.8336694129944395e-05
-7.6085447079127788e-01	-3.0920465926387512e-03	-1.8336694122317196e-05
-7.5471854763973545e-01	-3.1000157848691972e-03	-1.8336694113447738e-05
-7.4858262448819290e-01	-3.1079849770941554e-03	-1.8336694101526115e-05
-7.4244670133665036e-01	-3.1159541693143128e-03	-1.8336694088182019e-05
-7.3631077818510771e-01	-3.1239233615277646e-03	-1.8336694070967287e-05
-7.3017485503356516e-01	-3.1318925537336126e-03	-1.8336694050568464e-05
-7.2403893188202262e-01	-3.1398617459293529e-03	-1.8336694024519829e-05
-7.1790300873048007e-01	-3.1478309381127957e-03	-1.8336693993916312e-05
-7.1176708557893753e-01	-3.1558001302824951e-03	-1.8336693955917126e-05
-7.0563116242739499e-01	-3.1637693224338377e-03	-1.8336693909010396e-05
-6.9949523927585233e-01	-3.1717385145629173e-03	-1.8336693851874270e-05
-6.9335931612430979e-01	-3.1797077066654383e-03	-1.8336693782415414e-05
-6.8722339297276724e-01	-3.1876768987355222e-03	-1.8336693696890931e-05
-6.8108746982122470e-01	-3.1956460907649267e-03	-1.8336693591796094e-05
-6.7495154666968216e-01	-3.2036152827446761e-03	-1.8336693463914525e-05
-6.6881562351813950e-01	-3.2115844746650837e-03	-1.8336693307446374e-05
-6.6267970036659696e-01	-3.2195536665114237e-03	-1.8336693115016552e-05
-6.5654377721505441e-01	-3.2275228582669493e-03	-1.8336692879892677e-05
-6.5040785406351198e-01	-3.2354920499121503e-03	-1.8336692592592864e-05
-6.4427193091196933e-01	-3.2434612414225625e-03	-1.8336692240295507e-05
-6.3813600776042678e-01	-3.2514304327665548e-03	-1.8336691808971155e-05
-6.3200008460888413e-01	-3.2593996239080767e-03	-1.8336691281212349e-05
-6.2586416145734158e-01	-3.2673688148009343e-03	-1.8336690635344411e-05
-6.1972823830579904e-01	-3.2753380053908042e-03	-1.8336689844410513e-05
-6.1359231515425650e-01	-3.2833071956072813e-03	-1.8336688875891438e-05
-6.0745639200271395e-01	-3.2912763853694045e-03	-1.8336687691172835e-05
-6.0132046885117130e-01	-3.2992455745731145e-03	-1.8336686239927776e-05
-5.9518454569962886e-01	-3.3072147630952920e-03	-1.8336684464284833e-05
-5.8904862254808610e-01	-3.3151839507805651e-03	-1.8336682289288512e-05
-5.8291269939654355e-01	-3.3231531374443182e-03	-1.8336679629040751e-05
-5.7677677624500112e-01	-3.3311223228553524e-03	-1.8336676369354213e-05
-5.7064085309345847e-01	-3.3390915067333057e-03	-1.8336672382447387e-05
-5.6450492994191592e-01	-3.3470606887361096e-03	-1.8336667498496203e-05
-5.5836900679037338e-01	-3.3550298684400207e-03	-1.8336661522866188e-05
-5.5223308363883084e-01	-3.3629990453349344e-03	-1.8336654205176206e-05
-5.4609716048728829e-01	-3.3709682187842661e-03	-1.8336645248817290e-05
-5.3996123733574575e-01	-3.3789373880237479e-03	-1.8336634284492996e-05
-5.3382531418420309e-01	-3.3869065521014994e-03	-1.8336620861449534e-05
-5.2768939103266055e-01	-3.3948757098676806e-03	-1.8336604431682665e-05
-5.2155346788111800e-01	-3.4028448599021507e-03	-1.8336584316482330e-05
-5.1541754472957546e-01	-3.4108140004750274e-03	-1.8336559695354155e-05
-5.0928162157803292e-01	-3.4187831294642751e-03	-1.8336529553147743e-05
-5.0314569842649037e-01	-3.4267522442732608e-03	-1.8336492657068608e-05
-4.9700977527494766e-01	-3.4347213417247370e-03	-1.8336447490299243e-05
-4.9087385212340517e-01	-3.4426904179274773e-03	-1.8336392201922190e-05
-4.8473792897186263e-01	-3.4506594681200358e-03	-1.8336324521383218e-05
-4.7860200582032003e-01	-3.4586284864717896e-03	-1.8336241674834965e-05
-4.7246608266877754e-01	-3.4665974658509339e-03	-1.8336140261045808e-05
-4.6633015951723489e-01	-3.4745663975187233e-03	-1.8336016118141464e-05
-4.6019423636569234e-01	-3.4825352707862803e-03	-1.8335864155358277e-05
-4.5405831321414980e-01	-3.4905040725660263e-03	-1.8335678131302461e-05
-4.4792239006260720e-01	-3.4984727868323201e-03	-1.8335450412216354e-05
-4.4178646691106466e-01	-3.5064413939733309e-03	-1.8335171650004696e-05
-4.3565054375952217e-01	-3.5144098699734635e-03	-1.8334830398871133e-05
-4.2951462060797951e-01	-3.5223781854363460e-03	-1.8334412652350303e-05
-4.2337869745643697e-01	-3.5303463043733401e-03	-1.8333901259437447e-05
-4.1724277430489443e-01	-3.5383141827266722e-03	-1.8333275234675788e-05
-4.1110685115335188e-01	-3.5462817665720559e-03	-1.8332508884164713e-05
-4.0497092800180928e-01	-3.5542489898887325e-03	-1.8331570757410567e-05
-3.9883500485026663e-01	-3.5622157718736471e-03	-1.8330422359653317e-05
-3.9269908169872408e-01	-3.5701820136044265e-03	-1.8329016551589255e-05
-3.8656315854718160e-01	-3.5781475939868574e-03	-1.8327295642448246e-05
-3.8042723539563900e-01	-3.5861123647870632e-03	-1.8325188989854289e-05
-3.7429131224409640e-01	-3.5940761445248182e-03	-1.8322610133807808e-05
-3.6815538909255391e-01	-3.6020387110630176e-03	-1.8319453235404691e-05
-3.6201946594101131e-01	-3.6099997924571494e-03	-1.8315588728597452e-05
-3.5588354278946877e-01	-3.6179590558219109e-03	-1.8310858022922134e-05
-3.4974761963792622e-01	-3.6259160936660717e-03	-1.8305066966542709e-05
-3.4361169648638362e-01	-3.6338704071529463e-03	-1.8297977885624013e-05
-3.3747577333484102e-01	-3.6418213856265471e-03	-1.8289299848065967e-05
-3.3133985018329848e-01	-3.6497682815729666e-03	-1.8278676723888478e-05
-3.2520392703175588e-01	-3.6577101799278823e-03	-1.8265672566178838e-05
-3.1906800388021334e-01	-3.6656459605433340e-03	-1.8249753744420185e-05
-3.1293208072867085e-01	-3.6735742522238679e-03	-1.8230267030439342e-05
-3.0679615757712825e-01	-3.6814933764463499e-03	-1.8206412820869280e-05
-3.0066023442558570e-01	-3.6894012785004177e-03	-1.8177212368006639e-05
-2.9452431127404310e-01	-3.6972954432192540e-03	-1.8141467655796312e-05
-2.8838838812250062e-01	-3.7051727918002960e-03	-1.8097712281759459e-05
-2.8225246497095796e-01	-3.7130295555208642e-03	-1.8044151390886862e-05
-2.7611654181941536e-01	-3.7208611211876426e-03	-1.7978588184905759e-05
-2.6998061866787282e-01	-3.7286618420244136e-03	-1.7898334019940498e-05
-2.6384469551633033e-01	-3.7364248062093535e-03	-1.7800098394622567e-05
-2.5770877236478773e-01	-3.7441415536261704e-03	-1.7679854482245555e-05
-2.5157284921324513e-01	-3.7518017293369939e-03	-1.7532674692420792e-05
-2.4543692606170259e-01	-3.7593926595923693e-03	-1.7352529685013440e-05
-2.3930100291016002e-01	-3.7668988332066914e-03	-1.7132042790886213e-05
-2.3316507975861744e-01	-3.7743012672098891e-03	-1.6862190054878569e-05
-2.2702915660707490e-01	-3.7815767311510915e-03	-1.6531934107991845e-05
-2.2089323345553236e-01	-3.7886967988157443e-03	-1.6127777488023805e-05
-2.1475731030398976e-01	-3.7956266892229021e-03	-1.5633218109643937e-05
-2.0862138715244721e-01	-3.8023238506295146e-03	-1.5028086171071420e-05
-2.0248546400090464e-01	-3.8087362313884107e-03	-1.4287737564656439e-05
-1.9634954084936207e-01	-3.8148001694848850e-03	-1.3382074173814280e-05
-1.9021361769781950e-01	-3.8204378184348996e-03	-1.2274356121931379e-05
-1.8407769454627693e-01	-3.8255540103352510e-03	-1.0919765010748609e-05
-1.7794177139473438e-01	-3.8300324368954332e-03	-9.2636708206894827e-06
-1.7180584824319181e-01	-3.8337310060696378e-03	-7.2395487430975208e-06
-1.6566992509164927e-01	-3.8364762052137259e-03	-4.7664863305739108e-06
-1.5953400194010672e-01	-3.8380562715427959e-03	-1.7462171555764330e-06
-1.5339807878856412e-01	-3.8382129375948847e-03	 1.9403835913411027e-06
-1.4726215563702158e-01	-3.8366314846316868e-03	 6.4374006477077815e-06
-1.4112623248547898e-01	-3.8329288027754843e-03	 1.1918620511324059e-05
-1.3499030933393641e-01	-3.8266391273838558e-03	 1.8592923714311886e-05
-1.2885438618239387e-01	-3.8171971038832623e-03	 2.6710278276704753e-05
-1.2271846303085131e-01	-3.8039178392648512e-03	 3.6568185462083800e-05
-1.1658253987930872e-01	-3.7859736457853113e-03	 4.8518269860593383e-05
-1.1044661672776616e-01	-3.7623672984476984e-03	 6.2972461185752313e-05
-1.0431069357622361e-01	-3.7319018538766028e-03	 8.0407850819871199e-05
-9.8174770424681035e-02	-3.6931474748647160e-03	 1.0136878100145883e-04
-9.2038847273138463e-02	-3.6444063588213799e-03	 1.2646399418210654e-04
-8.5902924121595906e-02	-3.5836779001121657e-03	 1.5635569890265914e-04
-7.9767000970053348e-02	-3.5086277847773371e-03	 1.9173619552599049e-04
-7.3631077818510776e-02	-3.4165670159611444e-03	 2.3328633404911221e-04
-6.7495154666968205e-02	-3.3044501034466445e-03	 2.8160880486958692e-04
-6.1359231515425654e-02	-3.1689059565010846e-03	 3.3712866453022481e-04
-5.5223308363883082e-02	-3.0063202811476111e-03	 3.9995465042934965e-04
-4.9087385212340517e-02	-2.8129937689944586e-03	 4.6969950799646663e-04
-4.2951462060797953e-02	-2.5854040832418955e-03	 5.4526817987611228e-04
-3.6815538909255388e-02	-2.3205974481970443e-03	 6.2464174213832930e-04
-3.0679615757712820e-02	-2.0167205056199717e-03	 7.0471284553122275e-04
-2.4543692606170259e-02	-1.6736660139480514e-03	 7.8125946358326842e-04
-1.8407769454627694e-02	-1.2937412657994601e-03	 8.4916106586766123e-04
-1.2271846303085129e-02	-8.8218556812876296e-04	 9.0293597742743706e-04
-6.1359231515425638e-03	-4.4730243933345385e-04	 9.3758374034015666e-04
 0.0000000000000000e+00	 3.5463715918922374e-12	 9.4956129033276144e-04
 6.1359231515425638e-03	 4.4730244632609436e-04	 9.3758373996556980e-04
 1.2271846303085129e-02	 8.8218557483360222e-04	 9.0293597671796009e-04
 1.8407769454627694e-02	 1.2937412720628325e-03	 8.4916106489323214e-04
 2.4543692606170259e-02	 1.6736660196627264e-03	 7.8125946242912719e-04
 3.0679615757712820e-02	 2.0167205107274014e-03	 7.0471284428288961e-04
 3.6815538909255388e-02	 2.3205974526815244e-03	 6.2464174087049115e-04
 4.2951462060797953e-02	 2.5854040871207094e-03	 5.4526817864679962e-04
 4.9087385212340517e-02	 2.8129937723071000e-03	 4.6969950684582607e-04
 5.5223308363883082e-02	 3.0063202839464148e-03	 3.9995464938141507e-04
 6.1359231515425654e-02	 3.1689059588438664e-03	 3.3712866359610901e-04
 6.7495154666968205e-02	 3.3044501053916698e-03	 2.8160880405096440e-04
 7.3631077818510776e-02	 3.4165670175638203e-03	 2.3328633334135067e-04
 7.9767000970053348e-02	 3.5086277860884489e-03	 1.9173619492067034e-04
 8.5902924121595906e-02	 3.5836779011769785e-03	 1.5635569838943667e-04
 9.2038847273138463e-02	 3.6444063596795125e-03	 1.2646399375000866e-04
 9.8174770424681035e-02	 3.6931474755502848e-03	 1.0136878063971460e-04
 1.0431069357622361e-01	 3.7319018544187199e-03	 8.0407850518410018e-05
 1.1044661672776616e-01	 3.7623672988709340e-03	 6.2972460935458143e-05
 1.1658253987930872e-01	 3.7859736461103187e-03	 4.8518269653407580e-05
 1.2271846303085131e-01	 3.8039178395088457e-03	 3.6568185291000275e-05
 1.2885438618239387e-01	 3.8171971040605835e-03	 2.6710278135714513e-05
 1.3499030933393641e-01	 3.8266391275063581e-03	 1.8592923598308684e-05
 1.4112623248547898e-01	 3.8329288028529931e-03	 1.1918620416006899e-05
 1.4726215563702158e-01	 3.8366314846722729e-03	 6.4374005694703839e-06
 1.5339807878856412e-01	 3.8382129376052228e-03	 1.9403835271810450e-06
 1.5953400194010672e-01	 3.8380562715283418e-03	-1.7462172081563126e-06
 1.6566992509164927e-01	 3.8364762051789889e-03	-4.7664863736365771e-06
 1.7180584824319181e-01	 3.8337310060182869e-03	-7.2395487783508830e-06
 1.7794177139473438e-01	 3.8300324368305038e-03	-9.2636708495363891e-06
 1.8407769454627693e-01	 3.8255540102592024e-03	-1.0919765034348027e-05
 1.9021361769781950e-01	 3.8204378183497728e-03	-1.2274356141230625e-05
 1.9634954084936207e-01	 3.8148001693923219e-03	-1.3382074189595944e-05
 2.0248546400090464e-01	 3.8087362312897838e-03	-1.4287737577556921e-05
 2.0862138715244721e-01	 3.8023238505259160e-03	-1.5028086181617834e-05
 2.1475731030398976e-01	 3.7956266891152565e-03	-1.5633218118262270e-05
 2.2089323345553236e-01	 3.7886967987047744e-03	-1.6127777495068540e-05
 2.2702915660707490e-01	 3.7815767310374220e-03	-1.6531934113747167e-05
 2.3316507975861744e-01	 3.7743012670939983e-03	-1.6862190059582925e-05
 2.3930100291016002e-01	 3.7668988330890004e-03	-1.7132042794728378e-05
 2.4543692606170259e-01	 3.7593926594731938e-03	-1.7352529688154523e-05
 2.5157284921324513e-01	 3.7518017292166193e-03	-1.7532674694985246e-05
 2.5770877236478773e-01	 3.7441415535048013e-03	-1.7679854484342676e-05
 2.6384469551633033e-01	 3.7364248060871874e-03	-1.7800098396333872e-05
 2.6998061866787282e-01	 3.7286618419015804e-03	-1.7898334021340633e-05
 2.7611654181941536e-01	 3.7208611210642799e-03	-1.7978588186047563e-05
 2.8225246497095796e-01	 3.7130295553970539e-03	-1.8044151391821705e-05
 2.8838838812250062e-01	 3.7051727916761353e-03	-1.8097712282521047e-05
 2.9452431127404310e-01	 3.6972954430947915e-03	-1.8141467656420683e-05
 3.0066023442558570e-01	 3.6894012783757237e-03	-1.8177212368514473e-05
 3.0679615757712825e-01	 3.6814933763214524e-03	-1.8206412821286495e-05
 3.1293208072867085e-01	 3.6735742520988181e-03	-1.8230267030777793e-05
 3.1906800388021334e-01	 3.6656459604181464e-03	-1.8249753744699066e-05
 3.2520392703175588e-01	 3.6577101798025958e-03	-1.8265672566404315e-05
 3.3133985018329848e-01	 3.6497682814475851e-03	-1.8278676724075174e-05
 3.3747577333484102e-01	 3.6418213855011023e-03	-1.8289299848215864e-05
 3.4361169648638362e-01	 3.6338704070274347e-03	-1.8297977885749065e-05
 3.4974761963792622e-01	 3.6259160935405207e-03	-1.8305066966642255e-05
 3.5588354278946877e-01	 3.6179590556963126e-03	-1.8310858023006092e-05
 3.6201946594101131e-01	 3.6099997923315285e-03	-1.8315588728663273e-05
 3.6815538909255391e-01	 3.6020387109373625e-03	-1.8319453235461334e-05
 3.7429131224409640e-01	 3.5940761443991505e-03	-1.8322610133851111e-05
 3.8042723539563900e-01	 3.5861123646613699e-03	-1.8325188989892693e-05
 3.8656315854718160e-01	 3.5781475938611580e-03	-1.8327295642476645e-05
 3.9269908169872408e-01	 3.5701820134787076e-03	-1.8329016551615425e-05
 3.9883500485026663e-01	 3.5622157717479274e-03	-1.8330422359671558e-05
 4.0497092800180928e-01	 3.5542489897629958e-03	-1.8331570757428497e-05
 4.1110685115335188e-01	 3.5462817664463223e-03	-1.8332508884176250e-05
 4.1724277430489443e-01	 3.5383141826009256e-03	-1.8333275234688419e-05
 4.2337869745643697e-01	 3.5303463042475960e-03	-1.8333901259444430e-05
 4.2951462060797951e-01	 3.5223781853105920e-03	-1.8334412652359326e-05
 4.3565054375952217e-01	 3.5144098698477138e-03	-1.8334830398875101e-05
 4.4178646691106466e-01	 3.5064413938475712e-03	-1.8335171650011377e-05
 4.4792239006260720e-01	 3.4984727867065669e-03	-1.8335450412218424e-05
 4.5405831321414980e-01	 3.4905040724402632e-03	-1.8335678131307611e-05
 4.6019423636569234e-01	 3.4825352706605237e-03	-1.8335864155358934e-05
 4.6633015951723489e-01	 3.4745663973929585e-03	-1.8336016118145615e-05
 4.7246608266877754e-01	 3.4665974657251760e-03	-1.8336140261045585e-05
 4.7860200582032003e-01	 3.4586284863460225e-03	-1.8336241674838540e-05
 4.8473792897186263e-01	 3.4506594679942766e-03	-1.8336324521382340e-05
 4.9087385212340517e-01	 3.4426904178017094e-03	-1.8336392201925266e-05
 4.9700977527494766e-01	 3.4347213415989756e-03	-1.8336447490298033e-05
 5.0314569842649037e-01	 3.4267522441474921e-03	-1.8336492657071363e-05
 5.0928162157803292e-01	 3.4187831293385133e-03	-1.8336529553146148e-05
 5.1541754472957546e-01	 3.4108140003492582e-03	-1.8336559695356808e-05
 5.2155346788111800e-01	 3.4028448597763889e-03	-1.8336584316480487e-05
 5.2768939103266055e-01	 3.3948757097419114e-03	-1.8336604431685318e-05
 5.3382531418420309e-01	 3.3869065519757367e-03	-1.8336620861447582e-05
 5.3996123733574575e-01	 3.3789373878979783e-03	-1.8336634284495615e-05
 5.4609716048728829e-01	 3.3709682186585039e-03	-1.8336645248815335e-05
 5.5223308363883084e-01	 3.3629990452091634e-03	-1.8336654205178815e-05
 5.5836900679037338e-01	 3.3550298683142576e-03	-1.8336661522864047e-05
 5.6450492994191592e-01	 3.3470606886103391e-03	-1.8336667498498856e-05
 5.7064085309345847e-01	 3.3390915066075426e-03	-1.8336672382445151e-05
 5.7677677624500112e-01	 3.3311223227295832e-03	-1.8336676369356866e-05
 5.8291269939654355e-01	 3.3231531373185542e-03	-1.8336679629038494e-05
 5.8904862254808610e-01	 3.3151839506547951e-03	-1.8336682289291114e-05
 5.9518454569962886e-01	 3.3072147629695284e-03	-1.8336684464282478e-05
 6.0132046885117130e-01	 3.2992455744473440e-03	-1.8336686239930317e-05
 6.0745639200271395e-01	 3.2912763852436413e-03	-1.8336687691170341e-05
 6.1359231515425650e-01	 3.2833071954815113e-03	-1.8336688875894091e-05
 6.1972823830579904e-01	 3.2753380052650397e-03	-1.8336689844407989e-05
 6.2586416145734158e-01	 3.2673688146751642e-03	-1.8336690635346996e-05
 6.3200008460888413e-01	 3.2593996237823128e-03	-1.8336691281209784e-05
 6.3813600776042678e-01	 3.2514304326407848e-03	-1.8336691808973736e-05
 6.4427193091196933e-01	 3.2434612412967989e-03	-1.8336692240292800e-05
 6.5040785406351198e-01	 3.2354920497863794e-03	-1.8336692592595544e-05
 6.5654377721505441e-01	 3.2275228581411849e-03	-1.8336692879889957e-05
 6.6267970036659696e-01	 3.2195536663856537e-03	-1.8336693115019266e-05
 6.6881562351813950e-01	 3.2115844745393201e-03	-1.8336693307443593e-05
 6.7495154666968216e-01	 3.2036152826189061e-03	-1.8336693463917242e-05
 6.8108746982122470e-01	 3.1956460906391627e-03	-1.8336693591793220e-05
 6.8722339297276724e-01	 3.1876768986097530e-03	-1.8336693696893644e-05
 6.9335931612430979e-01	 3.1797077065396726e-03	-1.8336693782412540e-05
 6.9949523927585233e-01	 3.1717385144371464e-03	-1.8336693851876981e-05
 7.0563116242739499e-01	 3.1637693223080733e-03	-1.8336693909007462e-05
 7.1176708557893753e-01	 3.1558001301567246e-03	-1.8336693955919843e-05
 7.1790300873048007e-01	 3.1478309379870321e-03	-1.8336693993913215e-05
 7.2403893188202262e-01	 3.1398617458035828e-03	-1.8336694024522543e-05
 7.3017485503356516e-01	 3.1318925536078482e-03	-1.8336694050565319e-05
 7.3631077818510771e-01	 3.1239233614019945e-03	-1.8336694070970113e-05
 7.4244670133665036e-01	 3.1159541691885492e-03	-1.8336694088178749e-05
 7.4858262448819290e-01	 3.1079849769683854e-03	-1.8336694101528866e-05
 7.5471854763973545e-01	 3.1000157847434345e-03	-1.8336694113444509e-05
 7.6085447079127788e-01	 3.0920465925129816e-03	-1.8336694122319896e-05
 7.6699039394282054e-01	 3.0840774002804400e-03	-1.8336694129941200e-05
 7.7312631709436319e-01	 3.0761082080435812e-03	-1.8336694136246080e-05
 7.7926224024590574e-01	 3.0681390158055280e-03	-1.8336694140956888e-05
 7.8539816339744839e-01	 3.0601698235648610e-03	-1.8336694145387565e-05
 7.9153408654899082e-01	 3.0522006313228362e-03	-1.8336694148834342e-05
 7.9767000970053337e-01	 3.0442314390789161e-03	-1.8336694151213200e-05
 8.0380593285207591e-01	 3.0362622468356288e-03	-1.8336694153250893e-05
 8.0994185600361845e-01	 3.0282930545896584e-03	-1.8336694156269288e-05
 8.1607777915516100e-01	 3.0203238623430595e-03	-1.8336694156668820e-05
 8.2221370230670354e-01	 3.0123546700974962e-03	-1.8336694157592706e-05
 8.2834962545824620e-01	 3.0043854778507568e-03	-1.8336694159742493e-05
 8.3448554860978885e-01	 2.9964162856018135e-03	-1.8336694160456186e-05
 8.4062147176133140e-01	 2.9884470933549002e-03	-1.8336694159727595e-05
 8.4675739491287394e-01	 2.9804779011077410e-03	-1.8336694161355694e-05
 8.5289331806441637e-01	 2.9725087088586103e-03	-1.8336694162394377e-05
 8.5902924121595903e-01	 2.9645395166095958e-03	-1.8336694161641900e-05
 8.6516516436750157e-01	 2.9565703243626144e-03	-1.8336694161726556e-05
 8.7130108751904423e-01	 2.9486011321134468e-03	-1.8336694163263270e-05
 8.7743701067058666e-01	 2.9406319398641509e-03	-1.8336694162850640e-05
 8.8357293382212931e-01	 2.9326627476154374e-03	-1.8336694162458971e-05
 8.8970885697367186e-01	 2.9246935553678237e-03	-1.8336694162846706e-05
 8.9584478012521440e-01	 2.9167243631175702e-03	-1.8336694164178299e-05
 9.0198070327675706e-01	 2.9087551708685557e-03	-1.8336694162350877e-05
 9.0811662642829971e-01	 2.9007859786208891e-03	-1.8336694163294000e-05
 9.1425254957984214e-01	 2.8928167863710020e-03	-1.8336694164085282e-05
 9.2038847273138458e-01	 2.8848475941211562e-03	-1.8336694163064556e-05
 9.2652439588292723e-01	 2.8768784018740885e-03	-1.8336694162783964e-05
 9.3266031903446978e-01	 2.8689092096236468e-03	-1.8336694164902794e-05
 9.3879624218601254e-01	 2.8609400173741596e-03	-1.8336694162405585e-05
 9.4493216533755497e-01	 2.8529708251267267e-03	-1.8336694163752902e-05
 9.5106808848909752e-01	 2.8450016328763414e-03	-1.8336694163955110e-05
 9.5720401164064017e-01	 2.8370324406271777e-03	-1.8336694163428302e-05
 9.6333993479218272e-01	 2.8290632483790258e-03	-1.8336694163006494e-05
 9.6947585794372526e-01	 2.8210940561293400e-03	-1.8336694164703012e-05
 9.7561178109526792e-01	 2.8131248638795592e-03	-1.8336694162613277e-05
 9.8174770424681035e-01	 2.8051556716321710e-03	-1.8336694164023089e-05
 9.8788362739835278e-01	 2.7971864793811777e-03	-1.8336694163799510e-05
 9.9401955054989533e-01	 2.7892172871331984e-03	-1.8336694163262501e-05
 1.0001554737014380e+00	 2.7812480948838690e-03	-1.8336694163704201e-05
 1.0062913968529805e+00	 2.7732789026345341e-03	-1.8336694164029266e-05
 1.0124273200045231e+00	 2.7653097103852412e-03	-1.8336694162941597e-05
 1.0185632431560658e+00	 2.7573405181371517e-03	-1.8336694164222684e-05
 1.0246991663076084e+00	 2.7493713258862221e-03	-1.8336694163486209e-05
 1.0308350894591509e+00	 2.7414021336390668e-03	-1.8336694163274945e-05
 1.0369710126106935e+00	 2.7334329413884846e-03	-1.8336694164303514e-05
 1.0431069357622360e+00	 2.7254637491399038e-03	-1.8336694163025508e-05
 1.0492428589137786e+00	 2.7174945568910311e-03	-1.8336694163904125e-05
 1.0553787820653213e+00	 2.7095253646413314e-03	-1.8336694163826801e-05
 1.0615147052168636e+00	 2.7015561723924796e-03	-1.8336694163129818e-05
 1.0676506283684062e+00	 2.6935869801437877e-03	-1.8336694164207102e-05
 1.0737865515199487e+00	 2.6856177878934345e-03	-1.8336694163302366e-05
 1.0799224746714913e+00	 2.6776485956460255e-03	-1.8336694163588215e-05
 1.0860583978230340e+00	 2.6696794033951561e-03	-1.8336694164082056e-05
 1.0921943209745768e+00	 2.6617102111473273e-03	-1.8336694162976068e-05
 1.0983302441261191e+00	 2.6537410188975721e-03	-1.8336694164306337e-05
 1.1044661672776617e+00	 2.6457718266484349e-03	-1.8336694163179820e-05
 1.1106020904292042e+00	 2.6378026343996689e-03	-1.8336694163807211e-05
 1.1167380135807468e+00	 2.6298334421501878e-03	-1.8336694163749409e-05
 1.1228739367322893e+00	 2.6218642499010710e-03	-1.8336694163390945e-05
 1.1290098598838318e+00	 2.6138950576524256e-03	-1.8336694163869529e-05
 1.1351457830353744e+00	 2.6059258654023481e-03	-1.8336694163591167e-05
 1.1412817061869169e+00	 2.5979566731544187e-03	-1.8336694163441777e-05
 1.1474176293384595e+00	 2.5899874809041179e-03	-1.8336694164083980e-05
 1.1535535524900022e+00	 2.5820182886558646e-03	-1.8336694163053047e-05
 1.1596894756415448e+00	 2.5740490964062997e-03	-1.8336694164251808e-05
 1.1658253987930873e+00	 2.5660799041571517e-03	-1.8336694163142581e-05
 1.1719613219446299e+00	 2.5581107119083614e-03	-1.8336694163950515e-05
 1.1780972450961724e+00	 2.5501415196587805e-03	-1.8336694163550099e-05
 1.1842331682477150e+00	 2.5421723274099816e-03	-1.8336694163566277e-05
 1.1903690913992575e+00	 2.5342031351608084e-03	-1.8336694163802911e-05
 1.1965050145507998e+00	 2.5262339429113533e-03	-1.8336694163504115e-05
 1.2026409377023426e+00	 2.5182647506628883e-03	-1.8336694163669866e-05
 1.2087768608538849e+00	 2.5102955584128655e-03	-1.8336694163790077e-05
 1.2149127840054279e+00	 2.5023263661646776e-03	-1.8336694163311473e-05
 1.2210487071569704e+00	 2.4943571739147355e-03	-1.8336694164120688e-05
 1.2271846303085130e+00	 2.4863879816661499e-03	-1.8336694163094897e-05
 1.2333205534600555e+00	 2.4784187894167885e-03	-1.8336694164183215e-05
 1.2394564766115981e+00	 2.4704495971675988e-03	-1.8336694163177191e-05
 1.2455923997631406e+00	 2.4624804049187361e-03	-1.8336694163990661e-05
 1.2517283229146834e+00	 2.4545112126692441e-03	-1.8336694163435075e-05
 1.2578642460662257e+00	 2.4465420204204278e-03	-1.8336694163727556e-05
 1.2640001692177683e+00	 2.4385728281711566e-03	-1.8336694163629852e-05
 1.2701360923693108e+00	 2.4306036359219184e-03	-1.8336694163658540e-05
 1.2762720155208533e+00	 2.4226344436731385e-03	-1.8336694163561195e-05
 1.2824079386723961e+00	 2.4146652514234765e-03	-1.8336694163835888e-05
 1.2885438618239387e+00	 2.4066960591749625e-03	-1.8336694163315810e-05
 1.2946797849754810e+00	 2.3987268669252394e-03	-1.8336694164110899e-05
 1.3008157081270237e+00	 2.3907576746765554e-03	-1.8336694163056716e-05
 1.3069516312785661e+00	 2.3827884824272321e-03	-1.8336694164298144e-05
 1.3130875544301088e+00	 2.3748192901779752e-03	-1.8336694162986924e-05
 1.3192234775816516e+00	 2.3668500979292916e-03	-1.8336694164237517e-05
 1.3253594007331939e+00	 2.3588809056794406e-03	-1.8336694163158550e-05
 1.3314953238847365e+00	 2.3509117134312210e-03	-1.8336694163987724e-05
 1.3376312470362790e+00	 2.3429425211810859e-03	-1.8336694163452765e-05
 1.3437671701878215e+00	 2.3349733289329470e-03	-1.8336694163683381e-05
 1.3499030933393643e+00	 2.3270041366829411e-03	-1.8336694163728305e-05
 1.3560390164909069e+00	 2.3190349444344796e-03	-1.8336694163475611e-05
 1.3621749396424494e+00	 2.3110657521849373e-03	-1.8336694163839391e-05
 1.3683108627939919e+00	 2.3030965599359515e-03	-1.8336694163470783e-05
 1.3744467859455345e+00	 2.2951273676869092e-03	-1.8336694163748271e-05
 1.3805827090970770e+00	 2.2871581754375175e-03	-1.8336694163632634e-05
 1.3867186322486196e+00	 2.2791889831887424e-03	-1.8336694163546169e-05
 1.3928545554001621e+00	 2.2712197909392426e-03	-1.8336694163845222e-05
 1.3989904785517047e+00	 2.2632505986904198e-03	-1.8336694163349457e-05
 1.4051264017032472e+00	 2.2552814064411056e-03	-1.8336694164003207e-05
 1.4112623248547900e+00	 2.2473122141919875e-03	-1.8336694163248416e-05
 1.4173982480063327e+00	 2.2393430219430368e-03	-1.8336694164035794e-05
 1.4235341711578751e+00	 2.2313738296935366e-03	-1.8336694163286445e-05
 1.4296700943094176e+00	 2.2234046374449341e-03	-1.8336694163935587e-05
 1.4358060174609601e+00	 2.2154354451951650e-03	-1.8336694163431619e-05
 1.4419419406125029e+00	 2.2074662529467230e-03	-1.8336694163767922e-05
 1.4480778637640452e+00	 2.1994970606969127e-03	-1.8336694163598885e-05
 1.4542137869155878e+00	 2.1915278684483995e-03	-1.8336694163621057e-05
 1.4603497100671303e+00	 2.1835586761987536e-03	-1.8336694163710774e-05
 1.4664856332186729e+00	 2.1755894839500106e-03	-1.8336694163553270e-05
 1.4726215563702154e+00	 2.1676202917006279e-03	-1.8336694163730839e-05
 1.4787574795217582e+00	 2.1596510994516178e-03	-1.8336694163580240e-05
 1.4848934026733007e+00	 2.1516819072024767e-03	-1.8336694163662029e-05
 1.4910293258248433e+00	 2.1437127149532787e-03	-1.8336694163681830e-05
 1.4971652489763858e+00	 2.1357435227042495e-03	-1.8336694163540812e-05
 1.5033011721279284e+00	 2.1277743304550273e-03	-1.8336694163807614e-05
 1.5094370952794709e+00	 2.1198051382059335e-03	-1.8336694163426337e-05
 1.5155730184310134e+00	 2.1118359459568591e-03	-1.8336694163896705e-05
 1.5217089415825558e+00	 2.1038667537075510e-03	-1.8336694163373438e-05
 1.5278448647340985e+00	 2.0958975614587282e-03	-1.8336694163907635e-05
 1.5339807878856411e+00	 2.0879283692091613e-03	-1.8336694163405206e-05
 1.5401167110371838e+00	 2.0799591769605800e-03	-1.8336694163837189e-05
 1.5462526341887264e+00	 2.0719899847108096e-03	-1.8336694163507215e-05
 1.5523885573402689e+00	 2.0640207924623741e-03	-1.8336694163713261e-05
 1.5585244804918115e+00	 2.0560516002125278e-03	-1.8336694163642673e-05
 1.5646604036433540e+00	 2.0480824079640940e-03	-1.8336694163577096e-05
 1.5707963267948966e+00	 2.0401132157143202e-03	-1.8336694163769647e-05
 1.5769322499464391e+00	 2.0321440234657463e-03	-1.8336694163468801e-05
 1.5830681730979816e+00	 2.0241748312161711e-03	-1.8336694163851406e-05
 1.5892040962495240e+00	 2.0162056389673535e-03	-1.8336694163420063e-05
 1.5953400194010667e+00	 2.0082364467180493e-03	-1.8336694163863237e-05
 1.6014759425526093e+00	 2.0002672544689542e-03	-1.8336694163445894e-05
 1.6076118657041520e+00	 1.9922980622199115e-03	-1.8336694163801505e-05
 1.6137477888556946e+00	 1.9843288699705900e-03	-1.8336694163538549e-05
 1.6198837120072371e+00	 1.9763596777217221e-03	-1.8336694163685153e-05
 1.6260196351587797e+00	 1.9683904854722887e-03	-1.8336694163669365e-05
 1.6321555583103224e+00	 1.9604212932234633e-03	-1.8336694163549591e-05
 1.6382914814618650e+00	 1.9524521009740587e-03	-1.8336694163799638e-05
 1.6444274046134073e+00	 1.9444829087251364e-03	-1.8336694163433080e-05
 1.6505633277649499e+00	 1.9365137164758886e-03	-1.8336694163894852e-05
 1.6566992509164924e+00	 1.9285445242267635e-03	-1.8336694163364067e-05
 1.6628351740680349e+00	 1.9205753319777512e-03	-1.8336694163934106e-05
 1.6689710972195775e+00	 1.9126061397283728e-03	-1.8336694163355698e-05
 1.6751070203711202e+00	 1.9046369474796159e-03	-1.8336694163911833e-05
 1.6812429435226628e+00	 1.8966677552299934e-03	-1.8336694163406598e-05
 1.6873788666742053e+00	 1.8886985629814580e-03	-1.8336694163835512e-05
 1.6935147898257479e+00	 1.8807293707316485e-03	-1.8336694163503909e-05
 1.6996507129772904e+00	 1.8727601784832542e-03	-1.8336694163722507e-05
 1.7057866361288330e+00	 1.8647909862333548e-03	-1.8336694163626451e-05
 1.7119225592803755e+00	 1.8568217939849974e-03	-1.8336694163596669e-05
 1.7180584824319181e+00	 1.8488526017351164e-03	-1.8336694163749125e-05
 1.7241944055834606e+00	 1.8408834094866861e-03	-1.8336694163483644e-05
 1.7303303287350031e+00	 1.8329142172369267e-03	-1.8336694163847221e-05
 1.7364662518865459e+00	 1.8249450249883349e-03	-1.8336694163405145e-05
 1.7426021750380882e+00	 1.8169758327387666e-03	-1.8336694163903071e-05
 1.7487380981896310e+00	 1.8090066404899637e-03	-1.8336694163373669e-05
 1.7548740213411735e+00	 1.8010374482406151e-03	-1.8336694163909814e-05
 1.7610099444927161e+00	 1.7930682559915976e-03	-1.8336694163390118e-05
 1.7671458676442586e+00	 1.7850990637424482e-03	-1.8336694163872480e-05
 1.7732817907958012e+00	 1.7771298714932542e-03	-1.8336694163444853e-05
 1.7794177139473437e+00	 1.7691606792442516e-03	-1.8336694163804527e-05
 1.7855536370988863e+00	 1.7611914869949459e-03	-1.8336694163521828e-05
 1.7916895602504286e+00	 1.7532222947460186e-03	-1.8336694163722843e-05
 1.7978254834019713e+00	 1.7452531024966746e-03	-1.8336694163603991e-05
 1.8039614065535141e+00	 1.7372839102477481e-03	-1.8336694163643994e-05
 1.8100973297050564e+00	 1.7293147179984379e-03	-1.8336694163675999e-05
 1.8162332528565992e+00	 1.7213455257494470e-03	-1.8336694163581510e-05
 1.8223691760081417e+00	 1.7133763335002265e-03	-1.8336694163726509e-05
 1.8285050991596843e+00	 1.7054071412511275e-03	-1.8336694163544614e-05
 1.8346410223112268e+00	 1.6974379490020291e-03	-1.8336694163748437e-05
 1.8407769454627694e+00	 1.6894687567527991e-03	-1.8336694163538152e-05
 1.8469128686143119e+00	 1.6814995645038321e-03	-1.8336694163739353e-05
 1.8530487917658545e+00	 1.6735303722544767e-03	-1.8336694163562096e-05
 1.8591847149173970e+00	 1.6655611800056240e-03	-1.8336694163701965e-05
 1.8653206380689393e+00	 1.6575919877561715e-03	-1.8336694163611167e-05
 1.8714565612204823e+00	 1.6496227955073934e-03	-1.8336694163643689e-05
 1.8775924843720246e+00	 1.6416536032578929e-03	-1.8336694163675707e-05
 1.8837284075235674e+00	 1.6336844110091341e-03	-1.8336694163576164e-05
 1.8898643306751099e+00	 1.6257152187596445e-03	-1.8336694163742972e-05
 1.8960002538266525e+00	 1.6177460265108434e-03	-1.8336694163512521e-05
 1.9021361769781950e+00	 1.6097768342614241e-03	-1.8336694163799899e-05
 1.9082721001297376e+00	 1.6018076420125300e-03	-1.8336694163465098e-05
 1.9144080232812801e+00	 1.5938384497632243e-03	-1.8336694163835725e-05
 1.9205439464328224e+00	 1.5858692575141989e-03	-1.8336694163442377e-05
 1.9266798695843652e+00	 1.5779000652650359e-03	-1.8336694163844375e-05
 1.9328157927359080e+00	 1.5699308730158631e-03	-1.8336694163447825e-05
 1.9389517158874505e+00	 1.5619616807668458e-03	-1.8336694163825026e-05
 1.9450876390389933e+00	 1.5539924885175343e-03	-1.8336694163480022e-05
 1.9512235621905356e+00	 1.5460232962686443e-03	-1.8336694163781349e-05
 1.9573594853420782e+00	 1.5380541040192213e-03	-1.8336694163533423e-05
 1.9634954084936207e+00	 1.5300849117704243e-03	-1.8336694163720207e-05
 1.9696313316451632e+00	 1.5221157195209295e-03	-1.8336694163600548e-05
 1.9757672547967058e+00	 1.5141465272721813e-03	-1.8336694163649419e-05
 1.9819031779482483e+00	 1.5061773350226607e-03	-1.8336694163673247e-05
 1.9880391010997909e+00	 1.4982081427739162e-03	-1.8336694163576913e-05
 1.9941750242513334e+00	 1.4902389505244129e-03	-1.8336694163744327e-05
 2.0003109474028760e+00	 1.4822697582756298e-03	-1.8336694163509455e-05
 2.0064468705544187e+00	 1.4743005660261864e-03	-1.8336694163807167e-05
 2.0125827937059610e+00	 1.4663313737773231e-03	-1.8336694163452612e-05
 2.0187187168575038e+00	 1.4583621815279758e-03	-1.8336694163856905e-05
 2.0248546400090461e+00	 1.4503929892790033e-03	-1.8336694163411162e-05
 2.0309905631605889e+00	 1.4424237970297776e-03	-1.8336694163889281e-05
 2.0371264863121317e+00	 1.4344546047806732e-03	-1.8336694163388512e-05
 2.0432624094636740e+00	 1.4264854125315863e-03	-1.8336694163901692e-05
 2.0493983326152168e+00	 1.4185162202823406e-03	-1.8336694163386523e-05
 2.0555342557667591e+00	 1.4105470280333947e-03	-1.8336694163892947e-05
 2.0616701789183018e+00	 1.4025778357840103e-03	-1.8336694163405616e-05
 2.0678061020698442e+00	 1.3946086435351970e-03	-1.8336694163863735e-05
 2.0739420252213869e+00	 1.3866394512856901e-03	-1.8336694163443790e-05
 2.0800779483729293e+00	 1.3786702590369865e-03	-1.8336694163817348e-05
 2.0862138715244720e+00	 1.3707010667873844e-03	-1.8336694163496882e-05
 2.0923497946760143e+00	 1.3627318745387592e-03	-1.8336694163758771e-05
 2.0984857178275571e+00	 1.3547626822890983e-03	-1.8336694163559244e-05
 2.1046216409790999e+00	 1.3467934900405127e-03	-1.8336694163694142e-05
 2.1107575641306422e+00	 1.3388242977908315e-03	-1.8336694163624086e-05
 2.1168934872821850e+00	 1.3308551055422450e-03	-1.8336694163630391e-05
 2.1230294104337273e+00	 1.3228859132925863e-03	-1.8336694163684838e-05
 2.1291653335852700e+00	 1.3149167210439600e-03	-1.8336694163573846e-05
 2.1353012567368124e+00	 1.3069475287943563e-03	-1.8336694163735813e-05
 2.1414371798883551e+00	 1.2989783365456599e-03	-1.8336694163529350e-05
 2.1475731030398975e+00	 1.2910091442961374e-03	-1.8336694163773001e-05
 2.1537090261914402e+00	 1.2830399520473517e-03	-1.8336694163499965e-05
 2.1598449493429825e+00	 1.2750707597979254e-03	-1.8336694163794339e-05
 2.1659808724945253e+00	 1.2671015675490395e-03	-1.8336694163486565e-05
 2.1721167956460681e+00	 1.2591323752997154e-03	-1.8336694163799947e-05
 2.1782527187976104e+00	 1.2511631830507274e-03	-1.8336694163488449e-05
 2.1843886419491532e+00	 1.2431939908015021e-03	-1.8336694163790992e-05
 2.1905245651006955e+00	 1.2352247985524213e-03	-1.8336694163503871e-05
 2.1966604882522383e+00	 1.2272556063032828e-03	-1.8336694163769894e-05
 2.2027964114037806e+00	 1.2192864140541228e-03	-1.8336694163529984e-05
 2.2089323345553233e+00	 1.2113172218050530e-03	-1.8336694163739441e-05
 2.2150682577068657e+00	 1.2033480295558332e-03	-1.8336694163563990e-05
 2.2212041808584084e+00	 1.1953788373068137e-03	-1.8336694163702619e-05
 2.2273401040099512e+00	 1.1874096450575546e-03	-1.8336694163602927e-05
 2.2334760271614935e+00	 1.1794404528085638e-03	-1.8336694163662148e-05
 2.2396119503130363e+00	 1.1714712605592874e-03	-1.8336694163644340e-05
 2.2457478734645786e+00	 1.1635020683103037e-03	-1.8336694163620657e-05
 2.2518837966161214e+00	 1.1555328760610309e-03	-1.8336694163685397e-05
 2.2580197197676637e+00	 1.1475636838120308e-03	-1.8336694163580724e-05
 2.2641556429192065e+00	 1.1395944915627840e-03	-1.8336694163723754e-05
 2.2702915660707488e+00	 1.1316252993137483e-03	-1.8336694163544692e-05
 2.2764274892222915e+00	 1.1236561070645480e-03	-1.8336694163757124e-05
 2.2825634123738339e+00	 1.1156869148154578e-03	-1.8336694163514913e-05
 2.2886993355253766e+00	 1.1077177225663193e-03	-1.8336694163783165e-05
 2.2948352586769194e+00	 1.0997485303171593e-03	-1.8336694163493653e-05
 2.3009711818284617e+00	 1.0917793380680971e-03	-1.8336694163799835e-05
 2.3071071049800045e+00	 1.0838101458188554e-03	-1.8336694163482421e-05
 2.3132430281315468e+00	 1.0758409535698782e-03	-1.8336694163805720e-05
 2.3193789512830896e+00	 1.0678717613205506e-03	-1.8336694163482458e-05
 2.3255148744346319e+00	 1.0599025690716591e-03	-1.8336694163800099e-05
 2.3316507975861747e+00	 1.0519333768222465e-03	-1.8336694163493958e-05
 2.3377867207377170e+00	 1.0439641845734365e-03	-1.8336694163783318e-05
 2.3439226438892597e+00	 1.0359949923239465e-03	-1.8336694163516248e-05
 2.3500585670408021e+00	 1.0280258000752085e-03	-1.8336694163756450e-05
 2.3561944901923448e+00	 1.0200566078256536e-03	-1.8336694163547514e-05
 2.3623304133438876e+00	 1.0120874155769731e-03	-1.8336694163721627e-05
 2.3684663364954299e+00	 1.0041182233273705e-03	-1.8336694163585275e-05
 2.3746022596469727e+00	 9.9614903107872682e-04	-1.8336694163681694e-05
 2.3807381827985150e+00	 9.8817983882909760e-04	-1.8336694163626559e-05
 2.3868741059500578e+00	 9.8021064658046844e-04	-1.8336694163639668e-05
 2.3930100291016001e+00	 9.7224145433083716e-04	-1.8336694163668206e-05
 2.3991459522531429e+00	 9.6427226208220009e-04	-1.8336694163599149e-05
 2.4052818754046852e+00	 9.5630306983258626e-04	-1.8336694163706797e-05
 2.4114177985562280e+00	 9.4833387758392208e-04	-1.8336694163562862e-05
 2.4175537217077703e+00	 9.4036468533434414e-04	-1.8336694163740082e-05
 2.4236896448593130e+00	 9.3239549308563572e-04	-1.8336694163533070e-05
 2.4298255680108558e+00	 9.2442630083610852e-04	-1.8336694163765689e-05
 2.4359614911623981e+00	 9.1645710858734449e-04	-1.8336694163511600e-05
 2.4420974143139409e+00	 9.0848791633787833e-04	-1.8336694163782715e-05
 2.4482333374654832e+00	 9.0051872408905000e-04	-1.8336694163498884e-05
 2.4543692606170260e+00	 8.9254953183964889e-04	-1.8336694163790843e-05
 2.4605051837685683e+00	 8.8458033959075498e-04	-1.8336694163495049e-05
 2.4666411069201111e+00	 8.7661114734141924e-04	-1.8336694163790406e-05
 2.4727770300716534e+00	 8.6864195509246201e-04	-1.8336694163499328e-05
 2.4789129532231962e+00	 8.6067276284318710e-04	-1.8336694163782410e-05
 2.4850488763747385e+00	 8.5270357059417348e-04	-1.8336694163510515e-05
 2.4911847995262812e+00	 8.4473437834494953e-04	-1.8336694163768322e-05
 2.4973207226778240e+00	 8.3676518609588821e-04	-1.8336694163527066e-05
 2.5034566458293663e+00	 8.2879599384670785e-04	-1.8336694163749524e-05
 2.5095925689809091e+00	 8.2082680159760945e-04	-1.8336694163547561e-05
 2.5157284921324514e+00	 8.1285760934846074e-04	-1.8336694163727569e-05
 2.5218644152839942e+00	 8.0488841709933632e-04	-1.8336694163570407e-05
 2.5280003384355365e+00	 7.9691922485020702e-04	-1.8336694163703808e-05
 2.5341362615870793e+00	 7.8895003260106861e-04	-1.8336694163594616e-05
 2.5402721847386216e+00	 7.8098084035194853e-04	-1.8336694163679454e-05
 2.5464081078901644e+00	 7.7301164810280611e-04	-1.8336694163618929e-05
 2.5525440310417071e+00	 7.6504245585368408e-04	-1.8336694163655433e-05
 2.5586799541932495e+00	 7.5707326360454871e-04	-1.8336694163642426e-05
 2.5648158773447922e+00	 7.4910407135541583e-04	-1.8336694163632302e-05
 2.5709518004963345e+00	 7.4113487910629726e-04	-1.8336694163664564e-05
 2.5770877236478773e+00	 7.3316568685714259e-04	-1.8336694163611021e-05
 2.5832236467994196e+00	 7.2519649460804929e-04	-1.8336694163684655e-05
 2.5893595699509624e+00	 7.1722730235886567e-04	-1.8336694163592129e-05
 2.5954954931025047e+00	 7.0925811010980500e-04	-1.8336694163702199e-05
 2.6016314162540475e+00	 7.0128891786058463e-04	-1.8336694163576106e-05
 2.6077673394055898e+00	 6.9331972561156418e-04	-1.8336694163716500e-05
 2.6139032625571326e+00	 6.8535053336229957e-04	-1.8336694163563587e-05
 2.6200391857086753e+00	 6.7738134111332759e-04	-1.8336694163726912e-05
 2.6261751088602177e+00	 6.6941214886401224e-04	-1.8336694163555283e-05
 2.6323110320117604e+00	 6.6144295661509317e-04	-1.8336694163732963e-05
 2.6384469551633027e+00	 6.5347376436572274e-04	-1.8336694163551641e-05
 2.6445828783148455e+00	 6.4550457211686016e-04	-1.8336694163733983e-05
 2.6507188014663878e+00	 6.3753537986743184e-04	-1.8336694163553287e-05
 2.6568547246179306e+00	 6.2956618761862812e-04	-1.8336694163729477e-05
 2.6629906477694729e+00	 6.2159699536913984e-04	-1.8336694163560677e-05
 2.6691265709210157e+00	 6.1362780312039706e-04	-1.8336694163719248e-05
 2.6752624940725580e+00	 6.0565861087084861e-04	-1.8336694163573958e-05
 2.6813984172241008e+00	 5.9768941862216405e-04	-1.8336694163703060e-05
 2.6875343403756435e+00	 5.8972022637255889e-04	-1.8336694163593061e-05
 2.6936702635271859e+00	 5.8175103412392887e-04	-1.8336694163681182e-05
 2.6998061866787286e+00	 5.7378184187427330e-04	-1.8336694163617696e-05
 2.7059421098302709e+00	 5.6581264962568979e-04	-1.8336694163654077e-05
 2.7120780329818137e+00	 5.5784345737599074e-04	-1.8336694163647294e-05
 2.7182139561333560e+00	 5.4987426512744680e-04	-1.8336694163622453e-05
 2.7243498792848988e+00	 5.4190507287771382e-04	-1.8336694163680922e-05
 2.7304858024364411e+00	 5.3393588062919655e-04	-1.8336694163587467e-05
 2.7366217255879839e+00	 5.2596668837944296e-04	-1.8336694163717486e-05
 2.7427576487395262e+00	 5.1799749613094109e-04	-1.8336694163549987e-05
 2.7488935718910690e+00	 5.1002830388117819e-04	-1.8336694163755667e-05
 2.7550294950426117e+00	 5.0205911163267881e-04	-1.8336694163511488e-05
 2.7611654181941541e+00	 4.9408991938291959e-04	-1.8336694163794224e-05
 2.7673013413456968e+00	 4.8612072713441007e-04	-1.8336694163473439e-05
 2.7734372644972392e+00	 4.7815153488466836e-04	-1.8336694163831744e-05
 2.7795731876487819e+00	 4.7018234263613423e-04	-1.8336694163436912e-05
 2.7857091108003242e+00	 4.6221315038642315e-04	-1.8336694163866730e-05
 2.7918450339518670e+00	 4.5424395813785341e-04	-1.8336694163403288e-05
 2.7979809571034093e+00	 4.4627476588818293e-04	-1.8336694163898572e-05
 2.8041168802549521e+00	 4.3830557363956732e-04	-1.8336694163373476e-05
 2.8102528034064944e+00	 4.3033638138994791e-04	-1.8336694163926104e-05
 2.8163887265580372e+00	 4.2236718914127685e-04	-1.8336694163348349e-05
 2.8225246497095799e+00	 4.1439799689171555e-04	-1.8336694163948645e-05
 2.8286605728611223e+00	 4.0642880464298426e-04	-1.8336694163328146e-05
 2.8347964960126650e+00	 3.9845961239348698e-04	-1.8336694163965992e-05
 2.8409324191642074e+00	 3.9049042014468831e-04	-1.8336694163313587e-05
 2.8470683423157501e+00	 3.8252122789525950e-04	-1.8336694163977739e-05
 2.8532042654672924e+00	 3.7455203564639241e-04	-1.8336694163304480e-05
 2.8593401886188352e+00	 3.6658284339703240e-04	-1.8336694163984153e-05
 2.8654761117703775e+00	 3.5861365114809663e-04	-1.8336694163300648e-05
 2.8716120349219203e+00	 3.5064445889880432e-04	-1.8336694163985399e-05
 2.8777479580734626e+00	 3.4267526664980041e-04	-1.8336694163301790e-05
 2.8838838812250054e+00	 3.3470607440057478e-04	-1.8336694163981930e-05
 2.8900198043765482e+00	 3.2673688215150755e-04	-1.8336694163307431e-05
 2.8961557275280905e+00	 3.1876768990234453e-04	-1.8336694163974164e-05
 2.9022916506796332e+00	 3.1079849765321582e-04	-1.8336694163317179e-05
 2.9084275738311756e+00	 3.0282930540411173e-04	-1.8336694163962699e-05
 2.9145634969827183e+00	 2.9486011315492714e-04	-1.8336694163330230e-05
 2.9206994201342606e+00	 2.8689092090587569e-04	-1.8336694163948225e-05
 2.9268353432858034e+00	 2.7892172865664068e-04	-1.8336694163346283e-05
 2.9329712664373457e+00	 2.7095253640763698e-04	-1.8336694163930962e-05
 2.9391071895888885e+00	 2.6298334415835768e-04	-1.8336694163364738e-05
 2.9452431127404308e+00	 2.5501415190939481e-04	-1.8336694163911643e-05
 2.9513790358919736e+00	 2.4704495966007821e-04	-1.8336694163384999e-05
 2.9575149590435164e+00	 2.3907576741114981e-04	-1.8336694163890752e-05
 2.9636508821950587e+00	 2.3110657516180132e-04	-1.8336694163406720e-05
 2.9697868053466014e+00	 2.2313738291290119e-04	-1.8336694163868600e-05
 2.9759227284981438e+00	 2.1516819066352738e-04	-1.8336694163429414e-05
 2.9820586516496865e+00	 2.0719899841464942e-04	-1.8336694163845527e-05
 2.9881945748012289e+00	 1.9922980616525712e-04	-1.8336694163452843e-05
 2.9943304979527716e+00	 1.9126061391639440e-04	-1.8336694163822064e-05
 3.0004664211043139e+00	 1.8329142166698988e-04	-1.8336694163476505e-05
 3.0066023442558567e+00	 1.7532222941813596e-04	-1.8336694163798422e-05
 3.0127382674073995e+00	 1.6735303716872621e-04	-1.8336694163500188e-05
 3.0188741905589418e+00	 1.5938384491987379e-04	-1.8336694163775051e-05
 3.0250101137104846e+00	 1.5141465267046452e-04	-1.8336694163523417e-05
 3.0311460368620269e+00	 1.4344546042160912e-04	-1.8336694163752303e-05
 3.0372819600135696e+00	 1.3547626817220768e-04	-1.8336694163545837e-05
 3.0434178831651120e+00	 1.2750707592334160e-04	-1.8336694163730456e-05
 3.0495538063166547e+00	 1.1953788367395160e-04	-1.8336694163567175e-05
 3.0556897294681971e+00	 1.1156869142507099e-04	-1.8336694163709761e-05
 3.0618256526197398e+00	 1.0359949917569970e-04	-1.8336694163586884e-05
 3.0679615757712821e+00	 9.5630306926797486e-05	-1.8336694163690883e-05
 3.0740974989228249e+00	 8.7661114677449936e-05	-1.8336694163604726e-05
 3.0802334220743677e+00	 7.9691922428521376e-05	-1.8336694163674084e-05
 3.0863693452259100e+00	 7.1722730179203371e-05	-1.8336694163620315e-05
 3.0925052683774528e+00	 6.3753537930243153e-05	-1.8336694163659898e-05
 3.0986411915289951e+00	 5.5784345680958650e-05	-1.8336694163633315e-05
 3.1047771146805379e+00	 4.7815153431963195e-05	-1.8336694163648277e-05
 3.1109130378320802e+00	 3.9845961182714525e-05	-1.8336694163643283e-05
 3.1170489609836229e+00	 3.1876768933680960e-05	-1.8336694163639647e-05
 3.1231848841351653e+00	 2.3907576684473056e-05	-1.8336694163649835e-05
 3.1293208072867080e+00	 1.5938384435398726e-05	-1.8336694163634345e-05
 3.1354567304382504e+00	 7.9691921862324547e-06	-1.8336694163653166e-05
