%# 1. u 2. x_tilde 3. y 
%# N = 1024	L =  0.0000000000000000e+00
%# H/L =  2.3439673068356075e-04	c =  1.2000000000000000e-01	h = 1.300000e-02	y0 = 0.000000e+00

-3.1415926535897931e+00	-9.8994012851679048e-16	-2.1667480147743848e-05
-3.1354567304382504e+00	-9.5214512662644473e-06	-2.1667480148045439e-05
-3.1293208072867080e+00	-1.9042902531269702e-05	-2.1667480147743824e-05
-3.1231848841351653e+00	-2.8564353796816950e-05	-2.1667480148045124e-05
-3.1170489609836229e+00	-3.8085805061550179e-05	-2.1667480147743597e-05
-3.1109130378320802e+00	-4.7607256327369127e-05	-2.1667480148045039e-05
-3.1047771146805379e+00	-5.7128707591829787e-05	-2.1667480147743872e-05
-3.0986411915289951e+00	-6.6650158857921088e-05	-2.1667480148044599e-05
-3.0925052683774528e+00	-7.6171610122109613e-05	-2.1667480147744092e-05
-3.0863693452259100e+00	-8.5693061388472398e-05	-2.1667480148044477e-05
-3.0802334220743677e+00	-9.5214512652388571e-05	-2.1667480147744431e-05
-3.0740974989228249e+00	-1.0473596391902523e-04	-2.1667480148044202e-05
-3.0679615757712821e+00	-1.1425741518266861e-04	-2.1667480147744861e-05
-3.0618256526197398e+00	-1.2377886644957762e-04	-2.1667480148043853e-05
-3.0556897294681971e+00	-1.3330031771294822e-04	-2.1667480147745437e-05
-3.0495538063166547e+00	-1.4282176898013088e-04	-2.1667480148043430e-05
-3.0434178831651120e+00	-1.5234322024322783e-04	-2.1667480147745938e-05
-3.0372819600135696e+00	-1.6186467151068284e-04	-2.1667480148043047e-05
-3.0311460368620269e+00	-1.7138612277350744e-04	-2.1667480147746616e-05
-3.0250101137104846e+00	-1.8090757404123524e-04	-2.1667480148042478e-05
-3.0188741905589418e+00	-1.9042902530378835e-04	-2.1667480147747314e-05
-3.0127382674073995e+00	-1.9995047657178850e-04	-2.1667480148041892e-05
-3.0066023442558567e+00	-2.0947192783406753e-04	-2.1667480147748103e-05
-3.0004664211043139e+00	-2.1899337910234132e-04	-2.1667480148041160e-05
-2.9943304979527716e+00	-2.2851483036434670e-04	-2.1667480147748951e-05
-2.9881945748012289e+00	-2.3803628163289502e-04	-2.1667480148040452e-05
-2.9820586516496865e+00	-2.4755773289462588e-04	-2.1667480147749899e-05
-2.9759227284981438e+00	-2.5707918416344828e-04	-2.1667480148039666e-05
-2.9697868053466014e+00	-2.6660063542490592e-04	-2.1667480147751017e-05
-2.9636508821950587e+00	-2.7612208669400241e-04	-2.1667480148038873e-05
-2.9575149590435164e+00	-2.8564353795518553e-04	-2.1667480147752149e-05
-2.9513790358919736e+00	-2.9516498922455611e-04	-2.1667480148037738e-05
-2.9452431127404308e+00	-3.0468644048546465e-04	-2.1667480147753159e-05
-2.9391071895888885e+00	-3.1420789175510991e-04	-2.1667480148036647e-05
-2.9329712664373457e+00	-3.2372934301574328e-04	-2.1667480147754375e-05
-2.9268353432858034e+00	-3.3325079428566463e-04	-2.1667480148035407e-05
-2.9206994201342606e+00	-3.4277224554602327e-04	-2.1667480147755649e-05
-2.9145634969827183e+00	-3.5229369681621952e-04	-2.1667480148034089e-05
-2.9084275738311756e+00	-3.6181514807630179e-04	-2.1667480147756882e-05
-2.9022916506796332e+00	-3.7133659934677338e-04	-2.1667480148032578e-05
-2.8961557275280905e+00	-3.8085805060657983e-04	-2.1667480147758292e-05
-2.8900198043765482e+00	-3.9037950187732794e-04	-2.1667480148031057e-05
-2.8838838812250054e+00	-3.9990095313685825e-04	-2.1667480147759796e-05
-2.8777479580734626e+00	-4.0942240440788261e-04	-2.1667480148029481e-05
-2.8716120349219203e+00	-4.1894385566713558e-04	-2.1667480147761409e-05
-2.8654761117703775e+00	-4.2846530693843793e-04	-2.1667480148027784e-05
-2.8593401886188352e+00	-4.3798675819741405e-04	-2.1667480147763072e-05
-2.8532042654672924e+00	-4.4750820946899385e-04	-2.1667480148026005e-05
-2.8470683423157501e+00	-4.5702966072769127e-04	-2.1667480147764831e-05
-2.8409324191642074e+00	-4.6655111199954928e-04	-2.1667480148024060e-05
-2.8347964960126650e+00	-4.7607256325796839e-04	-2.1667480147766684e-05
-2.8286605728611223e+00	-4.8559401453010547e-04	-2.1667480148022047e-05
-2.8225246497095799e+00	-4.9511546578824550e-04	-2.1667480147768588e-05
-2.8163887265580372e+00	-5.0463691706066074e-04	-2.1667480148019872e-05
-2.8102528034064944e+00	-5.1415836831852186e-04	-2.1667480147770621e-05
-2.8041168802549521e+00	-5.2367981959121790e-04	-2.1667480148017701e-05
-2.7979809571034093e+00	-5.3320127084879735e-04	-2.1667480147772823e-05
-2.7918450339518670e+00	-5.4272272212177453e-04	-2.1667480148015437e-05
-2.7857091108003242e+00	-5.5224417337907273e-04	-2.1667480147775168e-05
-2.7795731876487819e+00	-5.6176562465233169e-04	-2.1667480148013062e-05
-2.7734372644972392e+00	-5.7128707590934800e-04	-2.1667480147777556e-05
-2.7673013413456968e+00	-5.8080852718288864e-04	-2.1667480148010613e-05
-2.7611654181941541e+00	-5.9032997843962327e-04	-2.1667480147780125e-05
-2.7550294950426117e+00	-5.9985142971344678e-04	-2.1667480148007977e-05
-2.7488935718910690e+00	-6.0937288096989811e-04	-2.1667480147782795e-05
-2.7427576487395262e+00	-6.1889433224400394e-04	-2.1667480148005429e-05
-2.7366217255879839e+00	-6.2841578350017197e-04	-2.1667480147785671e-05
-2.7304858024364411e+00	-6.3793723477456317e-04	-2.1667480148002633e-05
-2.7243498792848988e+00	-6.4745868603044573e-04	-2.1667480147788588e-05
-2.7182139561333560e+00	-6.5698013730512239e-04	-2.1667480147999764e-05
-2.7120780329818137e+00	-6.6650158856071905e-04	-2.1667480147791546e-05
-2.7059421098302709e+00	-6.7602303983568194e-04	-2.1667480147996782e-05
-2.6998061866787286e+00	-6.8554449109099313e-04	-2.1667480147794660e-05
-2.6936702635271859e+00	-6.9506594236624225e-04	-2.1667480147993591e-05
-2.6875343403756435e+00	-7.0458739362126580e-04	-2.1667480147797845e-05
-2.6813984172241008e+00	-7.1410884489680148e-04	-2.1667480147990260e-05
-2.6752624940725580e+00	-7.2363029615153738e-04	-2.1667480147801145e-05
-2.6691265709210157e+00	-7.3315174742736309e-04	-2.1667480147986875e-05
-2.6629906477694729e+00	-7.4267319868180897e-04	-2.1667480147804594e-05
-2.6568547246179306e+00	-7.5219464995792404e-04	-2.1667480147983362e-05
-2.6507188014663878e+00	-7.6171610121208034e-04	-2.1667480147808121e-05
-2.6445828783148455e+00	-7.7123755248848598e-04	-2.1667480147979733e-05
-2.6384469551633027e+00	-7.8075900374235041e-04	-2.1667480147811766e-05
-2.6323110320117604e+00	-7.9028045501904878e-04	-2.1667480147975976e-05
-2.6261751088602177e+00	-7.9980190627262069e-04	-2.1667480147815544e-05
-2.6200391857086753e+00	-8.0932335754961180e-04	-2.1667480147972134e-05
-2.6139032625571326e+00	-8.1884480880288989e-04	-2.1667480147819444e-05
-2.6077673394055898e+00	-8.2836626008017493e-04	-2.1667480147968166e-05
-2.6016314162540475e+00	-8.3788771133315909e-04	-2.1667480147823428e-05
-2.5954954931025047e+00	-8.4740916261073947e-04	-2.1667480147964070e-05
-2.5893595699509624e+00	-8.5693061386342732e-04	-2.1667480147827498e-05
-2.5832236467994196e+00	-8.6645206514130379e-04	-2.1667480147959848e-05
-2.5770877236478773e+00	-8.7597351639369457e-04	-2.1667480147831746e-05
-2.5709518004963345e+00	-8.8549496767186952e-04	-2.1667480147955688e-05
-2.5648158773447922e+00	-8.9501641892396149e-04	-2.1667480147836042e-05
-2.5586799541932495e+00	-9.0453787020243514e-04	-2.1667480147951286e-05
-2.5525440310417071e+00	-9.1405932145422798e-04	-2.1667480147840583e-05
-2.5464081078901644e+00	-9.2358077273300217e-04	-2.1667480147946723e-05
-2.5402721847386216e+00	-9.3310222398449317e-04	-2.1667480147845018e-05
-2.5341362615870793e+00	-9.4262367526356963e-04	-2.1667480147942179e-05
-2.5280003384355365e+00	-9.5214512651475814e-04	-2.1667480147849717e-05
-2.5218644152839942e+00	-9.6166657779413742e-04	-2.1667480147937636e-05
-2.5157284921324514e+00	-9.7118802904502290e-04	-2.1667480147854521e-05
-2.5095925689809091e+00	-9.8070948032470619e-04	-2.1667480147932865e-05
-2.5034566458293663e+00	-9.9023093157528624e-04	-2.1667480147859363e-05
-2.4973207226778240e+00	-9.9975238285527615e-04	-2.1667480147928054e-05
-2.4911847995262812e+00	-1.0092738341055492e-03	-2.1667480147864303e-05
-2.4850488763747385e+00	-1.0187952853858465e-03	-2.1667480147923097e-05
-2.4789129532231962e+00	-1.0283167366358110e-03	-2.1667480147869253e-05
-2.4727770300716534e+00	-1.0378381879164180e-03	-2.1667480147918174e-05
-2.4666411069201111e+00	-1.0473596391660715e-03	-2.1667480147874352e-05
-2.4605051837685683e+00	-1.0568810904469904e-03	-2.1667480147913092e-05
-2.4543692606170260e+00	-1.0664025416963327e-03	-2.1667480147879465e-05
-2.4482333374654832e+00	-1.0759239929775634e-03	-2.1667480147907969e-05
-2.4420974143139409e+00	-1.0854454442265926e-03	-2.1667480147884666e-05
-2.4359614911623981e+00	-1.0949668955081370e-03	-2.1667480147902765e-05
-2.4298255680108558e+00	-1.1044883467568509e-03	-2.1667480147889880e-05
-2.4236896448593130e+00	-1.1140097980387104e-03	-2.1667480147897456e-05
-2.4175537217077703e+00	-1.1235312492871088e-03	-2.1667480147895175e-05
-2.4114177985562280e+00	-1.1330527005692871e-03	-2.1667480147892143e-05
-2.4052818754046852e+00	-1.1425741518173657e-03	-2.1667480147900488e-05
-2.3991459522531429e+00	-1.1520956030998636e-03	-2.1667480147886695e-05
-2.3930100291016001e+00	-1.1616170543476221e-03	-2.1667480147905851e-05
-2.3868741059500578e+00	-1.1711385056304407e-03	-2.1667480147881304e-05
-2.3807381827985150e+00	-1.1806599568778772e-03	-2.1667480147911347e-05
-2.3746022596469727e+00	-1.1901814081610187e-03	-2.1667480147875904e-05
-2.3684663364954299e+00	-1.1997028594081314e-03	-2.1667480147916795e-05
-2.3623304133438876e+00	-1.2092243106915984e-03	-2.1667480147870378e-05
-2.3561944901923448e+00	-1.2187457619383842e-03	-2.1667480147922294e-05
-2.3500585670408021e+00	-1.2282672132221787e-03	-2.1667480147864933e-05
-2.3439226438892597e+00	-1.2377886644686371e-03	-2.1667480147927624e-05
-2.3377867207377170e+00	-1.2473101157527606e-03	-2.1667480147859285e-05
-2.3316507975861747e+00	-1.2568315669988872e-03	-2.1667480147933021e-05
-2.3255148744346319e+00	-1.2663530182833425e-03	-2.1667480147853569e-05
-2.3193789512830896e+00	-1.2758744695291389e-03	-2.1667480147938439e-05
-2.3132430281315468e+00	-1.2853959208139257e-03	-2.1667480147847969e-05
-2.3071071049800045e+00	-1.2949173720593864e-03	-2.1667480147943924e-05
-2.3009711818284617e+00	-1.3044388233445095e-03	-2.1667480147842382e-05
-2.2948352586769194e+00	-1.3139602745896348e-03	-2.1667480147949484e-05
-2.2886993355253766e+00	-1.3234817258750938e-03	-2.1667480147836825e-05
-2.2825634123738339e+00	-1.3330031771198810e-03	-2.1667480147955101e-05
-2.2764274892222915e+00	-1.3425246284056802e-03	-2.1667480147831296e-05
-2.2702915660707488e+00	-1.3520460796501267e-03	-2.1667480147960661e-05
-2.2641556429192065e+00	-1.3615675309362678e-03	-2.1667480147825783e-05
-2.2580197197676637e+00	-1.3710889821803710e-03	-2.1667480147966245e-05
-2.2518837966161214e+00	-1.3806104334668562e-03	-2.1667480147820210e-05
-2.2457478734645786e+00	-1.3901318847106140e-03	-2.1667480147971862e-05
-2.2396119503130363e+00	-1.3996533359974456e-03	-2.1667480147814694e-05
-2.2334760271614935e+00	-1.4091747872408567e-03	-2.1667480147977473e-05
-2.2273401040099512e+00	-1.4186962385280362e-03	-2.1667480147809181e-05
-2.2212041808584084e+00	-1.4282176897710977e-03	-2.1667480147982979e-05
-2.2150682577068657e+00	-1.4377391410586291e-03	-2.1667480147803632e-05
-2.2089323345553233e+00	-1.4472605923013374e-03	-2.1667480147988505e-05
-2.2027964114037806e+00	-1.4567820435892219e-03	-2.1667480147798078e-05
-2.1966604882522383e+00	-1.4663034948315763e-03	-2.1667480147994089e-05
-2.1905245651006955e+00	-1.4758249461198163e-03	-2.1667480147792576e-05
-2.1843886419491532e+00	-1.4853463973618132e-03	-2.1667480147999676e-05
-2.1782527187976104e+00	-1.4948678486504116e-03	-2.1667480147787087e-05
-2.1721167956460681e+00	-1.5043892998920490e-03	-2.1667480148005208e-05
-2.1659808724945253e+00	-1.5139107511810100e-03	-2.1667480147781710e-05
-2.1598449493429825e+00	-1.5234322024222848e-03	-2.1667480148010812e-05
-2.1537090261914402e+00	-1.5329536537116077e-03	-2.1667480147776354e-05
-2.1475731030398975e+00	-1.5424751049525176e-03	-2.1667480148016389e-05
-2.1414371798883551e+00	-1.5519965562422078e-03	-2.1667480147770760e-05
-2.1353012567368124e+00	-1.5615180074827497e-03	-2.1667480148021915e-05
-2.1291653335852700e+00	-1.5710394587728090e-03	-2.1667480147765295e-05
-2.1230294104337273e+00	-1.5805609100129814e-03	-2.1667480148027394e-05
-2.1168934872821850e+00	-1.5900823613034121e-03	-2.1667480147759721e-05
-2.1107575641306422e+00	-1.5996038125432098e-03	-2.1667480148032913e-05
-2.1046216409790999e+00	-1.6091252638340159e-03	-2.1667480147754266e-05
-2.0984857178275571e+00	-1.6186467150734382e-03	-2.1667480148038507e-05
-2.0923497946760143e+00	-1.6281681663646210e-03	-2.1667480147748852e-05
-2.0862138715244720e+00	-1.6376896176036647e-03	-2.1667480148044155e-05
-2.0800779483729293e+00	-1.6472110688952283e-03	-2.1667480147743424e-05
-2.0739420252213869e+00	-1.6567325201338899e-03	-2.1667480148049718e-05
-2.0678061020698442e+00	-1.6662539714258381e-03	-2.1667480147737912e-05
-2.0616701789183018e+00	-1.6757754226641134e-03	-2.1667480148055166e-05
-2.0555342557667591e+00	-1.6852968739564484e-03	-2.1667480147732460e-05
-2.0493983326152168e+00	-1.6948183251943355e-03	-2.1667480148060703e-05
-2.0432624094636740e+00	-1.7043397764870604e-03	-2.1667480147726938e-05
-2.0371264863121317e+00	-1.7138612277245559e-03	-2.1667480148066202e-05
-2.0309905631605889e+00	-1.7233826790176736e-03	-2.1667480147721439e-05
-2.0248546400090461e+00	-1.7329041302547746e-03	-2.1667480148071623e-05
-2.0187187168575038e+00	-1.7424255815482903e-03	-2.1667480147715947e-05
-2.0125827937059610e+00	-1.7519470327849913e-03	-2.1667480148076915e-05
-2.0064468705544187e+00	-1.7614684840789080e-03	-2.1667480147710424e-05
-2.0003109474028760e+00	-1.7709899353152065e-03	-2.1667480148082153e-05
-1.9941750242513334e+00	-1.7805113866095263e-03	-2.1667480147705057e-05
-1.9880391010997909e+00	-1.7900328378454196e-03	-2.1667480148087510e-05
-1.9819031779482483e+00	-1.7995542891401468e-03	-2.1667480147699789e-05
-1.9757672547967058e+00	-1.8090757403756309e-03	-2.1667480148092714e-05
-1.9696313316451632e+00	-1.8185971916707699e-03	-2.1667480147694422e-05
-1.9634954084936207e+00	-1.8281186429058398e-03	-2.1667480148097681e-05
-1.9573594853420782e+00	-1.8376400942013941e-03	-2.1667480147689191e-05
-1.9512235621905356e+00	-1.8471615454360463e-03	-2.1667480148102719e-05
-1.9450876390389933e+00	-1.8566829967320204e-03	-2.1667480147684400e-05
-1.9389517158874505e+00	-1.8662044479662511e-03	-2.1667480148107669e-05
-1.9328157927359080e+00	-1.8757258992626485e-03	-2.1667480147679538e-05
-1.9266798695843652e+00	-1.8852473504964553e-03	-2.1667480148112497e-05
-1.9205439464328224e+00	-1.8947688017932802e-03	-2.1667480147674839e-05
-1.9144080232812801e+00	-1.9042902530266555e-03	-2.1667480148117010e-05
-1.9082721001297376e+00	-1.9138117043239131e-03	-2.1667480147670353e-05
-1.9021361769781950e+00	-1.9233331555568545e-03	-2.1667480148121289e-05
-1.8960002538266525e+00	-1.9328546068545470e-03	-2.1667480147666094e-05
-1.8898643306751099e+00	-1.9423760580870504e-03	-2.1667480148125328e-05
-1.8837284075235674e+00	-1.9518975093851840e-03	-2.1667480147662028e-05
-1.8775924843720246e+00	-1.9614189606172458e-03	-2.1667480148129041e-05
-1.8714565612204823e+00	-1.9709404119158240e-03	-2.1667480147658409e-05
-1.8653206380689393e+00	-1.9804618631474374e-03	-2.1667480148132518e-05
-1.8591847149173970e+00	-1.9899833144464644e-03	-2.1667480147655004e-05
-1.8530487917658545e+00	-1.9995047656776268e-03	-2.1667480148135604e-05
-1.8469128686143119e+00	-2.0090262169771078e-03	-2.1667480147652077e-05
-1.8407769454627694e+00	-2.0185476682078136e-03	-2.1667480148138321e-05
-1.8346410223112268e+00	-2.0280691195077544e-03	-2.1667480147649509e-05
-1.8285050991596843e+00	-2.0375905707379982e-03	-2.1667480148140639e-05
-1.8223691760081417e+00	-2.0471120220384026e-03	-2.1667480147647452e-05
-1.8162332528565992e+00	-2.0566334732681816e-03	-2.1667480148142570e-05
-1.8100973297050564e+00	-2.0661549245690534e-03	-2.1667480147645917e-05
-1.8039614065535141e+00	-2.0756763757983623e-03	-2.1667480148144081e-05
-1.7978254834019713e+00	-2.0851978270997082e-03	-2.1667480147644901e-05
-1.7916895602504286e+00	-2.0947192783285400e-03	-2.1667480148145020e-05
-1.7855536370988863e+00	-2.1042407296303629e-03	-2.1667480147644298e-05
-1.7794177139473437e+00	-2.1137621808587155e-03	-2.1667480148145392e-05
-1.7732817907958012e+00	-2.1232836321610224e-03	-2.1667480147644193e-05
-1.7671458676442586e+00	-2.1328050833888884e-03	-2.1667480148145233e-05
-1.7610099444927161e+00	-2.1423265346916819e-03	-2.1667480147644681e-05
-1.7548740213411735e+00	-2.1518479859190592e-03	-2.1667480148144508e-05
-1.7487380981896310e+00	-2.1613694372223454e-03	-2.1667480147645663e-05
-1.7426021750380882e+00	-2.1708908884492274e-03	-2.1667480148143349e-05
-1.7364662518865459e+00	-2.1804123397530105e-03	-2.1667480147647476e-05
-1.7303303287350031e+00	-2.1899337909793951e-03	-2.1667480148141557e-05
-1.7241944055834606e+00	-2.1994552422836791e-03	-2.1667480147649658e-05
-1.7180584824319181e+00	-2.2089766935095567e-03	-2.1667480148139138e-05
-1.7119225592803755e+00	-2.2184981448143508e-03	-2.1667480147652382e-05
-1.7057866361288330e+00	-2.2280195960397184e-03	-2.1667480148136143e-05
-1.6996507129772904e+00	-2.2375410473450233e-03	-2.1667480147655635e-05
-1.6935147898257479e+00	-2.2470624985698765e-03	-2.1667480148132599e-05
-1.6873788666742053e+00	-2.2565839498756984e-03	-2.1667480147659395e-05
-1.6812429435226628e+00	-2.2661054011000330e-03	-2.1667480148128496e-05
-1.6751070203711202e+00	-2.2756268524063779e-03	-2.1667480147663651e-05
-1.6689710972195775e+00	-2.2851483036301855e-03	-2.1667480148123915e-05
-1.6628351740680349e+00	-2.2946697549370578e-03	-2.1667480147668445e-05
-1.6566992509164924e+00	-2.3041912061603363e-03	-2.1667480148118752e-05
-1.6505633277649499e+00	-2.3137126574677412e-03	-2.1667480147673754e-05
-1.6444274046134073e+00	-2.3232341086904841e-03	-2.1667480148113253e-05
-1.6382914814618650e+00	-2.3327555599984284e-03	-2.1667480147679599e-05
-1.6321555583103224e+00	-2.3422770112206288e-03	-2.1667480148107242e-05
-1.6260196351587797e+00	-2.3517984625291183e-03	-2.1667480147685847e-05
-1.6198837120072371e+00	-2.3613199137507705e-03	-2.1667480148100828e-05
-1.6137477888556946e+00	-2.3708413650598099e-03	-2.1667480147692609e-05
-1.6076118657041520e+00	-2.3803628162809109e-03	-2.1667480148093984e-05
-1.6014759425526093e+00	-2.3898842675905054e-03	-2.1667480147699806e-05
-1.5953400194010667e+00	-2.3994057188110466e-03	-2.1667480148086490e-05
-1.5892040962495240e+00	-2.4089271701212035e-03	-2.1667480147707463e-05
-1.5830681730979816e+00	-2.4184486213411809e-03	-2.1667480148078592e-05
-1.5769322499464391e+00	-2.4279700726519042e-03	-2.1667480147715513e-05
-1.5707963267948966e+00	-2.4374915238713104e-03	-2.1667480148070311e-05
-1.5646604036433540e+00	-2.4470129751826093e-03	-2.1667480147724217e-05
-1.5585244804918115e+00	-2.4565344264014378e-03	-2.1667480148061512e-05
-1.5523885573402689e+00	-2.4660558777133169e-03	-2.1667480147733433e-05
-1.5462526341887264e+00	-2.4755773289315600e-03	-2.1667480148051711e-05
-1.5401167110371838e+00	-2.4850987802440272e-03	-2.1667480147742947e-05
-1.5339807878856411e+00	-2.4946202314616818e-03	-2.1667480148041512e-05
-1.5278448647340985e+00	-2.5041416827747427e-03	-2.1667480147753338e-05
-1.5217089415825558e+00	-2.5136631339917970e-03	-2.1667480148030684e-05
-1.5155730184310134e+00	-2.5231845853054607e-03	-2.1667480147764475e-05
-1.5094370952794709e+00	-2.5327060365219109e-03	-2.1667480148019056e-05
-1.5033011721279284e+00	-2.5422274878361814e-03	-2.1667480147776350e-05
-1.4971652489763858e+00	-2.5517489390520201e-03	-2.1667480148006611e-05
-1.4910293258248433e+00	-2.5612703903669055e-03	-2.1667480147789120e-05
-1.4848934026733007e+00	-2.5707918415821263e-03	-2.1667480147993404e-05
-1.4787574795217582e+00	-2.5803132928976340e-03	-2.1667480147802730e-05
-1.4726215563702154e+00	-2.5898347441122281e-03	-2.1667480147979388e-05
-1.4664856332186729e+00	-2.5993561954283650e-03	-2.1667480147817364e-05
-1.4603497100671303e+00	-2.6088776466423277e-03	-2.1667480147964398e-05
-1.4542137869155878e+00	-2.6183990979591005e-03	-2.1667480147832776e-05
-1.4480778637640452e+00	-2.6279205491724230e-03	-2.1667480147948447e-05
-1.4419419406125029e+00	-2.6374420004898389e-03	-2.1667480147849073e-05
-1.4358060174609601e+00	-2.6469634517025157e-03	-2.1667480147931689e-05
-1.4296700943094176e+00	-2.6564849030205808e-03	-2.1667480147866190e-05
-1.4235341711578751e+00	-2.6660063542326036e-03	-2.1667480147914169e-05
-1.4173982480063327e+00	-2.6755278055513253e-03	-2.1667480147884005e-05
-1.4112623248547900e+00	-2.6850492567626902e-03	-2.1667480147895914e-05
-1.4051264017032472e+00	-2.6945707080820746e-03	-2.1667480147902446e-05
-1.3989904785517047e+00	-2.7040921592927721e-03	-2.1667480147877185e-05
-1.3928545554001621e+00	-2.7136136106128248e-03	-2.1667480147921230e-05
-1.3867186322486196e+00	-2.7231350618228505e-03	-2.1667480147858048e-05
-1.3805827090970770e+00	-2.7326565131435797e-03	-2.1667480147940421e-05
-1.3744467859455345e+00	-2.7421779643529271e-03	-2.1667480147838834e-05
-1.3683108627939919e+00	-2.7516994156743381e-03	-2.1667480147959702e-05
-1.3621749396424494e+00	-2.7612208668829985e-03	-2.1667480147819573e-05
-1.3560390164909069e+00	-2.7707423182050995e-03	-2.1667480147978761e-05
-1.3499030933393643e+00	-2.7802637694130674e-03	-2.1667480147800823e-05
-1.3437671701878215e+00	-2.7897852207358640e-03	-2.1667480147997656e-05
-1.3376312470362790e+00	-2.7993066719431332e-03	-2.1667480147782334e-05
-1.3314953238847365e+00	-2.8088281232666341e-03	-2.1667480148015942e-05
-1.3253594007331939e+00	-2.8183495744731925e-03	-2.1667480147764434e-05
-1.3192234775816516e+00	-2.8278710257974076e-03	-2.1667480148033611e-05
-1.3130875544301088e+00	-2.8373924770032505e-03	-2.1667480147747321e-05
-1.3069516312785661e+00	-2.8469139283281864e-03	-2.1667480148050531e-05
-1.3008157081270237e+00	-2.8564353795333020e-03	-2.1667480147730922e-05
-1.2946797849754810e+00	-2.8659568308589678e-03	-2.1667480148066530e-05
-1.2885438618239387e+00	-2.8754782820633500e-03	-2.1667480147715354e-05
-1.2824079386723961e+00	-2.8849997333897557e-03	-2.1667480148081716e-05
-1.2762720155208533e+00	-2.8945211845933915e-03	-2.1667480147700680e-05
-1.2701360923693108e+00	-2.9040426359205488e-03	-2.1667480148095997e-05
-1.2640001692177683e+00	-2.9135640871234300e-03	-2.1667480147686887e-05
-1.2578642460662257e+00	-2.9230855384513471e-03	-2.1667480148109515e-05
-1.2517283229146834e+00	-2.9326069896534598e-03	-2.1667480147673839e-05
-1.2455923997631406e+00	-2.9421284409821506e-03	-2.1667480148122146e-05
-1.2394564766115981e+00	-2.9516498921834870e-03	-2.1667480147661808e-05
-1.2333205534600555e+00	-2.9611713435129606e-03	-2.1667480148133941e-05
-1.2271846303085130e+00	-2.9706927947135081e-03	-2.1667480147650654e-05
-1.2210487071569704e+00	-2.9802142460437753e-03	-2.1667480148144654e-05
-1.2149127840054279e+00	-2.9897356972435232e-03	-2.1667480147640642e-05
-1.2087768608538849e+00	-2.9992571485745966e-03	-2.1667480148154134e-05
-1.2026409377023426e+00	-3.0087785997735326e-03	-2.1667480147631911e-05
-1.1965050145507998e+00	-3.0183000511054226e-03	-2.1667480148161984e-05
-1.1903690913992575e+00	-3.0278215023035377e-03	-2.1667480147624877e-05
-1.1842331682477150e+00	-3.0373429536362548e-03	-2.1667480148167903e-05
-1.1780972450961724e+00	-3.0468644048335346e-03	-2.1667480147620130e-05
-1.1719613219446299e+00	-3.0563858561670943e-03	-2.1667480148171264e-05
-1.1658253987930873e+00	-3.0659073073635258e-03	-2.1667480147618172e-05
-1.1596894756415448e+00	-3.0754287586979398e-03	-2.1667480148171620e-05
-1.1535535524900022e+00	-3.0849502098935092e-03	-2.1667480147619626e-05
-1.1474176293384595e+00	-3.0944716612287915e-03	-2.1667480148168323e-05
-1.1412817061869169e+00	-3.1039931124234870e-03	-2.1667480147624769e-05
-1.1351457830353744e+00	-3.1135145637596526e-03	-2.1667480148161140e-05
-1.1290098598838318e+00	-3.1230360149534534e-03	-2.1667480147634100e-05
-1.1228739367322893e+00	-3.1325574662905233e-03	-2.1667480148149607e-05
-1.1167380135807468e+00	-3.1420789174834117e-03	-2.1667480147647683e-05
-1.1106020904292042e+00	-3.1516003688214032e-03	-2.1667480148133795e-05
-1.1044661672776617e+00	-3.1611218200133587e-03	-2.1667480147665521e-05
-1.0983302441261191e+00	-3.1706432713522943e-03	-2.1667480148113795e-05
-1.0921943209745768e+00	-3.1801647225432944e-03	-2.1667480147687337e-05
-1.0860583978230340e+00	-3.1896861738831988e-03	-2.1667480148089993e-05
-1.0799224746714913e+00	-3.1992076250732171e-03	-2.1667480147712860e-05
-1.0737865515199487e+00	-3.2087290764141142e-03	-2.1667480148062746e-05
-1.0676506283684062e+00	-3.2182505276031272e-03	-2.1667480147741547e-05
-1.0615147052168636e+00	-3.2277719789450439e-03	-2.1667480148032490e-05
-1.0553787820653213e+00	-3.2372934301330225e-03	-2.1667480147773328e-05
-1.0492428589137786e+00	-3.2468148814759879e-03	-2.1667480147999381e-05
-1.0431069357622360e+00	-3.2563363326629045e-03	-2.1667480147807779e-05
-1.0369710126106935e+00	-3.2658577840069458e-03	-2.1667480147963402e-05
-1.0308350894591509e+00	-3.2753792351927725e-03	-2.1667480147845339e-05
-1.0246991663076084e+00	-3.2849006865379188e-03	-2.1667480147924357e-05
-1.0185632431560658e+00	-3.2944221377226241e-03	-2.1667480147886038e-05
-1.0124273200045231e+00	-3.3039435890689088e-03	-2.1667480147881840e-05
-1.0062913968529805e+00	-3.3134650402524592e-03	-2.1667480147930392e-05
-1.0001554737014380e+00	-3.3229864915999135e-03	-2.1667480147835639e-05
-9.9401955054989533e-01	-3.3325079427822769e-03	-2.1667480147978483e-05
-9.8788362739835278e-01	-3.3420293941309387e-03	-2.1667480147785857e-05
-9.8174770424681035e-01	-3.3515508453120747e-03	-2.1667480148029959e-05
-9.7561178109526792e-01	-3.3610722966619846e-03	-2.1667480147733084e-05
-9.6947585794372526e-01	-3.3705937478418495e-03	-2.1667480148083800e-05
-9.6333993479218272e-01	-3.3801151991930535e-03	-2.1667480147678738e-05
-9.5720401164064017e-01	-3.3896366503716018e-03	-2.1667480148138548e-05
-9.5106808848909752e-01	-3.3991581017241458e-03	-2.1667480147624338e-05
-9.4493216533755497e-01	-3.4086795529013306e-03	-2.1667480148192108e-05
-9.3879624218601254e-01	-3.4182010042552642e-03	-2.1667480147572137e-05
-9.3266031903446978e-01	-3.4277224554310330e-03	-2.1667480148242530e-05
-9.2652439588292723e-01	-3.4372439067864059e-03	-2.1667480147523870e-05
-9.2038847273138458e-01	-3.4467653579607115e-03	-2.1667480148288222e-05
-9.1425254957984214e-01	-3.4562868093175724e-03	-2.1667480147480976e-05
-9.0811662642829971e-01	-3.4658082604903653e-03	-2.1667480148328097e-05
-9.0198070327675706e-01	-3.4753297118487623e-03	-2.1667480147444100e-05
-8.9584478012521440e-01	-3.4848511630199953e-03	-2.1667480148361745e-05
-8.8970885697367186e-01	-3.4943726143799782e-03	-2.1667480147413620e-05
-8.8357293382212931e-01	-3.5038940655496009e-03	-2.1667480148388559e-05
-8.7743701067058666e-01	-3.5134155169112180e-03	-2.1667480147389978e-05
-8.7130108751904423e-01	-3.5229369680791806e-03	-2.1667480148407644e-05
-8.6516516436750157e-01	-3.5324584194424825e-03	-2.1667480147374816e-05
-8.5902924121595903e-01	-3.5419798706087329e-03	-2.1667480148416921e-05
-8.5289331806441637e-01	-3.5515013219737743e-03	-2.1667480147370327e-05
-8.4675739491287394e-01	-3.5610227731382596e-03	-2.1667480148413627e-05
-8.4062147176133140e-01	-3.5705442245050922e-03	-2.1667480147379356e-05
-8.3448554860978885e-01	-3.5800656756677604e-03	-2.1667480148394552e-05
-8.2834962545824620e-01	-3.5895871270364317e-03	-2.1667480147404184e-05
-8.2221370230670354e-01	-3.5991085781972385e-03	-2.1667480148357818e-05
-8.1607777915516100e-01	-3.6086300295677886e-03	-2.1667480147445099e-05
-8.0994185600361845e-01	-3.6181514807266967e-03	-2.1667480148303113e-05
-8.0380593285207591e-01	-3.6276729320991589e-03	-2.1667480147500465e-05
-7.9767000970053337e-01	-3.6371943832561359e-03	-2.1667480148231437e-05
-7.9153408654899082e-01	-3.6467158346305392e-03	-2.1667480147567218e-05
-7.8539816339744839e-01	-3.6562372857855564e-03	-2.1667480148143952e-05
-7.7926224024590574e-01	-3.6657587371619255e-03	-2.1667480147640598e-05
-7.7312631709436319e-01	-3.6752801883149556e-03	-2.1667480148040323e-05
-7.6699039394282054e-01	-3.6848016396933119e-03	-2.1667480147716441e-05
-7.6085447079127788e-01	-3.6943230908443266e-03	-2.1667480147917724e-05
-7.5471854763973545e-01	-3.7038445422246883e-03	-2.1667480147788280e-05
-7.4858262448819290e-01	-3.7133659933736639e-03	-2.1667480147771820e-05
-7.4244670133665036e-01	-3.7228874447560374e-03	-2.1667480147844848e-05
-7.3631077818510771e-01	-3.7324088959029495e-03	-2.1667480147596593e-05
-7.3017485503356516e-01	-3.7419303472873331e-03	-2.1667480147865119e-05
-7.2403893188202262e-01	-3.7514517984321583e-03	-2.1667480147382111e-05
-7.1790300873048007e-01	-3.7609732498185382e-03	-2.1667480147816059e-05
-7.1176708557893753e-01	-3.7704947009612353e-03	-2.1667480147108085e-05
-7.0563116242739499e-01	-3.7800161523495910e-03	-2.1667480147649397e-05
-6.9949523927585233e-01	-3.7895376034900916e-03	-2.1667480146731935e-05
-6.9335931612430979e-01	-3.7990590548803932e-03	-2.1667480147292539e-05
-6.8722339297276724e-01	-3.8085805060185801e-03	-2.1667480146173872e-05
-6.8108746982122470e-01	-3.8181019574107678e-03	-2.1667480146629857e-05
-6.7495154666968216e-01	-3.8276234085464584e-03	-2.1667480145298213e-05
-6.6881562351813950e-01	-3.8371448599404221e-03	-2.1667480145469978e-05
-6.6267970036659696e-01	-3.8466663110733215e-03	-2.1667480143874910e-05
-6.5654377721505441e-01	-3.8561877624688629e-03	-2.1667480143496621e-05
-6.5040785406351198e-01	-3.8657092135984993e-03	-2.1667480141509387e-05
-6.4427193091196933e-01	-3.8752306649952589e-03	-2.1667480140192719e-05
-6.3813600776042678e-01	-3.8847521161208690e-03	-2.1667480137531592e-05
-6.3200008460888413e-01	-3.8942735675182062e-03	-2.1667480134698721e-05
-6.2586416145734158e-01	-3.9037950186385719e-03	-2.1667480130816948e-05
-6.1972823830579904e-01	-3.9133164700353423e-03	-2.1667480125577128e-05
-6.1359231515425650e-01	-3.9228379211485058e-03	-2.1667480119480764e-05
-6.0745639200271395e-01	-3.9323593725426945e-03	-2.1667480110422831e-05
-6.0132046885117130e-01	-3.9418808236454973e-03	-2.1667480100369661e-05
-5.9518454569962886e-01	-3.9514022750336058e-03	-2.1667480085205078e-05
-5.8904862254808610e-01	-3.9609237261209020e-03	-2.1667480068212269e-05
-5.8291269939654355e-01	-3.9704451774969039e-03	-2.1667480043166487e-05
-5.7677677624500112e-01	-3.9799666285602608e-03	-2.1667480014197008e-05
-5.7064085309345847e-01	-3.9894880799138752e-03	-2.1667479972978162e-05
-5.6450492994191592e-01	-3.9990095309393866e-03	-2.1667479923593563e-05
-5.5836900679037338e-01	-4.0085309822531865e-03	-2.1667479855652176e-05
-5.5223308363883084e-01	-4.0180524332177926e-03	-2.1667479771770744e-05
-5.4609716048728829e-01	-4.0275738844623822e-03	-2.1667479659372108e-05
-5.3996123733574575e-01	-4.0370953353277015e-03	-2.1667479517525941e-05
-5.3382531418420309e-01	-4.0466167864536655e-03	-2.1667479330846076e-05
-5.2768939103266055e-01	-4.0561382371556284e-03	-2.1667479091916317e-05
-5.2155346788111800e-01	-4.0656596880800869e-03	-2.1667478780835739e-05
-5.1541754472957546e-01	-4.0751811385115640e-03	-2.1667478379552762e-05
-5.0928162157803292e-01	-4.0847025890957027e-03	-2.1667477859940899e-05
-5.0314569842649037e-01	-4.0942240390773764e-03	-2.1667477187277476e-05
-4.9700977527494766e-01	-4.1037454890888534e-03	-2.1667476318074468e-05
-4.9087385212340517e-01	-4.1132669383204569e-03	-2.1667475191721029e-05
-4.8473792897186263e-01	-4.1227883873704704e-03	-2.1667473736635669e-05
-4.7860200582032003e-01	-4.1323098353491612e-03	-2.1667471851509950e-05
-4.7246608266877754e-01	-4.1418312827870944e-03	-2.1667469414979924e-05
-4.6633015951723489e-01	-4.1513527286708655e-03	-2.1667466260315616e-05
-4.6019423636569234e-01	-4.1608741734078412e-03	-2.1667462180382871e-05
-4.5405831321414980e-01	-4.1703956157870007e-03	-2.1667456900903672e-05
-4.4792239006260720e-01	-4.1799170560004066e-03	-2.1667450069925462e-05
-4.4178646691106466e-01	-4.1894384925152276e-03	-2.1667441233471666e-05
-4.3565054375952217e-01	-4.1989599251540215e-03	-2.1667429797907352e-05
-4.2951462060797951e-01	-4.2084813518548942e-03	-2.1667415006472659e-05
-4.2337869745643697e-01	-4.2180027718114032e-03	-2.1667395863939029e-05
-4.1724277430489443e-01	-4.2275241820877631e-03	-2.1667371102375949e-05
-4.1110685115335188e-01	-4.2370455808109775e-03	-2.1667339058789997e-05
-4.0497092800180928e-01	-4.2465669635974573e-03	-2.1667297603967309e-05
-3.9883500485026663e-01	-4.2560883267704838e-03	-2.1667243961435429e-05
-3.9269908169872408e-01	-4.2656096635414406e-03	-2.1667174555989405e-05
-3.8656315854718160e-01	-4.2751309671912579e-03	-2.1667084749808572e-05
-3.8042723539563900e-01	-4.2846522269267689e-03	-2.1666968548259307e-05
-3.7429131224409640e-01	-4.2941734309126208e-03	-2.1666818197908872e-05
-3.6815538909255391e-01	-4.3036945616764348e-03	-2.1666623662330427e-05
-3.6201946594101131e-01	-4.3132155988020665e-03	-2.1666371968588481e-05
-3.5588354278946877e-01	-4.3227365136616997e-03	-2.1666046322243092e-05
-3.4974761963792622e-01	-4.3322572714660284e-03	-2.1665624999451217e-05
-3.4361169648638362e-01	-4.3417778249264290e-03	-2.1665079888341080e-05
-3.3747577333484102e-01	-4.3512981151732797e-03	-2.1664374601982356e-05
-3.3133985018329848e-01	-4.3608180636716155e-03	-2.1663462079239684e-05
-3.2520392703175588e-01	-4.3703375712139270e-03	-2.1662281407188415e-05
-3.1906800388021334e-01	-4.3798565069761760e-03	-2.1660753816001495e-05
-3.1293208072867085e-01	-4.3893747042280393e-03	-2.1658777364494744e-05
-3.0679615757712825e-01	-4.3988919446728905e-03	-2.1656220170714868e-05
-3.0066023442558570e-01	-4.4084079485027352e-03	-2.1652911584658868e-05
-2.9452431127404310e-01	-4.4179223509960390e-03	-2.1648630802840653e-05
-2.8838838812250062e-01	-4.4274346829750845e-03	-2.1643092185573532e-05
-2.8225246497095796e-01	-4.4369443346835794e-03	-2.1635926153493658e-05
-2.7611654181941536e-01	-4.4464505199859183e-03	-2.1626654492459011e-05
-2.6998061866787282e-01	-4.4559522188591522e-03	-2.1614658535345301e-05
-2.6384469551633033e-01	-4.4654481145476703e-03	-2.1599137824342031e-05
-2.5770877236478773e-01	-4.4749365003717515e-03	-2.1579056725006726e-05
-2.5157284921324513e-01	-4.4844151712696324e-03	-2.1553075337018584e-05
-2.4543692606170259e-01	-4.4938812711412760e-03	-2.1519460140332085e-05
-2.3930100291016002e-01	-4.5033311079518967e-03	-2.1475968359586765e-05
-2.3316507975861744e-01	-4.5127599016199895e-03	-2.1419698451724465e-05
-2.2702915660707490e-01	-4.5221614710806895e-03	-2.1346896650150130e-05
-2.2089323345553236e-01	-4.5315278158964767e-03	-2.1252706838234905e-05
-2.1475731030398976e-01	-4.5408485889102783e-03	-2.1130847023031788e-05
-2.0862138715244721e-01	-4.5501103998417947e-03	-2.0973191111166481e-05
-2.0248546400090464e-01	-4.5592959291327305e-03	-2.0769228191232173e-05
-1.9634954084936207e-01	-4.5683827668005460e-03	-2.0505363819929927e-05
-1.9021361769781950e-01	-4.5773419262412204e-03	-2.0164017248300914e-05
-1.8407769454627693e-01	-4.5861359066189725e-03	-1.9722455718842418e-05
-1.7794177139473438e-01	-4.5947162042093911e-03	-1.9151289889826591e-05
-1.7180584824319181e-01	-4.6030200789234157e-03	-1.8412533550818079e-05
-1.6566992509164927e-01	-4.6109663935456511e-03	-1.7457103606357704e-05
-1.5953400194010672e-01	-4.6184502216608013e-03	-1.6221603160602054e-05
-1.5339807878856412e-01	-4.6253359050276634e-03	-1.4624188615326824e-05
-1.4726215563702158e-01	-4.6314480775638519e-03	-1.2559271637022498e-05
-1.4112623248547898e-01	-4.6365601146607085e-03	-9.8907463119474241e-06
-1.3499030933393641e-01	-4.6403792401212250e-03	-6.4433634287100693e-06
-1.2885438618239387e-01	-4.6425273989330520e-03	-1.9917987818605993e-06
-1.2271846303085131e-01	-4.6425166900053794e-03	 3.7531091659535399e-06
-1.1658253987930872e-01	-4.6397179418402532e-03	 1.1161530834291952e-05
-1.1044661672776616e-01	-4.6333205985499958e-03	 2.0705807268066815e-05
-1.0431069357622361e-01	-4.6222817953122056e-03	 3.2986080066395102e-05
-9.8174770424681035e-02	-4.6052620401835099e-03	 4.8760557869336447e-05
-9.2038847273138463e-02	-4.5805447008685296e-03	 6.8979908769890589e-05
-8.5902924121595906e-02	-4.5459362998571647e-03	 9.4823944994477957e-05
-7.9767000970053348e-02	-4.4986450939131202e-03	 1.2773637368043754e-04
-7.3631077818510776e-02	-4.4351366481222860e-03	 1.6944927330112130e-04
-6.7495154666968205e-02	-4.3509683995465575e-03	 2.2198220915767861e-04
-6.1359231515425654e-02	-4.2406116488895021e-03	 2.8759038543345219e-04
-5.5223308363883082e-02	-4.0972821227350884e-03	 3.6862093887706307e-04
-4.9087385212340517e-02	-3.9128231118568018e-03	 4.6721662509695272e-04
-4.2951462060797953e-02	-3.6777253289351245e-03	 5.8478604655400523e-04
-3.6815538909255388e-02	-3.3814324805311901e-03	 7.2115388723309622e-04
-3.0679615757712820e-02	-3.0131741985155195e-03	 8.7334957268179482e-04
-2.4543692606170259e-02	-2.5636612694189529e-03	 1.0341580461101301e-03
-1.8407769454627694e-02	-2.0279602877158499e-03	 1.1909297938825468e-03
-1.2271846303085129e-02	-1.4094674955263697e-03	 1.3257113886752383e-03
-6.1359231515425638e-03	-7.2380749916283946e-04	 1.4180775131413153e-03
 0.0000000000000000e+00	 7.5812344286994680e-14	 1.4510906141334625e-03
 6.1359231515425638e-03	 7.2380749931032402e-04	 1.4180775131278547e-03
 1.2271846303085129e-02	 1.4094674956624952e-03	 1.3257113886509693e-03
 1.8407769454627694e-02	 2.0279602878359366e-03	 1.1909297938515950e-03
 2.4543692606170259e-02	 2.5636612695211429e-03	 1.0341580460766350e-03
 3.0679615757712820e-02	 3.0131741986001159e-03	 8.7334957264897440e-04
 3.6815538909255388e-02	 3.3814324805997967e-03	 7.2115388720298402e-04
 4.2951462060797953e-02	 3.6777253289898950e-03	 5.8478604652760740e-04
 4.9087385212340517e-02	 3.9128231118999946e-03	 4.6721662507454812e-04
 5.5223308363883082e-02	 4.0972821227688010e-03	 3.6862093885848776e-04
 6.1359231515425654e-02	 4.2406116489155741e-03	 2.8759038541831451e-04
 6.7495154666968205e-02	 4.3509683995665328e-03	 2.2198220914549890e-04
 7.3631077818510776e-02	 4.4351366481374440e-03	 1.6944927329141506e-04
 7.9767000970053348e-02	 4.4986450939244827e-03	 1.2773637367275792e-04
 8.5902924121595906e-02	 4.5459362998655573e-03	 9.4823944988435048e-05
 9.2038847273138463e-02	 4.5805447008746020e-03	 6.8979908765155160e-05
 9.8174770424681035e-02	 4.6052620401877773e-03	 4.8760557865637644e-05
 1.0431069357622361e-01	 4.6222817953150662e-03	 3.2986080063512798e-05
 1.1044661672776616e-01	 4.6333205985517678e-03	 2.0705807265825231e-05
 1.1658253987930872e-01	 4.6397179418411760e-03	 1.1161530832550827e-05
 1.2271846303085131e-01	 4.6425166900056491e-03	 3.7531091646030035e-06
 1.2885438618239387e-01	 4.6425273989328109e-03	-1.9917987829076510e-06
 1.3499030933393641e-01	 4.6403792401205944e-03	-6.4433634295209678e-06
 1.4112623248547898e-01	 4.6365601146597700e-03	-9.8907463125754957e-06
 1.4726215563702158e-01	 4.6314480775626792e-03	-1.2559271637508330e-05
 1.5339807878856412e-01	 4.6253359050263086e-03	-1.4624188615702996e-05
 1.5953400194010672e-01	 4.6184502216593069e-03	-1.6221603160892792e-05
 1.6566992509164927e-01	 4.6109663935440456e-03	-1.7457103606582853e-05
 1.7180584824319181e-01	 4.6030200789217287e-03	-1.8412533550991717e-05
 1.7794177139473438e-01	 4.5947162042076373e-03	-1.9151289889961133e-05
 1.8407769454627693e-01	 4.5861359066171701e-03	-1.9722455718946007e-05
 1.9021361769781950e-01	 4.5773419262393764e-03	-2.0164017248381324e-05
 1.9634954084936207e-01	 4.5683827667986742e-03	-2.0505363819991767e-05
 2.0248546400090464e-01	 4.5592959291308336e-03	-2.0769228191280390e-05
 2.0862138715244721e-01	 4.5501103998398830e-03	-2.0973191111203378e-05
 2.1475731030398976e-01	 4.5408485889083493e-03	-2.1130847023060777e-05
 2.2089323345553236e-01	 4.5315278158945399e-03	-2.1252706838256863e-05
 2.2702915660707490e-01	 4.5221614710787414e-03	-2.1346896650167480e-05
 2.3316507975861744e-01	 4.5127599016180379e-03	-2.1419698451737394e-05
 2.3930100291016002e-01	 4.5033311079499365e-03	-2.1475968359597265e-05
 2.4543692606170259e-01	 4.4938812711393166e-03	-2.1519460140339688e-05
 2.5157284921324513e-01	 4.4844151712676661e-03	-2.1553075337024930e-05
 2.5770877236478773e-01	 4.4749365003697861e-03	-2.1579056725011110e-05
 2.6384469551633033e-01	 4.4654481145456996e-03	-2.1599137824345958e-05
 2.6998061866787282e-01	 4.4559522188571841e-03	-2.1614658535347828e-05
 2.7611654181941536e-01	 4.4464505199839459e-03	-2.1626654492461562e-05
 2.8225246497095796e-01	 4.4369443346816088e-03	-2.1635926153494976e-05
 2.8838838812250062e-01	 4.4274346829731113e-03	-2.1643092185575142e-05
 2.9452431127404310e-01	 4.4179223509940666e-03	-2.1648630802841345e-05
 3.0066023442558570e-01	 4.4084079485007593e-03	-2.1652911584660071e-05
 3.0679615757712825e-01	 4.3988919446709173e-03	-2.1656220170715204e-05
 3.1293208072867085e-01	 4.3893747042260635e-03	-2.1658777364495588e-05
 3.1906800388021334e-01	 4.3798565069742036e-03	-2.1660753816001508e-05
 3.2520392703175588e-01	 4.3703375712119512e-03	-2.1662281407189126e-05
 3.3133985018329848e-01	 4.3608180636696423e-03	-2.1663462079239552e-05
 3.3747577333484102e-01	 4.3512981151713048e-03	-2.1664374601983030e-05
 3.4361169648638362e-01	 4.3417778249244558e-03	-2.1665079888340975e-05
 3.4974761963792622e-01	 4.3322572714640526e-03	-2.1665624999451976e-05
 3.5588354278946877e-01	 4.3227365136597256e-03	-2.1666046322242987e-05
 3.6201946594101131e-01	 4.3132155988000916e-03	-2.1666371968589240e-05
 3.6815538909255391e-01	 4.3036945616744607e-03	-2.1666623662330267e-05
 3.7429131224409640e-01	 4.2941734309106441e-03	-2.1666818197909560e-05
 3.8042723539563900e-01	 4.2846522269247948e-03	-2.1666968548258958e-05
 3.8656315854718160e-01	 4.2751309671892820e-03	-2.1667084749809134e-05
 3.9269908169872408e-01	 4.2656096635394665e-03	-2.1667174555988958e-05
 3.9883500485026663e-01	 4.2560883267685080e-03	-2.1667243961435784e-05
 4.0497092800180928e-01	 4.2465669635954831e-03	-2.1667297603966753e-05
 4.1110685115335188e-01	 4.2370455808090008e-03	-2.1667339058790417e-05
 4.1724277430489443e-01	 4.2275241820857890e-03	-2.1667371102375393e-05
 4.2337869745643697e-01	 4.2180027718094265e-03	-2.1667395863939486e-05
 4.2951462060797951e-01	 4.2084813518529210e-03	-2.1667415006472100e-05
 4.3565054375952217e-01	 4.1989599251520448e-03	-2.1667429797907748e-05
 4.4178646691106466e-01	 4.1894384925132543e-03	-2.1667441233471104e-05
 4.4792239006260720e-01	 4.1799170559984307e-03	-2.1667450069925994e-05
 4.5405831321414980e-01	 4.1703956157850275e-03	-2.1667456900903140e-05
 4.6019423636569234e-01	 4.1608741734058645e-03	-2.1667462180383447e-05
 4.6633015951723489e-01	 4.1513527286688914e-03	-2.1667466260315057e-05
 4.7246608266877754e-01	 4.1418312827851194e-03	-2.1667469414980469e-05
 4.7860200582032003e-01	 4.1323098353471862e-03	-2.1667471851509346e-05
 4.8473792897186263e-01	 4.1227883873684945e-03	-2.1667473736636211e-05
 4.9087385212340517e-01	 4.1132669383184828e-03	-2.1667475191720429e-05
 4.9700977527494766e-01	 4.1037454890868767e-03	-2.1667476318075071e-05
 5.0314569842649037e-01	 4.0942240390754031e-03	-2.1667477187276876e-05
 5.0928162157803292e-01	 4.0847025890937260e-03	-2.1667477859941488e-05
 5.1541754472957546e-01	 4.0751811385095899e-03	-2.1667478379552142e-05
 5.2155346788111800e-01	 4.0656596880781111e-03	-2.1667478780836332e-05
 5.2768939103266055e-01	 4.0561382371536552e-03	-2.1667479091915666e-05
 5.3382531418420309e-01	 4.0466167864516896e-03	-2.1667479330846697e-05
 5.3996123733574575e-01	 4.0370953353257282e-03	-2.1667479517525280e-05
 5.4609716048728829e-01	 4.0275738844604073e-03	-2.1667479659372738e-05
 5.5223308363883084e-01	 4.0180524332158194e-03	-2.1667479771770022e-05
 5.5836900679037338e-01	 4.0085309822512115e-03	-2.1667479855652742e-05
 5.6450492994191592e-01	 3.9990095309374125e-03	-2.1667479923592906e-05
 5.7064085309345847e-01	 3.9894880799118994e-03	-2.1667479972978854e-05
 5.7677677624500112e-01	 3.9799666285582867e-03	-2.1667480014196205e-05
 5.8291269939654355e-01	 3.9704451774949280e-03	-2.1667480043166982e-05
 5.8904862254808610e-01	 3.9609237261189279e-03	-2.1667480068211544e-05
 5.9518454569962886e-01	 3.9514022750316308e-03	-2.1667480085205786e-05
 6.0132046885117130e-01	 3.9418808236435232e-03	-2.1667480100368994e-05
 6.0745639200271395e-01	 3.9323593725407186e-03	-2.1667480110423603e-05
 6.1359231515425650e-01	 3.9228379211465316e-03	-2.1667480119480097e-05
 6.1972823830579904e-01	 3.9133164700333647e-03	-2.1667480125577938e-05
 6.2586416145734158e-01	 3.9037950186365969e-03	-2.1667480130816328e-05
 6.3200008460888413e-01	 3.8942735675162295e-03	-2.1667480134699463e-05
 6.3813600776042678e-01	 3.8847521161188944e-03	-2.1667480137530911e-05
 6.4427193091196933e-01	 3.8752306649932830e-03	-2.1667480140193569e-05
 6.5040785406351198e-01	 3.8657092135965247e-03	-2.1667480141508672e-05
 6.5654377721505441e-01	 3.8561877624668866e-03	-2.1667480143497438e-05
 6.6267970036659696e-01	 3.8466663110713478e-03	-2.1667480143874208e-05
 6.6881562351813950e-01	 3.8371448599384462e-03	-2.1667480145470876e-05
 6.7495154666968216e-01	 3.8276234085444826e-03	-2.1667480145297559e-05
 6.8108746982122470e-01	 3.8181019574087920e-03	-2.1667480146630715e-05
 6.8722339297276724e-01	 3.8085805060166056e-03	-2.1667480146173097e-05
 6.9335931612430979e-01	 3.7990590548784161e-03	-2.1667480147293287e-05
 6.9949523927585233e-01	 3.7895376034881175e-03	-2.1667480146731041e-05
 7.0563116242739499e-01	 3.7800161523476139e-03	-2.1667480147650095e-05
 7.1176708557893753e-01	 3.7704947009592608e-03	-2.1667480147107188e-05
 7.1790300873048007e-01	 3.7609732498165615e-03	-2.1667480147816828e-05
 7.2403893188202262e-01	 3.7514517984301833e-03	-2.1667480147381196e-05
 7.3017485503356516e-01	 3.7419303472853572e-03	-2.1667480147865824e-05
 7.3631077818510771e-01	 3.7324088959009754e-03	-2.1667480147595617e-05
 7.4244670133665036e-01	 3.7228874447540611e-03	-2.1667480147845634e-05
 7.4858262448819290e-01	 3.7133659933716884e-03	-2.1667480147770858e-05
 7.5471854763973545e-01	 3.7038445422227124e-03	-2.1667480147789035e-05
 7.6085447079127788e-01	 3.6943230908423525e-03	-2.1667480147916738e-05
 7.6699039394282054e-01	 3.6848016396913365e-03	-2.1667480147717149e-05
 7.7312631709436319e-01	 3.6752801883129823e-03	-2.1667480148039459e-05
 7.7926224024590574e-01	 3.6657587371599493e-03	-2.1667480147641638e-05
 7.8539816339744839e-01	 3.6562372857835822e-03	-2.1667480148143288e-05
 7.9153408654899082e-01	 3.6467158346285638e-03	-2.1667480147568285e-05
 7.9767000970053337e-01	 3.6371943832541622e-03	-2.1667480148230794e-05
 8.0380593285207591e-01	 3.6276729320971826e-03	-2.1667480147501874e-05
 8.0994185600361845e-01	 3.6181514807247218e-03	-2.1667480148302422e-05
 8.1607777915516100e-01	 3.6086300295658123e-03	-2.1667480147446329e-05
 8.2221370230670354e-01	 3.5991085781952648e-03	-2.1667480148357198e-05
 8.2834962545824620e-01	 3.5895871270344554e-03	-2.1667480147405306e-05
 8.3448554860978885e-01	 3.5800656756657858e-03	-2.1667480148393831e-05
 8.4062147176133140e-01	 3.5705442245031155e-03	-2.1667480147380447e-05
 8.4675739491287394e-01	 3.5610227731362847e-03	-2.1667480148412791e-05
 8.5289331806441637e-01	 3.5515013219717985e-03	-2.1667480147371330e-05
 8.5902924121595903e-01	 3.5419798706067583e-03	-2.1667480148416033e-05
 8.6516516436750157e-01	 3.5324584194405062e-03	-2.1667480147375799e-05
 8.7130108751904423e-01	 3.5229369680772056e-03	-2.1667480148406733e-05
 8.7743701067058666e-01	 3.5134155169092409e-03	-2.1667480147391055e-05
 8.8357293382212931e-01	 3.5038940655476259e-03	-2.1667480148387596e-05
 8.8970885697367186e-01	 3.4943726143780007e-03	-2.1667480147414549e-05
 8.9584478012521440e-01	 3.4848511630180207e-03	-2.1667480148360742e-05
 9.0198070327675706e-01	 3.4753297118467852e-03	-2.1667480147445120e-05
 9.0811662642829971e-01	 3.4658082604883899e-03	-2.1667480148327179e-05
 9.1425254957984214e-01	 3.4562868093155948e-03	-2.1667480147482057e-05
 9.2038847273138458e-01	 3.4467653579587365e-03	-2.1667480148287298e-05
 9.2652439588292723e-01	 3.4372439067844283e-03	-2.1667480147524954e-05
 9.3266031903446978e-01	 3.4277224554290584e-03	-2.1667480148241565e-05
 9.3879624218601254e-01	 3.4182010042532861e-03	-2.1667480147573167e-05
 9.4493216533755497e-01	 3.4086795528993556e-03	-2.1667480148191115e-05
 9.5106808848909752e-01	 3.3991581017221700e-03	-2.1667480147625402e-05
 9.5720401164064017e-01	 3.3896366503696268e-03	-2.1667480148137474e-05
 9.6333993479218272e-01	 3.3801151991910759e-03	-2.1667480147679738e-05
 9.6947585794372526e-01	 3.3705937478398749e-03	-2.1667480148082797e-05
 9.7561178109526792e-01	 3.3610722966600079e-03	-2.1667480147734222e-05
 9.8174770424681035e-01	 3.3515508453100988e-03	-2.1667480148028959e-05
 9.8788362739835278e-01	 3.3420293941289611e-03	-2.1667480147786948e-05
 9.9401955054989533e-01	 3.3325079427803006e-03	-2.1667480147977466e-05
 1.0001554737014380e+00	 3.3229864915979364e-03	-2.1667480147836784e-05
 1.0062913968529805e+00	 3.3134650402504833e-03	-2.1667480147929331e-05
 1.0124273200045231e+00	 3.3039435890669308e-03	-2.1667480147882833e-05
 1.0185632431560658e+00	 3.2944221377206487e-03	-2.1667480147884879e-05
 1.0246991663076084e+00	 3.2849006865359426e-03	-2.1667480147925333e-05
 1.0308350894591509e+00	 3.2753792351907962e-03	-2.1667480147844184e-05
 1.0369710126106935e+00	 3.2658577840049691e-03	-2.1667480147964446e-05
 1.0431069357622360e+00	 3.2563363326609295e-03	-2.1667480147806647e-05
 1.0492428589137786e+00	 3.2468148814740116e-03	-2.1667480148000448e-05
 1.0553787820653213e+00	 3.2372934301310467e-03	-2.1667480147772193e-05
 1.0615147052168636e+00	 3.2277719789430672e-03	-2.1667480148033611e-05
 1.0676506283684062e+00	 3.2182505276011513e-03	-2.1667480147740477e-05
 1.0737865515199487e+00	 3.2087290764121375e-03	-2.1667480148063888e-05
 1.0799224746714913e+00	 3.1992076250712412e-03	-2.1667480147711749e-05
 1.0860583978230340e+00	 3.1896861738812212e-03	-2.1667480148091091e-05
 1.0921943209745768e+00	 3.1801647225413190e-03	-2.1667480147686182e-05
 1.0983302441261191e+00	 3.1706432713503167e-03	-2.1667480148114940e-05
 1.1044661672776617e+00	 3.1611218200113833e-03	-2.1667480147664390e-05
 1.1106020904292042e+00	 3.1516003688194256e-03	-2.1667480148134937e-05
 1.1167380135807468e+00	 3.1420789174814367e-03	-2.1667480147646521e-05
 1.1228739367322893e+00	 3.1325574662885458e-03	-2.1667480148150796e-05
 1.1290098598838318e+00	 3.1230360149514780e-03	-2.1667480147632937e-05
 1.1351457830353744e+00	 3.1135145637576763e-03	-2.1667480148162286e-05
 1.1412817061869169e+00	 3.1039931124215107e-03	-2.1667480147623668e-05
 1.1474176293384595e+00	 3.0944716612268156e-03	-2.1667480148169648e-05
 1.1535535524900022e+00	 3.0849502098915338e-03	-2.1667480147618518e-05
 1.1596894756415448e+00	 3.0754287586959622e-03	-2.1667480148172657e-05
 1.1658253987930873e+00	 3.0659073073615499e-03	-2.1667480147616901e-05
 1.1719613219446299e+00	 3.0563858561651171e-03	-2.1667480148172365e-05
 1.1780972450961724e+00	 3.0468644048315587e-03	-2.1667480147618877e-05
 1.1842331682477150e+00	 3.0373429536342789e-03	-2.1667480148169014e-05
 1.1903690913992575e+00	 3.0278215023015614e-03	-2.1667480147623576e-05
 1.1965050145507998e+00	 3.0183000511034464e-03	-2.1667480148163139e-05
 1.2026409377023426e+00	 3.0087785997715572e-03	-2.1667480147630640e-05
 1.2087768608538849e+00	 2.9992571485726199e-03	-2.1667480148155299e-05
 1.2149127840054279e+00	 2.9897356972415491e-03	-2.1667480147639378e-05
 1.2210487071569704e+00	 2.9802142460417995e-03	-2.1667480148145870e-05
 1.2271846303085130e+00	 2.9706927947115323e-03	-2.1667480147649485e-05
 1.2333205534600555e+00	 2.9611713435109843e-03	-2.1667480148135120e-05
 1.2394564766115981e+00	 2.9516498921815116e-03	-2.1667480147660659e-05
 1.2455923997631406e+00	 2.9421284409801747e-03	-2.1667480148123407e-05
 1.2517283229146834e+00	 2.9326069896514848e-03	-2.1667480147672690e-05
 1.2578642460662257e+00	 2.9230855384493703e-03	-2.1667480148110695e-05
 1.2640001692177683e+00	 2.9135640871214537e-03	-2.1667480147685630e-05
 1.2701360923693108e+00	 2.9040426359185734e-03	-2.1667480148097274e-05
 1.2762720155208533e+00	 2.8945211845914165e-03	-2.1667480147699457e-05
 1.2824079386723961e+00	 2.8849997333877794e-03	-2.1667480148082915e-05
 1.2885438618239387e+00	 2.8754782820613746e-03	-2.1667480147714158e-05
 1.2946797849754810e+00	 2.8659568308569919e-03	-2.1667480148067767e-05
 1.3008157081270237e+00	 2.8564353795313266e-03	-2.1667480147729621e-05
 1.3069516312785661e+00	 2.8469139283262093e-03	-2.1667480148051721e-05
 1.3130875544301088e+00	 2.8373924770012746e-03	-2.1667480147746010e-05
 1.3192234775816516e+00	 2.8278710257954318e-03	-2.1667480148034831e-05
 1.3253594007331939e+00	 2.8183495744712175e-03	-2.1667480147763130e-05
 1.3314953238847365e+00	 2.8088281232646582e-03	-2.1667480148017135e-05
 1.3376312470362790e+00	 2.7993066719411569e-03	-2.1667480147780951e-05
 1.3437671701878215e+00	 2.7897852207338894e-03	-2.1667480147998822e-05
 1.3499030933393643e+00	 2.7802637694110920e-03	-2.1667480147799471e-05
 1.3560390164909069e+00	 2.7707423182031232e-03	-2.1667480147980041e-05
 1.3621749396424494e+00	 2.7612208668810236e-03	-2.1667480147818370e-05
 1.3683108627939919e+00	 2.7516994156723627e-03	-2.1667480147960929e-05
 1.3744467859455345e+00	 2.7421779643509512e-03	-2.1667480147837486e-05
 1.3805827090970770e+00	 2.7326565131416043e-03	-2.1667480147941569e-05
 1.3867186322486196e+00	 2.7231350618208755e-03	-2.1667480147856703e-05
 1.3928545554001621e+00	 2.7136136106108498e-03	-2.1667480147922494e-05
 1.3989904785517047e+00	 2.7040921592907962e-03	-2.1667480147875873e-05
 1.4051264017032472e+00	 2.6945707080800975e-03	-2.1667480147903612e-05
 1.4112623248547900e+00	 2.6850492567607157e-03	-2.1667480147894633e-05
 1.4173982480063327e+00	 2.6755278055493499e-03	-2.1667480147885299e-05
 1.4235341711578751e+00	 2.6660063542306277e-03	-2.1667480147912875e-05
 1.4296700943094176e+00	 2.6564849030186050e-03	-2.1667480147867498e-05
 1.4358060174609601e+00	 2.6469634517005403e-03	-2.1667480147930456e-05
 1.4419419406125029e+00	 2.6374420004878635e-03	-2.1667480147850374e-05
 1.4480778637640452e+00	 2.6279205491704471e-03	-2.1667480147947170e-05
 1.4542137869155878e+00	 2.6183990979571246e-03	-2.1667480147834094e-05
 1.4603497100671303e+00	 2.6088776466403523e-03	-2.1667480147963077e-05
 1.4664856332186729e+00	 2.5993561954263896e-03	-2.1667480147818621e-05
 1.4726215563702154e+00	 2.5898347441102526e-03	-2.1667480147978144e-05
 1.4787574795217582e+00	 2.5803132928956581e-03	-2.1667480147804136e-05
 1.4848934026733007e+00	 2.5707918415801508e-03	-2.1667480147992239e-05
 1.4910293258248433e+00	 2.5612703903649301e-03	-2.1667480147790479e-05
 1.4971652489763858e+00	 2.5517489390500430e-03	-2.1667480148005429e-05
 1.5033011721279284e+00	 2.5422274878342047e-03	-2.1667480147777746e-05
 1.5094370952794709e+00	 2.5327060365199342e-03	-2.1667480148017839e-05
 1.5155730184310134e+00	 2.5231845853034849e-03	-2.1667480147765891e-05
 1.5217089415825558e+00	 2.5136631339898212e-03	-2.1667480148029600e-05
 1.5278448647340985e+00	 2.5041416827727655e-03	-2.1667480147754910e-05
 1.5339807878856411e+00	 2.4946202314597046e-03	-2.1667480148040520e-05
 1.5401167110371838e+00	 2.4850987802420518e-03	-2.1667480147744559e-05
 1.5462526341887264e+00	 2.4755773289295842e-03	-2.1667480148050762e-05
 1.5523885573402689e+00	 2.4660558777113402e-03	-2.1667480147734764e-05
 1.5585244804918115e+00	 2.4565344263994611e-03	-2.1667480148060066e-05
 1.5646604036433540e+00	 2.4470129751806321e-03	-2.1667480147725494e-05
 1.5707963267948966e+00	 2.4374915238693337e-03	-2.1667480148068932e-05
 1.5769322499464391e+00	 2.4279700726499284e-03	-2.1667480147716848e-05
 1.5830681730979816e+00	 2.4184486213392046e-03	-2.1667480148077474e-05
 1.5892040962495240e+00	 2.4089271701192268e-03	-2.1667480147708852e-05
 1.5953400194010667e+00	 2.3994057188090694e-03	-2.1667480148085168e-05
 1.6014759425526093e+00	 2.3898842675885278e-03	-2.1667480147701012e-05
 1.6076118657041520e+00	 2.3803628162789347e-03	-2.1667480148092463e-05
 1.6137477888556946e+00	 2.3708413650578341e-03	-2.1667480147693714e-05
 1.6198837120072371e+00	 2.3613199137487943e-03	-2.1667480148099314e-05
 1.6260196351587797e+00	 2.3517984625271420e-03	-2.1667480147686958e-05
 1.6321555583103224e+00	 2.3422770112186534e-03	-2.1667480148105765e-05
 1.6382914814618650e+00	 2.3327555599964526e-03	-2.1667480147680720e-05
 1.6444274046134073e+00	 2.3232341086885078e-03	-2.1667480148111836e-05
 1.6505633277649499e+00	 2.3137126574657657e-03	-2.1667480147675011e-05
 1.6566992509164924e+00	 2.3041912061583601e-03	-2.1667480148117434e-05
 1.6628351740680349e+00	 2.2946697549350824e-03	-2.1667480147669689e-05
 1.6689710972195775e+00	 2.2851483036282097e-03	-2.1667480148122573e-05
 1.6751070203711202e+00	 2.2756268524044016e-03	-2.1667480147664911e-05
 1.6812429435226628e+00	 2.2661054010980563e-03	-2.1667480148127147e-05
 1.6873788666742053e+00	 2.2565839498737235e-03	-2.1667480147660646e-05
 1.6935147898257479e+00	 2.2470624985679003e-03	-2.1667480148131305e-05
 1.6996507129772904e+00	 2.2375410473430475e-03	-2.1667480147656925e-05
 1.7057866361288330e+00	 2.2280195960377417e-03	-2.1667480148134872e-05
 1.7119225592803755e+00	 2.2184981448123741e-03	-2.1667480147653717e-05
 1.7180584824319181e+00	 2.2089766935075809e-03	-2.1667480148137911e-05
 1.7241944055834606e+00	 2.1994552422817033e-03	-2.1667480147651040e-05
 1.7303303287350031e+00	 2.1899337909774179e-03	-2.1667480148140314e-05
 1.7364662518865459e+00	 2.1804123397510355e-03	-2.1667480147648889e-05
 1.7426021750380882e+00	 2.1708908884472511e-03	-2.1667480148142187e-05
 1.7487380981896310e+00	 2.1613694372203686e-03	-2.1667480147647252e-05
 1.7548740213411735e+00	 2.1518479859170825e-03	-2.1667480148143431e-05
 1.7610099444927161e+00	 2.1423265346897057e-03	-2.1667480147646087e-05
 1.7671458676442586e+00	 2.1328050833869117e-03	-2.1667480148144027e-05
 1.7732817907958012e+00	 2.1232836321590453e-03	-2.1667480147645521e-05
 1.7794177139473437e+00	 2.1137621808567384e-03	-2.1667480148144108e-05
 1.7855536370988863e+00	 2.1042407296283871e-03	-2.1667480147645501e-05
 1.7916895602504286e+00	 2.0947192783265633e-03	-2.1667480148143685e-05
 1.7978254834019713e+00	 2.0851978270977306e-03	-2.1667480147646080e-05
 1.8039614065535141e+00	 2.0756763757963860e-03	-2.1667480148142763e-05
 1.8100973297050564e+00	 2.0661549245670776e-03	-2.1667480147647178e-05
 1.8162332528565992e+00	 2.0566334732662044e-03	-2.1667480148141272e-05
 1.8223691760081417e+00	 2.0471120220364276e-03	-2.1667480147648669e-05
 1.8285050991596843e+00	 2.0375905707360220e-03	-2.1667480148139328e-05
 1.8346410223112268e+00	 2.0280691195057785e-03	-2.1667480147650746e-05
 1.8407769454627694e+00	 2.0185476682058378e-03	-2.1667480148136997e-05
 1.8469128686143119e+00	 2.0090262169751320e-03	-2.1667480147653259e-05
 1.8530487917658545e+00	 1.9995047656756501e-03	-2.1667480148134283e-05
 1.8591847149173970e+00	 1.9899833144444898e-03	-2.1667480147656302e-05
 1.8653206380689393e+00	 1.9804618631454603e-03	-2.1667480148131271e-05
 1.8714565612204823e+00	 1.9709404119138472e-03	-2.1667480147659643e-05
 1.8775924843720246e+00	 1.9614189606152687e-03	-2.1667480148127855e-05
 1.8837284075235674e+00	 1.9518975093832079e-03	-2.1667480147663410e-05
 1.8898643306751099e+00	 1.9423760580850741e-03	-2.1667480148124162e-05
 1.8960002538266525e+00	 1.9328546068525709e-03	-2.1667480147667408e-05
 1.9021361769781950e+00	 1.9233331555548773e-03	-2.1667480148120147e-05
 1.9082721001297376e+00	 1.9138117043219368e-03	-2.1667480147671688e-05
 1.9144080232812801e+00	 1.9042902530246784e-03	-2.1667480148115845e-05
 1.9205439464328224e+00	 1.8947688017913039e-03	-2.1667480147676153e-05
 1.9266798695843652e+00	 1.8852473504944781e-03	-2.1667480148111308e-05
 1.9328157927359080e+00	 1.8757258992606728e-03	-2.1667480147680849e-05
 1.9389517158874505e+00	 1.8662044479642746e-03	-2.1667480148106636e-05
 1.9450876390389933e+00	 1.8566829967300441e-03	-2.1667480147685758e-05
 1.9512235621905356e+00	 1.8471615454340696e-03	-2.1667480148101760e-05
 1.9573594853420782e+00	 1.8376400941994169e-03	-2.1667480147690695e-05
 1.9634954084936207e+00	 1.8281186429038622e-03	-2.1667480148096549e-05
 1.9696313316451632e+00	 1.8185971916687930e-03	-2.1667480147695601e-05
 1.9757672547967058e+00	 1.8090757403736531e-03	-2.1667480148091382e-05
 1.9819031779482483e+00	 1.7995542891381705e-03	-2.1667480147700958e-05
 1.9880391010997909e+00	 1.7900328378434413e-03	-2.1667480148086181e-05
 1.9941750242513334e+00	 1.7805113866075490e-03	-2.1667480147706186e-05
 2.0003109474028760e+00	 1.7709899353132294e-03	-2.1667480148080940e-05
 2.0064468705544187e+00	 1.7614684840769315e-03	-2.1667480147711569e-05
 2.0125827937059610e+00	 1.7519470327830135e-03	-2.1667480148075634e-05
 2.0187187168575038e+00	 1.7424255815463143e-03	-2.1667480147717044e-05
 2.0248546400090461e+00	 1.7329041302527972e-03	-2.1667480148070271e-05
 2.0309905631605889e+00	 1.7233826790156981e-03	-2.1667480147722557e-05
 2.0371264863121317e+00	 1.7138612277225783e-03	-2.1667480148064948e-05
 2.0432624094636740e+00	 1.7043397764850842e-03	-2.1667480147728086e-05
 2.0493983326152168e+00	 1.6948183251923586e-03	-2.1667480148059527e-05
 2.0555342557667591e+00	 1.6852968739544726e-03	-2.1667480147733582e-05
 2.0616701789183018e+00	 1.6757754226621366e-03	-2.1667480148053974e-05
 2.0678061020698442e+00	 1.6662539714238610e-03	-2.1667480147739098e-05
 2.0739420252213869e+00	 1.6567325201319125e-03	-2.1667480148048512e-05
 2.0800779483729293e+00	 1.6472110688932522e-03	-2.1667480147744546e-05
 2.0862138715244720e+00	 1.6376896176016871e-03	-2.1667480148043006e-05
 2.0923497946760143e+00	 1.6281681663626454e-03	-2.1667480147750028e-05
 2.0984857178275571e+00	 1.6186467150714602e-03	-2.1667480148037447e-05
 2.1046216409790999e+00	 1.6091252638320392e-03	-2.1667480147755435e-05
 2.1107575641306422e+00	 1.5996038125412329e-03	-2.1667480148031815e-05
 2.1168934872821850e+00	 1.5900823613014354e-03	-2.1667480147760863e-05
 2.1230294104337273e+00	 1.5805609100110040e-03	-2.1667480148026320e-05
 2.1291653335852700e+00	 1.5710394587708332e-03	-2.1667480147766406e-05
 2.1353012567368124e+00	 1.5615180074807730e-03	-2.1667480148020872e-05
 2.1414371798883551e+00	 1.5519965562402313e-03	-2.1667480147771939e-05
 2.1475731030398975e+00	 1.5424751049505398e-03	-2.1667480148015349e-05
 2.1537090261914402e+00	 1.5329536537096319e-03	-2.1667480147777482e-05
 2.1598449493429825e+00	 1.5234322024203072e-03	-2.1667480148009830e-05
 2.1659808724945253e+00	 1.5139107511790331e-03	-2.1667480147783079e-05
 2.1721167956460681e+00	 1.5043892998900714e-03	-2.1667480148004355e-05
 2.1782527187976104e+00	 1.4948678486484356e-03	-2.1667480147788429e-05
 2.1843886419491532e+00	 1.4853463973598345e-03	-2.1667480147998696e-05
 2.1905245651006955e+00	 1.4758249461178396e-03	-2.1667480147793826e-05
 2.1966604882522383e+00	 1.4663034948295981e-03	-2.1667480147993076e-05
 2.2027964114037806e+00	 1.4567820435872456e-03	-2.1667480147799261e-05
 2.2089323345553233e+00	 1.4472605922993583e-03	-2.1667480147987458e-05
 2.2150682577068657e+00	 1.4377391410566518e-03	-2.1667480147804723e-05
 2.2212041808584084e+00	 1.4282176897691191e-03	-2.1667480147981935e-05
 2.2273401040099512e+00	 1.4186962385260597e-03	-2.1667480147810255e-05
 2.2334760271614935e+00	 1.4091747872388783e-03	-2.1667480147976420e-05
 2.2396119503130363e+00	 1.3996533359954689e-03	-2.1667480147815792e-05
 2.2457478734645786e+00	 1.3901318847086357e-03	-2.1667480147970839e-05
 2.2518837966161214e+00	 1.3806104334648803e-03	-2.1667480147821311e-05
 2.2580197197676637e+00	 1.3710889821783923e-03	-2.1667480147965235e-05
 2.2641556429192065e+00	 1.3615675309342913e-03	-2.1667480147826783e-05
 2.2702915660707488e+00	 1.3520460796481485e-03	-2.1667480147959682e-05
 2.2764274892222915e+00	 1.3425246284037040e-03	-2.1667480147832329e-05
 2.2825634123738339e+00	 1.3330031771179021e-03	-2.1667480147954126e-05
 2.2886993355253766e+00	 1.3234817258731173e-03	-2.1667480147837828e-05
 2.2948352586769194e+00	 1.3139602745876561e-03	-2.1667480147948488e-05
 2.3009711818284617e+00	 1.3044388233425326e-03	-2.1667480147843418e-05
 2.3071071049800045e+00	 1.2949173720574077e-03	-2.1667480147943006e-05
 2.3132430281315468e+00	 1.2853959208119496e-03	-2.1667480147848927e-05
 2.3193789512830896e+00	 1.2758744695271595e-03	-2.1667480147937463e-05
 2.3255148744346319e+00	 1.2663530182813660e-03	-2.1667480147854498e-05
 2.3316507975861747e+00	 1.2568315669969101e-03	-2.1667480147931984e-05
 2.3377867207377170e+00	 1.2473101157507837e-03	-2.1667480147860149e-05
 2.3439226438892597e+00	 1.2377886644666584e-03	-2.1667480147926624e-05
 2.3500585670408021e+00	 1.2282672132202018e-03	-2.1667480147865668e-05
 2.3561944901923448e+00	 1.2187457619364061e-03	-2.1667480147921251e-05
 2.3623304133438876e+00	 1.2092243106896223e-03	-2.1667480147871347e-05
 2.3684663364954299e+00	 1.1997028594061536e-03	-2.1667480147915694e-05
 2.3746022596469727e+00	 1.1901814081590435e-03	-2.1667480147876754e-05
 2.3807381827985150e+00	 1.1806599568758983e-03	-2.1667480147910270e-05
 2.3868741059500578e+00	 1.1711385056284646e-03	-2.1667480147882182e-05
 2.3930100291016001e+00	 1.1616170543456449e-03	-2.1667480147904862e-05
 2.3991459522531429e+00	 1.1520956030978879e-03	-2.1667480147887606e-05
 2.4052818754046852e+00	 1.1425741518153879e-03	-2.1667480147899509e-05
 2.4114177985562280e+00	 1.1330527005673115e-03	-2.1667480147892990e-05
 2.4175537217077703e+00	 1.1235312492851317e-03	-2.1667480147894251e-05
 2.4236896448593130e+00	 1.1140097980367354e-03	-2.1667480147898330e-05
 2.4298255680108558e+00	 1.1044883467548733e-03	-2.1667480147888985e-05
 2.4359614911623981e+00	 1.0949668955061607e-03	-2.1667480147903649e-05
 2.4420974143139409e+00	 1.0854454442246145e-03	-2.1667480147883805e-05
 2.4482333374654832e+00	 1.0759239929755871e-03	-2.1667480147908853e-05
 2.4543692606170260e+00	 1.0664025416943547e-03	-2.1667480147878662e-05
 2.4605051837685683e+00	 1.0568810904450143e-03	-2.1667480147914007e-05
 2.4666411069201111e+00	 1.0473596391640939e-03	-2.1667480147873566e-05
 2.4727770300716534e+00	 1.0378381879144417e-03	-2.1667480147919069e-05
 2.4789129532231962e+00	 1.0283167366338325e-03	-2.1667480147868535e-05
 2.4850488763747385e+00	 1.0187952853838703e-03	-2.1667480147924080e-05
 2.4911847995262812e+00	 1.0092738341035707e-03	-2.1667480147863652e-05
 2.4973207226778240e+00	 9.9975238285329986e-04	-2.1667480147928989e-05
 2.5034566458293663e+00	 9.9023093157330844e-04	-2.1667480147858726e-05
 2.5095925689809091e+00	 9.8070948032273012e-04	-2.1667480147933797e-05
 2.5157284921324514e+00	 9.7118802904304488e-04	-2.1667480147853918e-05
 2.5218644152839942e+00	 9.6166657779216157e-04	-2.1667480147938516e-05
 2.5280003384355365e+00	 9.5214512651277980e-04	-2.1667480147849138e-05
 2.5341362615870793e+00	 9.4262367526159237e-04	-2.1667480147943114e-05
 2.5402721847386216e+00	 9.3310222398251450e-04	-2.1667480147844465e-05
 2.5464081078901644e+00	 9.2358077273102534e-04	-2.1667480147947641e-05
 2.5525440310417071e+00	 9.1405932145224888e-04	-2.1667480147839830e-05
 2.5586799541932495e+00	 9.0453787020045875e-04	-2.1667480147952005e-05
 2.5648158773447922e+00	 8.9501641892198239e-04	-2.1667480147835277e-05
 2.5709518004963345e+00	 8.8549496766989302e-04	-2.1667480147956287e-05
 2.5770877236478773e+00	 8.7597351639171525e-04	-2.1667480147831004e-05
 2.5832236467994196e+00	 8.6645206513932696e-04	-2.1667480147960665e-05
 2.5893595699509624e+00	 8.5693061386144832e-04	-2.1667480147826837e-05
 2.5954954931025047e+00	 8.4740916260876210e-04	-2.1667480147964778e-05
 2.6016314162540475e+00	 8.3788771133117977e-04	-2.1667480147822734e-05
 2.6077673394055898e+00	 8.2836626007819865e-04	-2.1667480147968850e-05
 2.6139032625571326e+00	 8.1884480880091133e-04	-2.1667480147818743e-05
 2.6200391857086753e+00	 8.0932335754763530e-04	-2.1667480147972781e-05
 2.6261751088602177e+00	 7.9980190627064213e-04	-2.1667480147814873e-05
 2.6323110320117604e+00	 7.9028045501707250e-04	-2.1667480147976660e-05
 2.6384469551633027e+00	 7.8075900374037120e-04	-2.1667480147811170e-05
 2.6445828783148455e+00	 7.7123755248651002e-04	-2.1667480147980387e-05
 2.6507188014663878e+00	 7.6171610121010124e-04	-2.1667480147807511e-05
 2.6568547246179306e+00	 7.5219464995594798e-04	-2.1667480147984012e-05
 2.6629906477694729e+00	 7.4267319867983008e-04	-2.1667480147803981e-05
 2.6691265709210157e+00	 7.3315174742538680e-04	-2.1667480147987502e-05
 2.6752624940725580e+00	 7.2363029614955785e-04	-2.1667480147800569e-05
 2.6813984172241008e+00	 7.1410884489482508e-04	-2.1667480147990883e-05
 2.6875343403756435e+00	 7.0458739361928561e-04	-2.1667480147797258e-05
 2.6936702635271859e+00	 6.9506594236426488e-04	-2.1667480147994143e-05
 2.6998061866787286e+00	 6.8554449108901370e-04	-2.1667480147794006e-05
 2.7059421098302709e+00	 6.7602303983370501e-04	-2.1667480147997182e-05
 2.7120780329818137e+00	 6.6650158855874071e-04	-2.1667480147790774e-05
 2.7182139561333560e+00	 6.5698013730314589e-04	-2.1667480148000184e-05
 2.7243498792848988e+00	 6.4745868602846738e-04	-2.1667480147787778e-05
 2.7304858024364411e+00	 6.3793723477258612e-04	-2.1667480148002993e-05
 2.7366217255879839e+00	 6.2841578349819287e-04	-2.1667480147784885e-05
 2.7427576487395262e+00	 6.1889433224202777e-04	-2.1667480148005696e-05
 2.7488935718910690e+00	 6.0937288096791966e-04	-2.1667480147782083e-05
 2.7550294950426117e+00	 5.9985142971147028e-04	-2.1667480148008444e-05
 2.7611654181941541e+00	 5.9032997843764493e-04	-2.1667480147779505e-05
 2.7673013413456968e+00	 5.8080852718091322e-04	-2.1667480148010962e-05
 2.7734372644972392e+00	 5.7128707590736944e-04	-2.1667480147777096e-05
 2.7795731876487819e+00	 5.6176562465035530e-04	-2.1667480148013496e-05
 2.7857091108003242e+00	 5.5224417337709439e-04	-2.1667480147774660e-05
 2.7918450339518670e+00	 5.4272272211979878e-04	-2.1667480148015925e-05
 2.7979809571034093e+00	 5.3320127084681944e-04	-2.1667480147772393e-05
 2.8041168802549521e+00	 5.2367981958924281e-04	-2.1667480148018175e-05
 2.8102528034064944e+00	 5.1415836831654330e-04	-2.1667480147770221e-05
 2.8163887265580372e+00	 5.0463691705868576e-04	-2.1667480148020309e-05
 2.8225246497095799e+00	 4.9511546578626694e-04	-2.1667480147768158e-05
 2.8286605728611223e+00	 4.8559401452812978e-04	-2.1667480148022393e-05
 2.8347964960126650e+00	 4.7607256325599015e-04	-2.1667480147766206e-05
 2.8409324191642074e+00	 4.6655111199757360e-04	-2.1667480148024460e-05
 2.8470683423157501e+00	 4.5702966072571358e-04	-2.1667480147764411e-05
 2.8532042654672924e+00	 4.4750820946701817e-04	-2.1667480148026357e-05
 2.8593401886188352e+00	 4.3798675819543571e-04	-2.1667480147762703e-05
 2.8654761117703775e+00	 4.2846530693646317e-04	-2.1667480148028190e-05
 2.8716120349219203e+00	 4.1894385566515713e-04	-2.1667480147761050e-05
 2.8777479580734626e+00	 4.0942240440590796e-04	-2.1667480148029830e-05
 2.8838838812250054e+00	 3.9990095313487887e-04	-2.1667480147759416e-05
 2.8900198043765482e+00	 3.9037950187535215e-04	-2.1667480148031375e-05
 2.8961557275280905e+00	 3.8085805060460187e-04	-2.1667480147757976e-05
 2.9022916506796332e+00	 3.7133659934479813e-04	-2.1667480148032876e-05
 2.9084275738311756e+00	 3.6181514807432367e-04	-2.1667480147756567e-05
 2.9145634969827183e+00	 3.5229369681424373e-04	-2.1667480148034336e-05
 2.9206994201342606e+00	 3.4277224554404471e-04	-2.1667480147755418e-05
 2.9268353432858034e+00	 3.3325079428368840e-04	-2.1667480148035769e-05
 2.9329712664373457e+00	 3.2372934301376526e-04	-2.1667480147754202e-05
 2.9391071895888885e+00	 3.1420789175313406e-04	-2.1667480148036877e-05
 2.9452431127404308e+00	 3.0468644048348630e-04	-2.1667480147752918e-05
 2.9513790358919736e+00	 2.9516498922258058e-04	-2.1667480148038067e-05
 2.9575149590435164e+00	 2.8564353795320680e-04	-2.1667480147751837e-05
 2.9636508821950587e+00	 2.7612208669202672e-04	-2.1667480148039002e-05
 2.9697868053466014e+00	 2.6660063542292768e-04	-2.1667480147750770e-05
 2.9759227284981438e+00	 2.5707918416147270e-04	-2.1667480148039883e-05
 2.9820586516496865e+00	 2.4755773289264829e-04	-2.1667480147749716e-05
 2.9881945748012289e+00	 2.3803628163091884e-04	-2.1667480148040648e-05
 2.9943304979527716e+00	 2.2851483036236852e-04	-2.1667480147748774e-05
 3.0004664211043139e+00	 2.1899337910036602e-04	-2.1667480148041404e-05
 3.0066023442558567e+00	 2.0947192783208924e-04	-2.1667480147747958e-05
 3.0127382674073995e+00	 1.9995047656981305e-04	-2.1667480148042075e-05
 3.0188741905589418e+00	 1.9042902530180930e-04	-2.1667480147747192e-05
 3.0250101137104846e+00	 1.8090757403925949e-04	-2.1667480148042671e-05
 3.0311460368620269e+00	 1.7138612277152996e-04	-2.1667480147746562e-05
 3.0372819600135696e+00	 1.6186467150870705e-04	-2.1667480148043179e-05
 3.0434178831651120e+00	 1.5234322024125017e-04	-2.1667480147745874e-05
 3.0495538063166547e+00	 1.4282176897815422e-04	-2.1667480148043704e-05
 3.0556897294681971e+00	 1.3330031771097039e-04	-2.1667480147745376e-05
 3.0618256526197398e+00	 1.2377886644760237e-04	-2.1667480148044091e-05
 3.0679615757712821e+00	 1.1425741518068984e-04	-2.1667480147744969e-05
 3.0740974989228249e+00	 1.0473596391704881e-04	-2.1667480148044484e-05
 3.0802334220743677e+00	 9.5214512650409984e-05	-2.1667480147744556e-05
 3.0863693452259100e+00	 8.5693061386496900e-05	-2.1667480148044745e-05
 3.0925052683774528e+00	 7.6171610120130158e-05	-2.1667480147744234e-05
 3.0986411915289951e+00	 6.6650158855944533e-05	-2.1667480148044975e-05
 3.1047771146805379e+00	 5.7128707589850522e-05	-2.1667480147744000e-05
 3.1109130378320802e+00	 4.7607256325392681e-05	-2.1667480148045127e-05
 3.1170489609836229e+00	 3.8085805059570805e-05	-2.1667480147743892e-05
 3.1231848841351653e+00	 2.8564353794840016e-05	-2.1667480148045548e-05
 3.1293208072867080e+00	 1.9042902529290383e-05	-2.1667480147744095e-05
 3.1354567304382504e+00	 9.5214512642875131e-06	-2.1667480148045683e-05
