%# 1. u 2. x_tilde 3. y 
%# N = 1024	L =  0.0000000000000000e+00
%# H/L =  1.5240350470933290e-04	c =  1.2000000000000000e-01	h = 1.350000e-02	y0 = 0.000000e+00

-3.1415926535897931e+00	-6.2586651842878154e-14	-1.8254283931327402e-05
-3.1354567304382504e+00	-7.9315920205955538e-06	-1.8254283930886660e-05
-3.1293208072867080e+00	-1.5863183978591985e-05	-1.8254283931327405e-05
-3.1231848841351653e+00	-2.3794775936613949e-05	-1.8254283930887013e-05
-3.1170489609836229e+00	-3.1726367894597748e-05	-1.8254283931327050e-05
-3.1109130378320802e+00	-3.9657959852631638e-05	-1.8254283930887514e-05
-3.1047771146805379e+00	-4.7589551810603078e-05	-1.8254283931326552e-05
-3.0986411915289951e+00	-5.5521143768649979e-05	-1.8254283930888415e-05
-3.0925052683774528e+00	-6.3452735726608842e-05	-1.8254283931325640e-05
-3.0863693452259100e+00	-7.1384327684668319e-05	-1.8254283930889252e-05
-3.0802334220743677e+00	-7.9315919642614606e-05	-1.8254283931324492e-05
-3.0740974989228249e+00	-8.7247511600685793e-05	-1.8254283930890452e-05
-3.0679615757712821e+00	-9.5179103558620370e-05	-1.8254283931323218e-05
-3.0618256526197398e+00	-1.0311069551670435e-04	-1.8254283930891919e-05
-3.0556897294681971e+00	-1.1104228747462635e-04	-1.8254283931321727e-05
-3.0495538063166547e+00	-1.1897387943272182e-04	-1.8254283930893569e-05
-3.0434178831651120e+00	-1.2690547139063211e-04	-1.8254283931319928e-05
-3.0372819600135696e+00	-1.3483706334873995e-04	-1.8254283930895381e-05
-3.0311460368620269e+00	-1.4276865530663853e-04	-1.8254283931317990e-05
-3.0250101137104846e+00	-1.5070024726475764e-04	-1.8254283930897411e-05
-3.0188741905589418e+00	-1.5863183922264494e-04	-1.8254283931315777e-05
-3.0127382674073995e+00	-1.6656343118077533e-04	-1.8254283930899559e-05
-3.0066023442558567e+00	-1.7449502313865136e-04	-1.8254283931313446e-05
-3.0004664211043139e+00	-1.8242661509679237e-04	-1.8254283930901927e-05
-2.9943304979527716e+00	-1.9035820705465755e-04	-1.8254283931310919e-05
-2.9881945748012289e+00	-1.9828979901280897e-04	-1.8254283930904445e-05
-2.9820586516496865e+00	-2.0622139097066332e-04	-1.8254283931308327e-05
-2.9759227284981438e+00	-2.1415298292882601e-04	-1.8254283930907226e-05
-2.9697868053466014e+00	-2.2208457488667038e-04	-1.8254283931305671e-05
-2.9636508821950587e+00	-2.3001616684484283e-04	-1.8254283930910150e-05
-2.9575149590435164e+00	-2.3794775880267766e-04	-1.8254283931302906e-05
-2.9513790358919736e+00	-2.4587935076085966e-04	-1.8254283930913213e-05
-2.9452431127404308e+00	-2.5381094271868478e-04	-1.8254283931299931e-05
-2.9391071895888885e+00	-2.6174253467687702e-04	-1.8254283930916246e-05
-2.9329712664373457e+00	-2.6967412663469190e-04	-1.8254283931296834e-05
-2.9268353432858034e+00	-2.7760571859289292e-04	-1.8254283930919356e-05
-2.9206994201342606e+00	-2.8553731055070021e-04	-1.8254283931293666e-05
-2.9145634969827183e+00	-2.9346890250890920e-04	-1.8254283930922547e-05
-2.9084275738311756e+00	-3.0140049446670815e-04	-1.8254283931290478e-05
-2.9022916506796332e+00	-3.0933208642492565e-04	-1.8254283930925854e-05
-2.8961557275280905e+00	-3.1726367838271548e-04	-1.8254283931287205e-05
-2.8900198043765482e+00	-3.2519527034094171e-04	-1.8254283930929171e-05
-2.8838838812250054e+00	-3.3312686229872379e-04	-1.8254283931283875e-05
-2.8777479580734626e+00	-3.4105845425695756e-04	-1.8254283930932481e-05
-2.8716120349219203e+00	-3.4899004621473102e-04	-1.8254283931280548e-05
-2.8654761117703775e+00	-3.5692163817297335e-04	-1.8254283930935842e-05
-2.8593401886188352e+00	-3.6485323013074025e-04	-1.8254283931277214e-05
-2.8532042654672924e+00	-3.7278482208898920e-04	-1.8254283930939190e-05
-2.8470683423157501e+00	-3.8071641404674905e-04	-1.8254283931273795e-05
-2.8409324191642074e+00	-3.8864800600500461e-04	-1.8254283930942527e-05
-2.8347964960126650e+00	-3.9657959796275720e-04	-1.8254283931270451e-05
-2.8286605728611223e+00	-4.0451118992101991e-04	-1.8254283930945868e-05
-2.8225246497095799e+00	-4.1244278187876573e-04	-1.8254283931267100e-05
-2.8163887265580372e+00	-4.2037437383703484e-04	-1.8254283930949134e-05
-2.8102528034064944e+00	-4.2830596579477496e-04	-1.8254283931263705e-05
-2.8041168802549521e+00	-4.3623755775305063e-04	-1.8254283930952407e-05
-2.7979809571034093e+00	-4.4416914971078295e-04	-1.8254283931260388e-05
-2.7918450339518670e+00	-4.5210074166906610e-04	-1.8254283930955663e-05
-2.7857091108003242e+00	-4.6003233362679170e-04	-1.8254283931257041e-05
-2.7795731876487819e+00	-4.6796392558508043e-04	-1.8254283930958841e-05
-2.7734372644972392e+00	-4.7589551754280017e-04	-1.8254283931253781e-05
-2.7673013413456968e+00	-4.8382710950109487e-04	-1.8254283930962033e-05
-2.7611654181941541e+00	-4.9175870145880902e-04	-1.8254283931250566e-05
-2.7550294950426117e+00	-4.9969029341711060e-04	-1.8254283930965295e-05
-2.7488935718910690e+00	-5.0762188537481750e-04	-1.8254283931247344e-05
-2.7427576487395262e+00	-5.1555347733312472e-04	-1.8254283930968423e-05
-2.7366217255879839e+00	-5.2348506929082619e-04	-1.8254283931244051e-05
-2.7304858024364411e+00	-5.3141666124913948e-04	-1.8254283930971608e-05
-2.7243498792848988e+00	-5.3934825320683488e-04	-1.8254283931240839e-05
-2.7182139561333560e+00	-5.4727984516515435e-04	-1.8254283930974728e-05
-2.7120780329818137e+00	-5.5521143712284379e-04	-1.8254283931237678e-05
-2.7059421098302709e+00	-5.6314302908116987e-04	-1.8254283930977967e-05
-2.6998061866787286e+00	-5.7107462103885150e-04	-1.8254283931234466e-05
-2.6936702635271859e+00	-5.7900621299718431e-04	-1.8254283930981101e-05
-2.6875343403756435e+00	-5.8693780495486085e-04	-1.8254283931231152e-05
-2.6813984172241008e+00	-5.9486939691319864e-04	-1.8254283930984323e-05
-2.6752624940725580e+00	-6.0280098887086856e-04	-1.8254283931227818e-05
-2.6691265709210157e+00	-6.1073258082921383e-04	-1.8254283930987606e-05
-2.6629906477694729e+00	-6.1866417278687736e-04	-1.8254283931224474e-05
-2.6568547246179306e+00	-6.2659576474522870e-04	-1.8254283930991062e-05
-2.6507188014663878e+00	-6.3452735670288573e-04	-1.8254283931221038e-05
-2.6445828783148455e+00	-6.4245894866124455e-04	-1.8254283930994572e-05
-2.6384469551633027e+00	-6.5039054061889355e-04	-1.8254283931217457e-05
-2.6323110320117604e+00	-6.5832213257725910e-04	-1.8254283930998191e-05
-2.6261751088602177e+00	-6.6625372453490224e-04	-1.8254283931213805e-05
-2.6200391857086753e+00	-6.7418531649327397e-04	-1.8254283931001965e-05
-2.6139032625571326e+00	-6.8211690845090974e-04	-1.8254283931209976e-05
-2.6077673394055898e+00	-6.9004850040929014e-04	-1.8254283931005956e-05
-2.6016314162540475e+00	-6.9798009236691767e-04	-1.8254283931205965e-05
-2.5954954931025047e+00	-7.0591168432530523e-04	-1.8254283931010151e-05
-2.5893595699509624e+00	-7.1384327628292604e-04	-1.8254283931201763e-05
-2.5832236467994196e+00	-7.2177486824132010e-04	-1.8254283931014471e-05
-2.5770877236478773e+00	-7.2970646019893343e-04	-1.8254283931197399e-05
-2.5709518004963345e+00	-7.3763805215733540e-04	-1.8254283931019163e-05
-2.5648158773447922e+00	-7.4556964411494168e-04	-1.8254283931192710e-05
-2.5586799541932495e+00	-7.5350123607335179e-04	-1.8254283931023988e-05
-2.5525440310417071e+00	-7.6143282803094940e-04	-1.8254283931187733e-05
-2.5464081078901644e+00	-7.6936441998936775e-04	-1.8254283931029121e-05
-2.5402721847386216e+00	-7.7729601194695766e-04	-1.8254283931182441e-05
-2.5341362615870793e+00	-7.8522760390538305e-04	-1.8254283931034569e-05
-2.5280003384355365e+00	-7.9315919586296613e-04	-1.8254283931176817e-05
-2.5218644152839942e+00	-8.0109078782139792e-04	-1.8254283931040282e-05
-2.5157284921324514e+00	-8.0902237977897428e-04	-1.8254283931170938e-05
-2.5095925689809091e+00	-8.1695397173741420e-04	-1.8254283931046350e-05
-2.5034566458293663e+00	-8.2488556369498200e-04	-1.8254283931164721e-05
-2.4973207226778240e+00	-8.3281715565342875e-04	-1.8254283931052777e-05
-2.4911847995262812e+00	-8.4074874761099015e-04	-1.8254283931158043e-05
-2.4850488763747385e+00	-8.4868033956944351e-04	-1.8254283931059516e-05
-2.4789129532231962e+00	-8.5661193152699862e-04	-1.8254283931151118e-05
-2.4727770300716534e+00	-8.6454352348545871e-04	-1.8254283931066621e-05
-2.4666411069201111e+00	-8.7247511544300774e-04	-1.8254283931143738e-05
-2.4605051837685683e+00	-8.8040670740147347e-04	-1.8254283931074058e-05
-2.4543692606170260e+00	-8.8833829935901730e-04	-1.8254283931136081e-05
-2.4482333374654832e+00	-8.9626989131748758e-04	-1.8254283931081830e-05
-2.4420974143139409e+00	-9.0420148327502654e-04	-1.8254283931128024e-05
-2.4359614911623981e+00	-9.1213307523350126e-04	-1.8254283931089914e-05
-2.4298255680108558e+00	-9.2006466719103631e-04	-1.8254283931119655e-05
-2.4236896448593130e+00	-9.2799625914951483e-04	-1.8254283931098253e-05
-2.4175537217077703e+00	-9.3592785110704533e-04	-1.8254283931110863e-05
-2.4114177985562280e+00	-9.4385944306552786e-04	-1.8254283931106875e-05
-2.4052818754046852e+00	-9.5179103502305521e-04	-1.8254283931101898e-05
-2.3991459522531429e+00	-9.5972262698154013e-04	-1.8254283931115773e-05
-2.3930100291016001e+00	-9.6765421893906683e-04	-1.8254283931092625e-05
-2.3868741059500578e+00	-9.7558581089755110e-04	-1.8254283931124971e-05
-2.3807381827985150e+00	-9.8351740285507758e-04	-1.8254283931083274e-05
-2.3746022596469727e+00	-9.9144899481356228e-04	-1.8254283931134401e-05
-2.3684663364954299e+00	-9.9938058677108920e-04	-1.8254283931073821e-05
-2.3623304133438876e+00	-1.0073121787295735e-03	-1.8254283931143962e-05
-2.3561944901923448e+00	-1.0152437706871013e-03	-1.8254283931064178e-05
-2.3500585670408021e+00	-1.0231753626455834e-03	-1.8254283931153649e-05
-2.3439226438892597e+00	-1.0311069546031144e-03	-1.8254283931054576e-05
-2.3377867207377170e+00	-1.0390385465615932e-03	-1.8254283931163433e-05
-2.3316507975861747e+00	-1.0469701385191284e-03	-1.8254283931044998e-05
-2.3255148744346319e+00	-1.0549017304776016e-03	-1.8254283931173059e-05
-2.3193789512830896e+00	-1.0628333224351433e-03	-1.8254283931035545e-05
-2.3132430281315468e+00	-1.0707649143936093e-03	-1.8254283931182756e-05
-2.3071071049800045e+00	-1.0786965063511570e-03	-1.8254283931026167e-05
-2.3009711818284617e+00	-1.0866280983096168e-03	-1.8254283931192134e-05
-2.2948352586769194e+00	-1.0945596902671728e-03	-1.8254283931017063e-05
-2.2886993355253766e+00	-1.1024912822256245e-03	-1.8254283931201374e-05
-2.2825634123738339e+00	-1.1104228741831900e-03	-1.8254283931008237e-05
-2.2764274892222915e+00	-1.1183544661416309e-03	-1.8254283931210281e-05
-2.2702915660707488e+00	-1.1262860580992075e-03	-1.8254283930999732e-05
-2.2641556429192065e+00	-1.1342176500576369e-03	-1.8254283931218748e-05
-2.2580197197676637e+00	-1.1421492420152259e-03	-1.8254283930991662e-05
-2.2518837966161214e+00	-1.1500808339736420e-03	-1.8254283931226693e-05
-2.2457478734645786e+00	-1.1580124259312440e-03	-1.8254283930984073e-05
-2.2396119503130363e+00	-1.1659440178896474e-03	-1.8254283931234140e-05
-2.2334760271614935e+00	-1.1738756098472632e-03	-1.8254283930977015e-05
-2.2273401040099512e+00	-1.1818072018056518e-03	-1.8254283931240978e-05
-2.2212041808584084e+00	-1.1897387937632826e-03	-1.8254283930970510e-05
-2.2150682577068657e+00	-1.1976703857216569e-03	-1.8254283931247100e-05
-2.2089323345553233e+00	-1.2056019776793014e-03	-1.8254283930964672e-05
-2.2027964114037806e+00	-1.2135335696376597e-03	-1.8254283931252480e-05
-2.1966604882522383e+00	-1.2214651615953230e-03	-1.8254283930959603e-05
-2.1905245651006955e+00	-1.2293967535536639e-03	-1.8254283931257237e-05
-2.1843886419491532e+00	-1.2373283455113422e-03	-1.8254283930955287e-05
-2.1782527187976104e+00	-1.2452599374696669e-03	-1.8254283931261191e-05
-2.1721167956460681e+00	-1.2531915294273633e-03	-1.8254283930951682e-05
-2.1659808724945253e+00	-1.2611231213856718e-03	-1.8254283931264403e-05
-2.1598449493429825e+00	-1.2690547133433832e-03	-1.8254283930948887e-05
-2.1537090261914402e+00	-1.2769863053016738e-03	-1.8254283931266802e-05
-2.1475731030398975e+00	-1.2849178972594033e-03	-1.8254283930946901e-05
-2.1414371798883551e+00	-1.2928494892176783e-03	-1.8254283931268445e-05
-2.1353012567368124e+00	-1.3007810811754236e-03	-1.8254283930945560e-05
-2.1291653335852700e+00	-1.3087126731336819e-03	-1.8254283931269435e-05
-2.1230294104337273e+00	-1.3166442650914443e-03	-1.8254283930944862e-05
-2.1168934872821850e+00	-1.3245758570496866e-03	-1.8254283931269665e-05
-2.1107575641306422e+00	-1.3325074490074620e-03	-1.8254283930944906e-05
-2.1046216409790999e+00	-1.3404390409656915e-03	-1.8254283931269275e-05
-2.0984857178275571e+00	-1.3483706329234816e-03	-1.8254283930945458e-05
-2.0923497946760143e+00	-1.3563022248816966e-03	-1.8254283931268432e-05
-2.0862138715244720e+00	-1.3642338168394993e-03	-1.8254283930946515e-05
-2.0800779483729293e+00	-1.3721654087977028e-03	-1.8254283931267158e-05
-2.0739420252213869e+00	-1.3800970007555161e-03	-1.8254283930947914e-05
-2.0678061020698442e+00	-1.3880285927137096e-03	-1.8254283931265630e-05
-2.0616701789183018e+00	-1.3959601846715336e-03	-1.8254283930949595e-05
-2.0555342557667591e+00	-1.4038917766297173e-03	-1.8254283931263922e-05
-2.0493983326152168e+00	-1.4118233685875496e-03	-1.8254283930951380e-05
-2.0432624094636740e+00	-1.4197549605457259e-03	-1.8254283931262157e-05
-2.0371264863121317e+00	-1.4276865525035642e-03	-1.8254283930953088e-05
-2.0309905631605889e+00	-1.4356181444617343e-03	-1.8254283931260480e-05
-2.0248546400090461e+00	-1.4435497364195782e-03	-1.8254283930954643e-05
-2.0187187168575038e+00	-1.4514813283777448e-03	-1.8254283931259060e-05
-2.0125827937059610e+00	-1.4594129203355909e-03	-1.8254283930955849e-05
-2.0064468705544187e+00	-1.4673445122937549e-03	-1.8254283931258098e-05
-2.0003109474028760e+00	-1.4752761042516058e-03	-1.8254283930956618e-05
-1.9941750242513334e+00	-1.4832076962097661e-03	-1.8254283931257691e-05
-1.9880391010997909e+00	-1.4911392881676170e-03	-1.8254283930956720e-05
-1.9819031779482483e+00	-1.4990708801257773e-03	-1.8254283931257949e-05
-1.9757672547967058e+00	-1.5070024720836295e-03	-1.8254283930956141e-05
-1.9696313316451632e+00	-1.5149340640417904e-03	-1.8254283931259036e-05
-1.9634954084936207e+00	-1.5228656559996411e-03	-1.8254283930954684e-05
-1.9573594853420782e+00	-1.5307972479578021e-03	-1.8254283931261042e-05
-1.9512235621905356e+00	-1.5387288399156518e-03	-1.8254283930952217e-05
-1.9450876390389933e+00	-1.5466604318738143e-03	-1.8254283931263878e-05
-1.9389517158874505e+00	-1.5545920238316632e-03	-1.8254283930948700e-05
-1.9328157927359080e+00	-1.5625236157898259e-03	-1.8254283931267893e-05
-1.9266798695843652e+00	-1.5704552077476757e-03	-1.8254283930944265e-05
-1.9205439464328224e+00	-1.5783867997058384e-03	-1.8254283931272863e-05
-1.9144080232812801e+00	-1.5863183916636871e-03	-1.8254283930938773e-05
-1.9082721001297376e+00	-1.5942499836218492e-03	-1.8254283931278904e-05
-1.9021361769781950e+00	-1.6021815755797009e-03	-1.8254283930932336e-05
-1.8960002538266525e+00	-1.6101131675378604e-03	-1.8254283931285803e-05
-1.8898643306751099e+00	-1.6180447594957149e-03	-1.8254283930924939e-05
-1.8837284075235674e+00	-1.6259763514538689e-03	-1.8254283931293507e-05
-1.8775924843720246e+00	-1.6339079434117300e-03	-1.8254283930916872e-05
-1.8714565612204823e+00	-1.6418395353698777e-03	-1.8254283931301940e-05
-1.8653206380689393e+00	-1.6497711273277466e-03	-1.8254283930908229e-05
-1.8591847149173970e+00	-1.6577027192858848e-03	-1.8254283931310810e-05
-1.8530487917658545e+00	-1.6656343112437643e-03	-1.8254283930899261e-05
-1.8469128686143119e+00	-1.6735659032018901e-03	-1.8254283931319819e-05
-1.8407769454627694e+00	-1.6814974951597835e-03	-1.8254283930890133e-05
-1.8346410223112268e+00	-1.6894290871178935e-03	-1.8254283931328801e-05
-1.8285050991596843e+00	-1.6973606790758038e-03	-1.8254283930881277e-05
-1.8223691760081417e+00	-1.7052922710338956e-03	-1.8254283931337468e-05
-1.8162332528565992e+00	-1.7132238629918258e-03	-1.8254283930872881e-05
-1.8100973297050564e+00	-1.7211554549498966e-03	-1.8254283931345413e-05
-1.8039614065535141e+00	-1.7290870469078520e-03	-1.8254283930865302e-05
-1.7978254834019713e+00	-1.7370186388658948e-03	-1.8254283931352335e-05
-1.7916895602504286e+00	-1.7449502308238768e-03	-1.8254283930858756e-05
-1.7855536370988863e+00	-1.7528818227818914e-03	-1.8254283931357861e-05
-1.7794177139473437e+00	-1.7608134147399038e-03	-1.8254283930853755e-05
-1.7732817907958012e+00	-1.7687450066978879e-03	-1.8254283931361920e-05
-1.7671458676442586e+00	-1.7766765986559317e-03	-1.8254283930850462e-05
-1.7610099444927161e+00	-1.7846081906138823e-03	-1.8254283931364146e-05
-1.7548740213411735e+00	-1.7925397825719605e-03	-1.8254283930849157e-05
-1.7487380981896310e+00	-1.8004713745298755e-03	-1.8254283931364360e-05
-1.7426021750380882e+00	-1.8084029664879899e-03	-1.8254283930850079e-05
-1.7364662518865459e+00	-1.8163345584458694e-03	-1.8254283931362483e-05
-1.7303303287350031e+00	-1.8242661504040193e-03	-1.8254283930853169e-05
-1.7241944055834606e+00	-1.8321977423618641e-03	-1.8254283931358271e-05
-1.7180584824319181e+00	-1.8401293343200482e-03	-1.8254283930858485e-05
-1.7119225592803755e+00	-1.8480609262778590e-03	-1.8254283931351898e-05
-1.7057866361288330e+00	-1.8559925182360772e-03	-1.8254283930865996e-05
-1.6996507129772904e+00	-1.8639241101938535e-03	-1.8254283931343401e-05
-1.6935147898257479e+00	-1.8718557021521040e-03	-1.8254283930875483e-05
-1.6873788666742053e+00	-1.8797872941098497e-03	-1.8254283931333053e-05
-1.6812429435226628e+00	-1.8877188860681299e-03	-1.8254283930886816e-05
-1.6751070203711202e+00	-1.8956504780258496e-03	-1.8254283931321168e-05
-1.6689710972195775e+00	-1.9035820699841541e-03	-1.8254283930899522e-05
-1.6628351740680349e+00	-1.9115136619418495e-03	-1.8254283931308046e-05
-1.6566992509164924e+00	-1.9194452539001761e-03	-1.8254283930913139e-05
-1.6505633277649499e+00	-1.9273768458578525e-03	-1.8254283931294114e-05
-1.6444274046134073e+00	-1.9353084378161960e-03	-1.8254283930927328e-05
-1.6382914814618650e+00	-1.9432400297738576e-03	-1.8254283931279948e-05
-1.6321555583103224e+00	-1.9511716217322133e-03	-1.8254283930941541e-05
-1.6260196351587797e+00	-1.9591032136898651e-03	-1.8254283931266111e-05
-1.6198837120072371e+00	-1.9670348056482286e-03	-1.8254283930955240e-05
-1.6137477888556946e+00	-1.9749663976058743e-03	-1.8254283931252863e-05
-1.6076118657041520e+00	-1.9828979895642439e-03	-1.8254283930967979e-05
-1.6014759425526093e+00	-1.9908295815218848e-03	-1.8254283931240727e-05
-1.5953400194010667e+00	-1.9987611734802553e-03	-1.8254283930979268e-05
-1.5892040962495240e+00	-2.0066927654378958e-03	-1.8254283931230186e-05
-1.5830681730979816e+00	-2.0146243573962667e-03	-1.8254283930989124e-05
-1.5769322499464391e+00	-2.0225559493539098e-03	-1.8254283931221384e-05
-1.5707963267948966e+00	-2.0304875413122776e-03	-1.8254283930997066e-05
-1.5646604036433540e+00	-2.0384191332699225e-03	-1.8254283931214266e-05
-1.5585244804918115e+00	-2.0463507252282890e-03	-1.8254283931003107e-05
-1.5523885573402689e+00	-2.0542823171859352e-03	-1.8254283931208746e-05
-1.5462526341887264e+00	-2.0622139091443013e-03	-1.8254283931007474e-05
-1.5401167110371838e+00	-2.0701455011019453e-03	-1.8254283931204758e-05
-1.5339807878856411e+00	-2.0780770930603149e-03	-1.8254283931010764e-05
-1.5278448647340985e+00	-2.0860086850179559e-03	-1.8254283931201953e-05
-1.5217089415825558e+00	-2.0939402769763280e-03	-1.8254283931013299e-05
-1.5155730184310134e+00	-2.1018718689339634e-03	-1.8254283931199463e-05
-1.5094370952794709e+00	-2.1098034608923455e-03	-1.8254283931015836e-05
-1.5033011721279284e+00	-2.1177350528499687e-03	-1.8254283931196769e-05
-1.4971652489763858e+00	-2.1256666448083647e-03	-1.8254283931018940e-05
-1.4910293258248433e+00	-2.1335982367659719e-03	-1.8254283931192951e-05
-1.4848934026733007e+00	-2.1415298287243852e-03	-1.8254283931023548e-05
-1.4787574795217582e+00	-2.1494614206819741e-03	-1.8254283931187455e-05
-1.4726215563702154e+00	-2.1573930126404075e-03	-1.8254283931030270e-05
-1.4664856332186729e+00	-2.1653246045979738e-03	-1.8254283931179429e-05
-1.4603497100671303e+00	-2.1732561965564310e-03	-1.8254283931039763e-05
-1.4542137869155878e+00	-2.1811877885139748e-03	-1.8254283931168529e-05
-1.4480778637640452e+00	-2.1891193804724545e-03	-1.8254283931052347e-05
-1.4419419406125029e+00	-2.1970509724299750e-03	-1.8254283931154374e-05
-1.4358060174609601e+00	-2.2049825643884768e-03	-1.8254283931068261e-05
-1.4296700943094176e+00	-2.2129141563459777e-03	-1.8254283931137009e-05
-1.4235341711578751e+00	-2.2208457483044964e-03	-1.8254283931087194e-05
-1.4173982480063327e+00	-2.2287773402619821e-03	-1.8254283931116694e-05
-1.4112623248547900e+00	-2.2367089322205143e-03	-1.8254283931108691e-05
-1.4051264017032472e+00	-2.2446405241779901e-03	-1.8254283931094160e-05
-1.3989904785517047e+00	-2.2525721161365283e-03	-1.8254283931131951e-05
-1.3928545554001621e+00	-2.2605037080940006e-03	-1.8254283931070277e-05
-1.3867186322486196e+00	-2.2684353000525393e-03	-1.8254283931155908e-05
-1.3805827090970770e+00	-2.2763668920100164e-03	-1.8254283931046194e-05
-1.3744467859455345e+00	-2.2842984839685442e-03	-1.8254283931179398e-05
-1.3683108627939919e+00	-2.2922300759260356e-03	-1.8254283931023056e-05
-1.3621749396424494e+00	-2.3001616678845465e-03	-1.8254283931201282e-05
-1.3560390164909069e+00	-2.3080932598420578e-03	-1.8254283931002135e-05
-1.3499030933393643e+00	-2.3160248518005458e-03	-1.8254283931220679e-05
-1.3437671701878215e+00	-2.3239564437580831e-03	-1.8254283930984211e-05
-1.3376312470362790e+00	-2.3318880357165428e-03	-1.8254283931236878e-05
-1.3314953238847365e+00	-2.3398196276741101e-03	-1.8254283930969883e-05
-1.3253594007331939e+00	-2.3477512196325386e-03	-1.8254283931249451e-05
-1.3192234775816516e+00	-2.3556828115901371e-03	-1.8254283930958912e-05
-1.3130875544301088e+00	-2.3636144035485353e-03	-1.8254283931258755e-05
-1.3069516312785661e+00	-2.3715459955061620e-03	-1.8254283930950926e-05
-1.3008157081270237e+00	-2.3794775874645333e-03	-1.8254283931265647e-05
-1.2946797849754810e+00	-2.3874091794221851e-03	-1.8254283930944814e-05
-1.2885438618239387e+00	-2.3953407713805338e-03	-1.8254283931271373e-05
-1.2824079386723961e+00	-2.4032723633382056e-03	-1.8254283930939180e-05
-1.2762720155208533e+00	-2.4112039552965378e-03	-1.8254283931277397e-05
-1.2701360923693108e+00	-2.4191355472542248e-03	-1.8254283930932434e-05
-1.2640001692177683e+00	-2.4270671392125427e-03	-1.8254283931285223e-05
-1.2578642460662257e+00	-2.4349987311702418e-03	-1.8254283930923262e-05
-1.2517283229146834e+00	-2.4429303231285489e-03	-1.8254283931296133e-05
-1.2455923997631406e+00	-2.4508619150862589e-03	-1.8254283930910591e-05
-1.2394564766115981e+00	-2.4587935070445538e-03	-1.8254283931310692e-05
-1.2333205534600555e+00	-2.4667250990022785e-03	-1.8254283930894321e-05
-1.2271846303085130e+00	-2.4746566909605561e-03	-1.8254283931328632e-05
-1.2210487071569704e+00	-2.4825882829183020e-03	-1.8254283930875137e-05
-1.2149127840054279e+00	-2.4905198748765532e-03	-1.8254283931348771e-05
-1.2087768608538849e+00	-2.4984514668343312e-03	-1.8254283930854622e-05
-1.2026409377023426e+00	-2.5063830587925434e-03	-1.8254283931369073e-05
-1.1965050145507998e+00	-2.5143146507503661e-03	-1.8254283930835208e-05
-1.1903690913992575e+00	-2.5222462427085270e-03	-1.8254283931386928e-05
-1.1842331682477150e+00	-2.5301778346664091e-03	-1.8254283930819470e-05
-1.1780972450961724e+00	-2.5381094266245055e-03	-1.8254283931399813e-05
-1.1719613219446299e+00	-2.5460410185824561e-03	-1.8254283930809997e-05
-1.1658253987930873e+00	-2.5539726105404791e-03	-1.8254283931405468e-05
-1.1596894756415448e+00	-2.5619042024985052e-03	-1.8254283930808371e-05
-1.1535535524900022e+00	-2.5698357944564528e-03	-1.8254283931402896e-05
-1.1474176293384595e+00	-2.5777673864145548e-03	-1.8254283930815059e-05
-1.1412817061869169e+00	-2.5856989783724278e-03	-1.8254283931392430e-05
-1.1351457830353744e+00	-2.5936305703306017e-03	-1.8254283930828927e-05
-1.1290098598838318e+00	-2.6015621622884079e-03	-1.8254283931375625e-05
-1.1228739367322893e+00	-2.6094937542466418e-03	-1.8254283930847737e-05
-1.1167380135807468e+00	-2.6174253462043933e-03	-1.8254283931355297e-05
-1.1106020904292042e+00	-2.6253569381626770e-03	-1.8254283930868466e-05
-1.1044661672776617e+00	-2.6332885301203843e-03	-1.8254283931334412e-05
-1.0983302441261191e+00	-2.6412201220787062e-03	-1.8254283930888405e-05
-1.0921943209745768e+00	-2.6491517140363780e-03	-1.8254283931315151e-05
-1.0860583978230340e+00	-2.6570833059947328e-03	-1.8254283930905759e-05
-1.0799224746714913e+00	-2.6650148979523733e-03	-1.8254283931298179e-05
-1.0737865515199487e+00	-2.6729464899107602e-03	-1.8254283930920880e-05
-1.0676506283684062e+00	-2.6808780818683661e-03	-1.8254283931282242e-05
-1.0615147052168636e+00	-2.6888096738267911e-03	-1.8254283930935839e-05
-1.0553787820653213e+00	-2.6967412657843545e-03	-1.8254283931264186e-05
-1.0492428589137786e+00	-2.7046728577428238e-03	-1.8254283930953955e-05
-1.0431069357622360e+00	-2.7126044497003386e-03	-1.8254283931240283e-05
-1.0369710126106935e+00	-2.7205360416588564e-03	-1.8254283930978411e-05
-1.0308350894591509e+00	-2.7284676336163205e-03	-1.8254283931207469e-05
-1.0246991663076084e+00	-2.7363992255748861e-03	-1.8254283931010835e-05
-1.0185632431560658e+00	-2.7443308175323059e-03	-1.8254283931164697e-05
-1.0124273200045231e+00	-2.7522624094909053e-03	-1.8254283931049911e-05
-1.0062913968529805e+00	-2.7601940014482960e-03	-1.8254283931113530e-05
-1.0001554737014380e+00	-2.7681255934069102e-03	-1.8254283931091486e-05
-9.9401955054989533e-01	-2.7760571853642909e-03	-1.8254283931057500e-05
-9.8788362739835278e-01	-2.7839887773228982e-03	-1.8254283931129860e-05
-9.8174770424681035e-01	-2.7919203692802885e-03	-1.8254283931000220e-05
-9.7561178109526792e-01	-2.7998519612388684e-03	-1.8254283931159520e-05
-9.6947585794372526e-01	-2.8077835531962799e-03	-1.8254283930942527e-05
-9.6333993479218272e-01	-2.8157151451548186e-03	-1.8254283931177074e-05
-9.5720401164064017e-01	-2.8236467371122575e-03	-1.8254283930881063e-05
-9.5106808848909752e-01	-2.8315783290707463e-03	-1.8254283931181465e-05
-9.4493216533755497e-01	-2.8395099210282086e-03	-1.8254283930808279e-05
-9.3879624218601254e-01	-2.8474415129866423e-03	-1.8254283931171802e-05
-9.3266031903446978e-01	-2.8553731049441220e-03	-1.8254283930714296e-05
-9.2652439588292723e-01	-2.8633046969024842e-03	-1.8254283931143264e-05
-9.2038847273138458e-01	-2.8712362888599855e-03	-1.8254283930588783e-05
-9.1425254957984214e-01	-2.8791678808182445e-03	-1.8254283931082745e-05
-9.0811662642829971e-01	-2.8870994727757744e-03	-1.8254283930421456e-05
-9.0198070327675706e-01	-2.8950310647338842e-03	-1.8254283930966796e-05
-8.9584478012521440e-01	-2.9029626566914441e-03	-1.8254283930198568e-05
-8.8970885697367186e-01	-2.9108942486493492e-03	-1.8254283930762743e-05
-8.8357293382212931e-01	-2.9188258406069251e-03	-1.8254283929895639e-05
-8.7743701067058666e-01	-2.9267574325645674e-03	-1.8254283930429669e-05
-8.7130108751904423e-01	-2.9346890245221121e-03	-1.8254283929468375e-05
-8.6516516436750157e-01	-2.9426206164794252e-03	-1.8254283929914006e-05
-8.5902924121595903e-01	-2.9505522084368576e-03	-1.8254283928843868e-05
-8.5289331806441637e-01	-2.9584838003937470e-03	-1.8254283929135555e-05
-8.4675739491287394e-01	-2.9664153923509443e-03	-1.8254283927913731e-05
-8.4062147176133140e-01	-2.9743469843072625e-03	-1.8254283927967253e-05
-8.3448554860978885e-01	-2.9822785762640505e-03	-1.8254283926524573e-05
-8.2834962545824620e-01	-2.9902101682195668e-03	-1.8254283926214894e-05
-8.2221370230670354e-01	-2.9981417601756873e-03	-1.8254283924455874e-05
-8.1607777915516100e-01	-3.0060733521300705e-03	-1.8254283923592392e-05
-8.0994185600361845e-01	-3.0140049440851163e-03	-1.8254283921369622e-05
-8.0380593285207591e-01	-3.0219365360378996e-03	-1.8254283919677507e-05
-7.9767000970053337e-01	-3.0298681279912428e-03	-1.8254283916739228e-05
-7.9153408654899082e-01	-3.0377997199417268e-03	-1.8254283913842362e-05
-7.8539816339744839e-01	-3.0457313118924323e-03	-1.8254283909780903e-05
-7.7926224024590574e-01	-3.0536629038395457e-03	-1.8254283905155880e-05
-7.7312631709436319e-01	-3.0615944957862570e-03	-1.8254283899353342e-05
-7.6699039394282054e-01	-3.0695260877283879e-03	-1.8254283892210790e-05
-7.6085447079127788e-01	-3.0774576796690893e-03	-1.8254283883739285e-05
-7.5471854763973545e-01	-3.0853892716038245e-03	-1.8254283872877257e-05
-7.4858262448819290e-01	-3.0933208635354598e-03	-1.8254283860344032e-05
-7.4244670133665036e-01	-3.1012524554591978e-03	-1.8254283844023052e-05
-7.3631077818510771e-01	-3.1091840473772216e-03	-1.8254283825318078e-05
-7.3017485503356516e-01	-3.1171156392845734e-03	-1.8254283800984488e-05
-7.2403893188202262e-01	-3.1250472311822740e-03	-1.8254283772889750e-05
-7.1790300873048007e-01	-3.1329788230650838e-03	-1.8254283736679891e-05
-7.1176708557893753e-01	-3.1409104149324163e-03	-1.8254283694449329e-05
-7.0563116242739499e-01	-3.1488420067784986e-03	-1.8254283640598495e-05
-6.9949523927585233e-01	-3.1567735986004638e-03	-1.8254283577157086e-05
-6.9335931612430979e-01	-3.1647051903916628e-03	-1.8254283497052699e-05
-6.8722339297276724e-01	-3.1726367821458420e-03	-1.8254283401689277e-05
-6.8108746982122470e-01	-3.1805683738548173e-03	-1.8254283282535767e-05
-6.7495154666968216e-01	-3.1884999655078907e-03	-1.8254283139400175e-05
-6.6881562351813950e-01	-3.1964315570938463e-03	-1.8254282961828866e-05
-6.6267970036659696e-01	-3.2043631485957689e-03	-1.8254282747202755e-05
-6.5654377721505441e-01	-3.2122947399976908e-03	-1.8254282482514439e-05
-6.5040785406351198e-01	-3.2202263312739645e-03	-1.8254282160914278e-05
-6.4427193091196933e-01	-3.2281579224005159e-03	-1.8254281765906673e-05
-6.3813600776042678e-01	-3.2360895133395750e-03	-1.8254281284470734e-05
-6.3200008460888413e-01	-3.2440211040543530e-03	-1.8254280694668086e-05
-6.2586416145734158e-01	-3.2519526944895356e-03	-1.8254279974266998e-05
-6.1972823830579904e-01	-3.2598842845884624e-03	-1.8254279093158362e-05
-6.1359231515425650e-01	-3.2678158742705820e-03	-1.8254278015731955e-05
-6.0745639200271395e-01	-3.2757474634487606e-03	-1.8254276698972323e-05
-6.0132046885117130e-01	-3.2836790520052511e-03	-1.8254275087952588e-05
-5.9518454569962886e-01	-3.2916106398068129e-03	-1.8254273119725954e-05
-5.8904862254808610e-01	-3.2995422266806906e-03	-1.8254270711310805e-05
-5.8291269939654355e-01	-3.3074738124242858e-03	-1.8254267768894451e-05
-5.7677677624500112e-01	-3.3154053967827742e-03	-1.8254264168724051e-05
-5.7064085309345847e-01	-3.3233369794499258e-03	-1.8254259769703217e-05
-5.6450492994191592e-01	-3.3312685600480388e-03	-1.8254254388247648e-05
-5.5836900679037338e-01	-3.3392001381163127e-03	-1.8254247811405861e-05
-5.5223308363883084e-01	-3.3471317130927204e-03	-1.8254239767349399e-05
-5.4609716048728829e-01	-3.3550632842863424e-03	-1.8254229934628166e-05
-5.3996123733574575e-01	-3.3629948508584239e-03	-1.8254217910359687e-05
-5.3382531418420309e-01	-3.3709264117753636e-03	-1.8254203210260120e-05
-5.2768939103266055e-01	-3.3788579657832558e-03	-1.8254185235950641e-05
-5.2155346788111800e-01	-3.3867895113378526e-03	-1.8254163259566061e-05
-5.1541754472957546e-01	-3.3947210465628572e-03	-1.8254136390240690e-05
-5.0928162157803292e-01	-3.4026525691523823e-03	-1.8254103536686611e-05
-5.0314569842649037e-01	-3.4105840762981596e-03	-1.8254063369684776e-05
-4.9700977527494766e-01	-3.4185155645570561e-03	-1.8254014256109034e-05
-4.9087385212340517e-01	-3.4264470297265047e-03	-1.8253954209611475e-05
-4.8473792897186263e-01	-3.4343784666639281e-03	-1.8253880789260432e-05
-4.7860200582032003e-01	-3.4423098690823635e-03	-1.8253791023915033e-05
-4.7246608266877754e-01	-3.4502412292980482e-03	-1.8253681267504259e-05
-4.6633015951723489e-01	-3.4581725379093120e-03	-1.8253547074403248e-05
-4.6019423636569234e-01	-3.4661037834315986e-03	-1.8253382999005679e-05
-4.5405831321414980e-01	-3.4740349518096302e-03	-1.8253182389892685e-05
-4.4792239006260720e-01	-3.4819660258737731e-03	-1.8252937112121555e-05
-4.4178646691106466e-01	-3.4898969846154865e-03	-1.8252637217082533e-05
-4.3565054375952217e-01	-3.4978278023630222e-03	-1.8252270548277677e-05
-4.2951462060797951e-01	-3.5057584477164662e-03	-1.8251822230625483e-05
-4.2337869745643697e-01	-3.5136888822918872e-03	-1.8251274092459536e-05
-4.1724277430489443e-01	-3.5216190591566970e-03	-1.8250603898701641e-05
-4.1110685115335188e-01	-3.5295489209241702e-03	-1.8249784480760900e-05
-4.0497092800180928e-01	-3.5374783974400962e-03	-1.8248782605829702e-05
-3.9883500485026663e-01	-3.5454074029148516e-03	-1.8247557651390681e-05
-3.9269908169872408e-01	-3.5533358324748555e-03	-1.8246059945691234e-05
-3.8656315854718160e-01	-3.5612635578770968e-03	-1.8244228752044661e-05
-3.8042723539563900e-01	-3.5691904223375216e-03	-1.8241989819782958e-05
-3.7429131224409640e-01	-3.5771162341519300e-03	-1.8239252347590506e-05
-3.6815538909255391e-01	-3.5850407589277499e-03	-1.8235905334410084e-05
-3.6201946594101131e-01	-3.5929637100879045e-03	-1.8231813048177248e-05
-3.5588354278946877e-01	-3.6008847372265380e-03	-1.8226809548551263e-05
-3.4974761963792622e-01	-3.6088034119367202e-03	-1.8220691952328665e-05
-3.4361169648638362e-01	-3.6167192104082039e-03	-1.8213212197358375e-05
-3.3747577333484102e-01	-3.6246314922158290e-03	-1.8204067012362822e-05
-3.3133985018329848e-01	-3.6325394743469352e-03	-1.8192885579297598e-05
-3.2520392703175588e-01	-3.6404421994302599e-03	-1.8179214538786872e-05
-3.1906800388021334e-01	-3.6483384969554907e-03	-1.8162499599848901e-05
-3.1293208072867085e-01	-3.6562269357757718e-03	-1.8142063078998385e-05
-3.0679615757712825e-01	-3.6641057661331283e-03	-1.8117076481779588e-05
-3.0066023442558570e-01	-3.6719728487398079e-03	-1.8086526883270817e-05
-2.9452431127404310e-01	-3.6798255680251914e-03	-1.8049175929713017e-05
-2.8838838812250062e-01	-3.6876607261720133e-03	-1.8003509716325849e-05
-2.8225246497095796e-01	-3.6954744135218901e-03	-1.7947677487421018e-05
-2.7611654181941536e-01	-3.7032618501699867e-03	-1.7879416802294040e-05
-2.6998061866787282e-01	-3.7110171923967678e-03	-1.7795962044615482e-05
-2.6384469551633033e-01	-3.7187332959904831e-03	-1.7693932636233038e-05
-2.5770877236478773e-01	-3.7264014270068247e-03	-1.7569196594799065e-05
-2.5157284921324513e-01	-3.7340109083713923e-03	-1.7416703882743291e-05
-2.4543692606170259e-01	-3.7415486880079934e-03	-1.7230282929826183e-05
-2.3930100291016002e-01	-3.7489988111735237e-03	-1.7002392378085343e-05
-2.3316507975861744e-01	-3.7563417759351736e-03	-1.6723818293270172e-05
-2.2702915660707490e-01	-3.7635537460324140e-03	-1.6383304998932118e-05
-2.2089323345553236e-01	-3.7706055897640421e-03	-1.5967105330008155e-05
-2.1475731030398976e-01	-3.7774617068598681e-03	-1.5458433185534484e-05
-2.0862138715244721e-01	-3.7840785971236350e-03	-1.4836797790515324e-05
-2.0248546400090464e-01	-3.7904031147962774e-03	-1.4077195091568535e-05
-1.9634954084936207e-01	-3.7963703408379385e-03	-1.3149127151036228e-05
-1.9021361769781950e-01	-3.8019009913532707e-03	-1.2015415199571040e-05
-1.8407769454627693e-01	-3.8068982637627577e-03	-1.0630766271317213e-05
-1.7794177139473438e-01	-3.8112440028178736e-03	-8.9400473160767099e-06
-1.7180584824319181e-01	-3.8147940459093148e-03	-6.8762146826201459e-06
-1.6566992509164927e-01	-3.8173725811924703e-03	-4.3578415621921484e-06
-1.5953400194010672e-01	-3.8187653229513423e-03	-1.2861825043403174e-06
-1.5339807878856412e-01	-3.8187112769519386e-03	 2.4582857049206906e-06
-1.4726215563702158e-01	-3.8168928356063546e-03	 7.0199008951621474e-06
-1.4112623248547898e-01	-3.8129239110586788e-03	 1.2572466814821215e-05
-1.3499030933393641e-01	-3.8063357881755657e-03	 1.9324521028693717e-05
-1.2885438618239387e-01	-3.7965603661155559e-03	 2.7525160346504519e-05
-1.2271846303085131e-01	-3.7829104682157505e-03	 3.7470263388081099e-05
-1.1658253987930872e-01	-3.7645569533730655e-03	 4.9508789620316982e-05
-1.1044661672776616e-01	-3.7405024853236499e-03	 6.4048589600994662e-05
-1.0431069357622361e-01	-3.7095520501445769e-03	 8.1560799641849533e-05
-9.8174770424681035e-02	-3.6702807165366522e-03	 1.0258137669119156e-04
-9.2038847273138463e-02	-3.6209997928014106e-03	 1.2770761525342469e-04
-8.5902924121595906e-02	-3.5597235653314933e-03	 1.5758654729644493e-04
-7.9767000970053348e-02	-3.4841403580258192e-03	 1.9289096446777954e-04
-7.3631077818510776e-02	-3.3915939129029273e-03	 2.3427751189481678e-04
-6.7495154666968205e-02	-3.2790842439517358e-03	 2.8232014932973935e-04
-6.1359231515425654e-02	-3.1433012656863551e-03	 3.3741183011933696e-04
-5.5223308363883082e-02	-2.9807094927465001e-03	 3.9962856606508388e-04
-4.9087385212340517e-02	-2.7877071784418164e-03	 4.6855482164307577e-04
-4.2951462060797953e-02	-2.5608864143484827e-03	 5.4307969816662675e-04
-3.6815538909255388e-02	-2.2974179088578947e-03	 6.2119181836228895e-04
-3.0679615757712820e-02	-1.9955687293179282e-03	 6.9982731455796375e-04
-2.4543692606170259e-02	-1.6553249655164566e-03	 7.7485406716896739e-04
-1.8407769454627694e-02	-1.2790293937934851e-03	 8.4129005065578476e-04
-1.2271846303085129e-02	-8.7186705999438155e-04	 8.9382733994016015e-04
-6.1359231515425638e-03	-4.4197722560803255e-04	 9.2764206303976146e-04
 0.0000000000000000e+00	 3.5039057907479341e-12	 9.3932517762094982e-04
 6.1359231515425638e-03	 4.4197723251844398e-04	 9.2764206267432982e-04
 1.2271846303085129e-02	 8.7186706662458879e-04	 8.9382733924745416e-04
 1.8407769454627694e-02	 1.2790293999932791e-03	 8.4129004970316678e-04
 2.4543692606170259e-02	 1.6553249711803223e-03	 7.7485406603880404e-04
 3.0679615757712820e-02	 1.9955687343873704e-03	 6.9982731333325147e-04
 3.6815538909255388e-02	 2.2974179133161228e-03	 6.2119181711590120e-04
 4.2951462060797953e-02	 2.5608864182110050e-03	 5.4307969695556230e-04
 4.9087385212340517e-02	 2.7877071817461623e-03	 4.6855482050711135e-04
 5.5223308363883082e-02	 2.9807094955430760e-03	 3.9962856502835095e-04
 6.1359231515425654e-02	 3.1433012680313105e-03	 3.3741182919332178e-04
 6.7495154666968205e-02	 3.2790842459019271e-03	 2.8232014851661455e-04
 7.3631077818510776e-02	 3.3915939145126805e-03	 2.3427751119047194e-04
 7.9767000970053348e-02	 3.4841403593450695e-03	 1.9289096386427906e-04
 8.5902924121595906e-02	 3.5597235664049116e-03	 1.5758654678386515e-04
 9.2038847273138463e-02	 3.6209997936681700e-03	 1.2770761482113632e-04
 9.8174770424681035e-02	 3.6702807172305950e-03	 1.0258137632869653e-04
 1.0431069357622361e-01	 3.7095520506946139e-03	 8.1560799339284770e-05
 1.1044661672776616e-01	 3.7405024857542612e-03	 6.4048589349399897e-05
 1.1658253987930872e-01	 3.7645569537048361e-03	 4.9508789411744118e-05
 1.2271846303085131e-01	 3.7829104684658993e-03	 3.7470263215602796e-05
 1.2885438618239387e-01	 3.7965603662984226e-03	 2.7525160204162888e-05
 1.3499030933393641e-01	 3.8063357883030501e-03	 1.9324520911416720e-05
 1.4112623248547898e-01	 3.8129239111406310e-03	 1.2572466718325212e-05
 1.4726215563702158e-01	 3.8168928356509062e-03	 7.0199008158519140e-06
 1.5339807878856412e-01	 3.8187112769657956e-03	 2.4582856397938574e-06
 1.5953400194010672e-01	 3.8187653229400237e-03	-1.2861825577811116e-06
 1.6566992509164927e-01	 3.8173725811605137e-03	-4.3578416060175831e-06
 1.7180584824319181e-01	 3.8147940458604463e-03	-6.8762147185427327e-06
 1.7794177139473438e-01	 3.8112440027551512e-03	-8.9400473455097377e-06
 1.8407769454627693e-01	 3.8068982636886919e-03	-1.0630766295425204e-05
 1.9021361769781950e-01	 3.8019009912699164e-03	-1.2015415219312132e-05
 1.9634954084936207e-01	 3.7963703407469808e-03	-1.3149127167197998e-05
 2.0248546400090464e-01	 3.7904031146990969e-03	-1.4077195104797572e-05
 2.0862138715244721e-01	 3.7840785970213609e-03	-1.4836797801342232e-05
 2.1475731030398976e-01	 3.7774617067534285e-03	-1.5458433194394405e-05
 2.2089323345553236e-01	 3.7706055896541938e-03	-1.5967105337257717e-05
 2.2702915660707490e-01	 3.7635537459197749e-03	-1.6383305004863470e-05
 2.3316507975861744e-01	 3.7563417758202529e-03	-1.6723818298122709e-05
 2.3930100291016002e-01	 3.7489988110567373e-03	-1.7002392382055095e-05
 2.4543692606170259e-01	 3.7415486878896792e-03	-1.7230282933073603e-05
 2.5157284921324513e-01	 3.7340109082518295e-03	-1.7416703885399752e-05
 2.5770877236478773e-01	 3.7264014268862389e-03	-1.7569196596972016e-05
 2.6384469551633033e-01	 3.7187332958690633e-03	-1.7693932638010475e-05
 2.6998061866787282e-01	 3.7110171922746646e-03	-1.7795962046069353e-05
 2.7611654181941536e-01	 3.7032618500473231e-03	-1.7879416803483230e-05
 2.8225246497095796e-01	 3.6954744133987699e-03	-1.7947677488393703e-05
 2.8838838812250062e-01	 3.6876607260485192e-03	-1.8003509717121416e-05
 2.9452431127404310e-01	 3.6798255679013907e-03	-1.8049175930363718e-05
 3.0066023442558570e-01	 3.6719728486157570e-03	-1.8086526883803001e-05
 3.0679615757712825e-01	 3.6641057660088726e-03	-1.8117076482214845e-05
 3.1293208072867085e-01	 3.6562269356513483e-03	-1.8142063079354379e-05
 3.1906800388021334e-01	 3.6483384968309311e-03	-1.8162499600140104e-05
 3.2520392703175588e-01	 3.6404421993055879e-03	-1.8179214539025037e-05
 3.3133985018329848e-01	 3.6325394742221717e-03	-1.8192885579492413e-05
 3.3747577333484102e-01	 3.6246314920909905e-03	-1.8204067012522126e-05
 3.4361169648638362e-01	 3.6167192102833047e-03	-1.8213212197488635e-05
 3.4974761963792622e-01	 3.6088034118117712e-03	-1.8220691952435252e-05
 3.5588354278946877e-01	 3.6008847371015477e-03	-1.8226809548638423e-05
 3.6201946594101131e-01	 3.5929637099628808e-03	-1.8231813048248524e-05
 3.6815538909255391e-01	 3.5850407588026989e-03	-1.8235905334468354e-05
 3.7429131224409640e-01	 3.5771162340268569e-03	-1.8239252347638217e-05
 3.8042723539563900e-01	 3.5691904222124294e-03	-1.8241989819822009e-05
 3.8656315854718160e-01	 3.5612635577519898e-03	-1.8244228752076543e-05
 3.9269908169872408e-01	 3.5533358323497359e-03	-1.8246059945717391e-05
 3.9883500485026663e-01	 3.5454074027897217e-03	-1.8247557651412139e-05
 4.0497092800180928e-01	 3.5374783973149580e-03	-1.8248782605847218e-05
 4.1110685115335188e-01	 3.5295489207990255e-03	-1.8249784480775273e-05
 4.1724277430489443e-01	 3.5216190590315471e-03	-1.8250603898713452e-05
 4.2337869745643697e-01	 3.5136888821667329e-03	-1.8251274092469264e-05
 4.2951462060797951e-01	 3.5057584475913072e-03	-1.8251822230633459e-05
 4.3565054375952217e-01	 3.4978278022378601e-03	-1.8252270548284138e-05
 4.4178646691106466e-01	 3.4898969844903227e-03	-1.8252637217087846e-05
 4.4792239006260720e-01	 3.4819660257486072e-03	-1.8252937112125906e-05
 4.5405831321414980e-01	 3.4740349516844625e-03	-1.8253182389896209e-05
 4.6019423636569234e-01	 3.4661037833064296e-03	-1.8253382999008542e-05
 4.6633015951723489e-01	 3.4581725377841417e-03	-1.8253547074405589e-05
 4.7246608266877754e-01	 3.4502412291728770e-03	-1.8253681267506190e-05
 4.7860200582032003e-01	 3.4423098689571920e-03	-1.8253791023916636e-05
 4.8473792897186263e-01	 3.4343784665387561e-03	-1.8253880789261685e-05
 4.9087385212340517e-01	 3.4264470296013318e-03	-1.8253954209612519e-05
 4.9700977527494766e-01	 3.4185155644318823e-03	-1.8254014256109912e-05
 5.0314569842649037e-01	 3.4105840761729858e-03	-1.8254063369685474e-05
 5.0928162157803292e-01	 3.4026525690272090e-03	-1.8254103536687204e-05
 5.1541754472957546e-01	 3.3947210464376830e-03	-1.8254136390241168e-05
 5.2155346788111800e-01	 3.3867895112126784e-03	-1.8254163259566448e-05
 5.2768939103266055e-01	 3.3788579656580820e-03	-1.8254185235950932e-05
 5.3382531418420309e-01	 3.3709264116501894e-03	-1.8254203210260303e-05
 5.3996123733574575e-01	 3.3629948507332488e-03	-1.8254217910359850e-05
 5.4609716048728829e-01	 3.3550632841611674e-03	-1.8254229934628299e-05
 5.5223308363883084e-01	 3.3471317129675458e-03	-1.8254239767349490e-05
 5.5836900679037338e-01	 3.3392001379911381e-03	-1.8254247811405831e-05
 5.6450492994191592e-01	 3.3312685599228634e-03	-1.8254254388247753e-05
 5.7064085309345847e-01	 3.3233369793247507e-03	-1.8254259769703278e-05
 5.7677677624500112e-01	 3.3154053966575996e-03	-1.8254264168724122e-05
 5.8291269939654355e-01	 3.3074738122991112e-03	-1.8254267768894519e-05
 5.8904862254808610e-01	 3.2995422265555156e-03	-1.8254270711310836e-05
 5.9518454569962886e-01	 3.2916106396816379e-03	-1.8254273119725958e-05
 6.0132046885117130e-01	 3.2836790518800756e-03	-1.8254275087952605e-05
 6.0745639200271395e-01	 3.2757474633235855e-03	-1.8254276698972310e-05
 6.1359231515425650e-01	 3.2678158741454078e-03	-1.8254278015731955e-05
 6.1972823830579904e-01	 3.2598842844632869e-03	-1.8254279093158383e-05
 6.2586416145734158e-01	 3.2519526943643605e-03	-1.8254279974266977e-05
 6.3200008460888413e-01	 3.2440211039291779e-03	-1.8254280694668089e-05
 6.3813600776042678e-01	 3.2360895132144000e-03	-1.8254281284470713e-05
 6.4427193091196933e-01	 3.2281579222753400e-03	-1.8254281765906636e-05
 6.5040785406351198e-01	 3.2202263311487890e-03	-1.8254282160914220e-05
 6.5654377721505441e-01	 3.2122947398725149e-03	-1.8254282482514361e-05
 6.6267970036659696e-01	 3.2043631484705939e-03	-1.8254282747202670e-05
 6.6881562351813950e-01	 3.1964315569686704e-03	-1.8254282961828778e-05
 6.7495154666968216e-01	 3.1884999653827161e-03	-1.8254283139400081e-05
 6.8108746982122470e-01	 3.1805683737296427e-03	-1.8254283282535703e-05
 6.8722339297276724e-01	 3.1726367820206669e-03	-1.8254283401689223e-05
 6.9335931612430979e-01	 3.1647051902664869e-03	-1.8254283497052638e-05
 6.9949523927585233e-01	 3.1567735984752883e-03	-1.8254283577157065e-05
 7.0563116242739499e-01	 3.1488420066533235e-03	-1.8254283640598491e-05
 7.1176708557893753e-01	 3.1409104148072413e-03	-1.8254283694449285e-05
 7.1790300873048007e-01	 3.1329788229399083e-03	-1.8254283736679858e-05
 7.2403893188202262e-01	 3.1250472310571003e-03	-1.8254283772889713e-05
 7.3017485503356516e-01	 3.1171156391593983e-03	-1.8254283800984468e-05
 7.3631077818510771e-01	 3.1091840472520470e-03	-1.8254283825318173e-05
 7.4244670133665036e-01	 3.1012524553340223e-03	-1.8254283844023211e-05
 7.4858262448819290e-01	 3.0933208634102848e-03	-1.8254283860344232e-05
 7.5471854763973545e-01	 3.0853892714786495e-03	-1.8254283872877379e-05
 7.6085447079127788e-01	 3.0774576795439138e-03	-1.8254283883739468e-05
 7.6699039394282054e-01	 3.0695260876032119e-03	-1.8254283892210899e-05
 7.7312631709436319e-01	 3.0615944956610820e-03	-1.8254283899353389e-05
 7.7926224024590574e-01	 3.0536629037143698e-03	-1.8254283905156039e-05
 7.8539816339744839e-01	 3.0457313117672573e-03	-1.8254283909781103e-05
 7.9153408654899082e-01	 3.0377997198165513e-03	-1.8254283913842521e-05
 7.9767000970053337e-01	 3.0298681278660678e-03	-1.8254283916739323e-05
 8.0380593285207591e-01	 3.0219365359127246e-03	-1.8254283919677582e-05
 8.0994185600361845e-01	 3.0140049439599408e-03	-1.8254283921369730e-05
 8.1607777915516100e-01	 3.0060733520048954e-03	-1.8254283923592555e-05
 8.2221370230670354e-01	 2.9981417600505119e-03	-1.8254283924455959e-05
 8.2834962545824620e-01	 2.9902101680943918e-03	-1.8254283926215057e-05
 8.3448554860978885e-01	 2.9822785761388754e-03	-1.8254283926524752e-05
 8.4062147176133140e-01	 2.9743469841820875e-03	-1.8254283927967463e-05
 8.4675739491287394e-01	 2.9664153922257688e-03	-1.8254283927913947e-05
 8.5289331806441637e-01	 2.9584838002685715e-03	-1.8254283929135731e-05
 8.5902924121595903e-01	 2.9505522083116812e-03	-1.8254283928844023e-05
 8.6516516436750157e-01	 2.9426206163542497e-03	-1.8254283929914087e-05
 8.7130108751904423e-01	 2.9346890243969362e-03	-1.8254283929468436e-05
 8.7743701067058666e-01	 2.9267574324393919e-03	-1.8254283930429747e-05
 8.8357293382212931e-01	 2.9188258404817488e-03	-1.8254283929895723e-05
 8.8970885697367186e-01	 2.9108942485241728e-03	-1.8254283930762824e-05
 8.9584478012521440e-01	 2.9029626565662678e-03	-1.8254283930198676e-05
 9.0198070327675706e-01	 2.8950310646087083e-03	-1.8254283930966830e-05
 9.0811662642829971e-01	 2.8870994726505985e-03	-1.8254283930421473e-05
 9.1425254957984214e-01	 2.8791678806930690e-03	-1.8254283931082718e-05
 9.2038847273138458e-01	 2.8712362887348096e-03	-1.8254283930588742e-05
 9.2652439588292723e-01	 2.8633046967773083e-03	-1.8254283931143203e-05
 9.3266031903446978e-01	 2.8553731048189456e-03	-1.8254283930714272e-05
 9.3879624218601254e-01	 2.8474415128614664e-03	-1.8254283931171782e-05
 9.4493216533755497e-01	 2.8395099209030318e-03	-1.8254283930808303e-05
 9.5106808848909752e-01	 2.8315783289455708e-03	-1.8254283931181445e-05
 9.5720401164064017e-01	 2.8236467369870811e-03	-1.8254283930881033e-05
 9.6333993479218272e-01	 2.8157151450296423e-03	-1.8254283931177023e-05
 9.6947585794372526e-01	 2.8077835530711049e-03	-1.8254283930942476e-05
 9.7561178109526792e-01	 2.7998519611136920e-03	-1.8254283931159524e-05
 9.8174770424681035e-01	 2.7919203691551125e-03	-1.8254283931000210e-05
 9.8788362739835278e-01	 2.7839887771977227e-03	-1.8254283931129830e-05
 9.9401955054989533e-01	 2.7760571852391142e-03	-1.8254283931057629e-05
 1.0001554737014380e+00	 2.7681255932817343e-03	-1.8254283931091524e-05
 1.0062913968529805e+00	 2.7601940013231192e-03	-1.8254283931113557e-05
 1.0124273200045231e+00	 2.7522624093657285e-03	-1.8254283931049853e-05
 1.0185632431560658e+00	 2.7443308174071300e-03	-1.8254283931164667e-05
 1.0246991663076084e+00	 2.7363992254497102e-03	-1.8254283931010791e-05
 1.0308350894591509e+00	 2.7284676334911446e-03	-1.8254283931207479e-05
 1.0369710126106935e+00	 2.7205360415336801e-03	-1.8254283930978462e-05
 1.0431069357622360e+00	 2.7126044495751622e-03	-1.8254283931240337e-05
 1.0492428589137786e+00	 2.7046728576176466e-03	-1.8254283930953983e-05
 1.0553787820653213e+00	 2.6967412656591773e-03	-1.8254283931264264e-05
 1.0615147052168636e+00	 2.6888096737016139e-03	-1.8254283930935914e-05
 1.0676506283684062e+00	 2.6808780817431893e-03	-1.8254283931282262e-05
 1.0737865515199487e+00	 2.6729464897855834e-03	-1.8254283930920884e-05
 1.0799224746714913e+00	 2.6650148978271974e-03	-1.8254283931298183e-05
 1.0860583978230340e+00	 2.6570833058695569e-03	-1.8254283930905742e-05
 1.0921943209745768e+00	 2.6491517139112021e-03	-1.8254283931315127e-05
 1.0983302441261191e+00	 2.6412201219535299e-03	-1.8254283930888327e-05
 1.1044661672776617e+00	 2.6332885299952084e-03	-1.8254283931334327e-05
 1.1106020904292042e+00	 2.6253569380375002e-03	-1.8254283930868419e-05
 1.1167380135807468e+00	 2.6174253460792170e-03	-1.8254283931355232e-05
 1.1228739367322893e+00	 2.6094937541214658e-03	-1.8254283930847649e-05
 1.1290098598838318e+00	 2.6015621621632312e-03	-1.8254283931375652e-05
 1.1351457830353744e+00	 2.5936305702054258e-03	-1.8254283930828906e-05
 1.1412817061869169e+00	 2.5856989782472523e-03	-1.8254283931392468e-05
 1.1474176293384595e+00	 2.5777673862893789e-03	-1.8254283930815137e-05
 1.1535535524900022e+00	 2.5698357943312773e-03	-1.8254283931402998e-05
 1.1596894756415448e+00	 2.5619042023733297e-03	-1.8254283930808398e-05
 1.1658253987930873e+00	 2.5539726104153036e-03	-1.8254283931405499e-05
 1.1719613219446299e+00	 2.5460410184572806e-03	-1.8254283930810034e-05
 1.1780972450961724e+00	 2.5381094264993295e-03	-1.8254283931399732e-05
 1.1842331682477150e+00	 2.5301778345412323e-03	-1.8254283930819382e-05
 1.1903690913992575e+00	 2.5222462425833507e-03	-1.8254283931386779e-05
 1.1965050145507998e+00	 2.5143146506251901e-03	-1.8254283930835083e-05
 1.2026409377023426e+00	 2.5063830586673675e-03	-1.8254283931368903e-05
 1.2087768608538849e+00	 2.4984514667091545e-03	-1.8254283930854480e-05
 1.2149127840054279e+00	 2.4905198747513769e-03	-1.8254283931348632e-05
 1.2210487071569704e+00	 2.4825882827931266e-03	-1.8254283930874981e-05
 1.2271846303085130e+00	 2.4746566908353802e-03	-1.8254283931328517e-05
 1.2333205534600555e+00	 2.4667250988771022e-03	-1.8254283930894199e-05
 1.2394564766115981e+00	 2.4587935069193784e-03	-1.8254283931310566e-05
 1.2455923997631406e+00	 2.4508619149610843e-03	-1.8254283930910520e-05
 1.2517283229146834e+00	 2.4429303230033735e-03	-1.8254283931296092e-05
 1.2578642460662257e+00	 2.4349987310450663e-03	-1.8254283930923205e-05
 1.2640001692177683e+00	 2.4270671390873677e-03	-1.8254283931285244e-05
 1.2701360923693108e+00	 2.4191355471290493e-03	-1.8254283930932454e-05
 1.2762720155208533e+00	 2.4112039551713628e-03	-1.8254283931277393e-05
 1.2824079386723961e+00	 2.4032723632130305e-03	-1.8254283930939170e-05
 1.2885438618239387e+00	 2.3953407712553588e-03	-1.8254283931271376e-05
 1.2946797849754810e+00	 2.3874091792970100e-03	-1.8254283930944821e-05
 1.3008157081270237e+00	 2.3794775873393582e-03	-1.8254283931265643e-05
 1.3069516312785661e+00	 2.3715459953809869e-03	-1.8254283930950903e-05
 1.3130875544301088e+00	 2.3636144034233602e-03	-1.8254283931258762e-05
 1.3192234775816516e+00	 2.3556828114649612e-03	-1.8254283930958919e-05
 1.3253594007331939e+00	 2.3477512195073627e-03	-1.8254283931249387e-05
 1.3314953238847365e+00	 2.3398196275489351e-03	-1.8254283930969778e-05
 1.3376312470362790e+00	 2.3318880355913669e-03	-1.8254283931236837e-05
 1.3437671701878215e+00	 2.3239564436329080e-03	-1.8254283930984201e-05
 1.3499030933393643e+00	 2.3160248516753707e-03	-1.8254283931220645e-05
 1.3560390164909069e+00	 2.3080932597168832e-03	-1.8254283931002135e-05
 1.3621749396424494e+00	 2.3001616677593715e-03	-1.8254283931201364e-05
 1.3683108627939919e+00	 2.2922300758008605e-03	-1.8254283931023097e-05
 1.3744467859455345e+00	 2.2842984838433692e-03	-1.8254283931179436e-05
 1.3805827090970770e+00	 2.2763668918848404e-03	-1.8254283931046174e-05
 1.3867186322486196e+00	 2.2684352999273634e-03	-1.8254283931155908e-05
 1.3928545554001621e+00	 2.2605037079688251e-03	-1.8254283931070236e-05
 1.3989904785517047e+00	 2.2525721160113537e-03	-1.8254283931131934e-05
 1.4051264017032472e+00	 2.2446405240528137e-03	-1.8254283931094116e-05
 1.4112623248547900e+00	 2.2367089320953393e-03	-1.8254283931108725e-05
 1.4173982480063327e+00	 2.2287773401368067e-03	-1.8254283931116738e-05
 1.4235341711578751e+00	 2.2208457481793210e-03	-1.8254283931087217e-05
 1.4296700943094176e+00	 2.2129141562208022e-03	-1.8254283931137009e-05
 1.4358060174609601e+00	 2.2049825642633009e-03	-1.8254283931068291e-05
 1.4419419406125029e+00	 2.1970509723047990e-03	-1.8254283931154428e-05
 1.4480778637640452e+00	 2.1891193803472778e-03	-1.8254283931052394e-05
 1.4542137869155878e+00	 2.1811877883887985e-03	-1.8254283931168573e-05
 1.4603497100671303e+00	 2.1732561964312547e-03	-1.8254283931039831e-05
 1.4664856332186729e+00	 2.1653246044727988e-03	-1.8254283931179537e-05
 1.4726215563702154e+00	 2.1573930125152324e-03	-1.8254283931030334e-05
 1.4787574795217582e+00	 2.1494614205567978e-03	-1.8254283931187482e-05
 1.4848934026733007e+00	 2.1415298285992093e-03	-1.8254283931023639e-05
 1.4910293258248433e+00	 2.1335982366407964e-03	-1.8254283931193066e-05
 1.4971652489763858e+00	 2.1256666446831884e-03	-1.8254283931019069e-05
 1.5033011721279284e+00	 2.1177350527247923e-03	-1.8254283931196854e-05
 1.5094370952794709e+00	 2.1098034607671696e-03	-1.8254283931016040e-05
 1.5155730184310134e+00	 2.1018718688087874e-03	-1.8254283931199707e-05
 1.5217089415825558e+00	 2.0939402768511525e-03	-1.8254283931013556e-05
 1.5278448647340985e+00	 2.0860086848927795e-03	-1.8254283931202177e-05
 1.5339807878856411e+00	 2.0780770929351381e-03	-1.8254283931011045e-05
 1.5401167110371838e+00	 2.0701455009767694e-03	-1.8254283931205036e-05
 1.5462526341887264e+00	 2.0622139090191237e-03	-1.8254283931007681e-05
 1.5523885573402689e+00	 2.0542823170607571e-03	-1.8254283931208956e-05
 1.5585244804918115e+00	 2.0463507251031123e-03	-1.8254283931003192e-05
 1.5646604036433540e+00	 2.0384191331447462e-03	-1.8254283931214354e-05
 1.5707963267948966e+00	 2.0304875411871009e-03	-1.8254283930997103e-05
 1.5769322499464391e+00	 2.0225559492287326e-03	-1.8254283931221421e-05
 1.5830681730979816e+00	 2.0146243572710895e-03	-1.8254283930989161e-05
 1.5892040962495240e+00	 2.0066927653127199e-03	-1.8254283931230190e-05
 1.5953400194010667e+00	 1.9987611733550789e-03	-1.8254283930979265e-05
 1.6014759425526093e+00	 1.9908295813967081e-03	-1.8254283931240625e-05
 1.6076118657041520e+00	 1.9828979894390671e-03	-1.8254283930967830e-05
 1.6137477888556946e+00	 1.9749663974806975e-03	-1.8254283931252734e-05
 1.6198837120072371e+00	 1.9670348055230522e-03	-1.8254283930955013e-05
 1.6260196351587797e+00	 1.9591032135646883e-03	-1.8254283931265863e-05
 1.6321555583103224e+00	 1.9511716216070367e-03	-1.8254283930941341e-05
 1.6382914814618650e+00	 1.9432400296486812e-03	-1.8254283931279802e-05
 1.6444274046134073e+00	 1.9353084376910199e-03	-1.8254283930927118e-05
 1.6505633277649499e+00	 1.9273768457326763e-03	-1.8254283931293958e-05
 1.6566992509164924e+00	 1.9194452537750002e-03	-1.8254283930913037e-05
 1.6628351740680349e+00	 1.9115136618166740e-03	-1.8254283931307920e-05
 1.6689710972195775e+00	 1.9035820698589780e-03	-1.8254283930899410e-05
 1.6751070203711202e+00	 1.8956504779006726e-03	-1.8254283931321100e-05
 1.6812429435226628e+00	 1.8877188859429544e-03	-1.8254283930886725e-05
 1.6873788666742053e+00	 1.8797872939846744e-03	-1.8254283931332996e-05
 1.6935147898257479e+00	 1.8718557020269285e-03	-1.8254283930875490e-05
 1.6996507129772904e+00	 1.8639241100686776e-03	-1.8254283931343364e-05
 1.7057866361288330e+00	 1.8559925181109017e-03	-1.8254283930865952e-05
 1.7119225592803755e+00	 1.8480609261526827e-03	-1.8254283931351888e-05
 1.7180584824319181e+00	 1.8401293341948717e-03	-1.8254283930858495e-05
 1.7241944055834606e+00	 1.8321977422366886e-03	-1.8254283931358315e-05
 1.7303303287350031e+00	 1.8242661502788434e-03	-1.8254283930853192e-05
 1.7364662518865459e+00	 1.8163345583206945e-03	-1.8254283931362520e-05
 1.7426021750380882e+00	 1.8084029663628129e-03	-1.8254283930850082e-05
 1.7487380981896310e+00	 1.8004713744046998e-03	-1.8254283931364448e-05
 1.7548740213411735e+00	 1.7925397824467852e-03	-1.8254283930849164e-05
 1.7610099444927161e+00	 1.7846081904887064e-03	-1.8254283931364133e-05
 1.7671458676442586e+00	 1.7766765985307558e-03	-1.8254283930850472e-05
 1.7732817907958012e+00	 1.7687450065727115e-03	-1.8254283931361927e-05
 1.7794177139473437e+00	 1.7608134146147275e-03	-1.8254283930853721e-05
 1.7855536370988863e+00	 1.7528818226567149e-03	-1.8254283931357868e-05
 1.7916895602504286e+00	 1.7449502306987011e-03	-1.8254283930858749e-05
 1.7978254834019713e+00	 1.7370186387407180e-03	-1.8254283931352268e-05
 1.8039614065535141e+00	 1.7290870467826752e-03	-1.8254283930865220e-05
 1.8100973297050564e+00	 1.7211554548247202e-03	-1.8254283931345329e-05
 1.8162332528565992e+00	 1.7132238628666510e-03	-1.8254283930872816e-05
 1.8223691760081417e+00	 1.7052922709087201e-03	-1.8254283931337390e-05
 1.8285050991596843e+00	 1.6973606789506285e-03	-1.8254283930881216e-05
 1.8346410223112268e+00	 1.6894290869927174e-03	-1.8254283931328754e-05
 1.8407769454627694e+00	 1.6814974950346074e-03	-1.8254283930890093e-05
 1.8469128686143119e+00	 1.6735659030767134e-03	-1.8254283931319782e-05
 1.8530487917658545e+00	 1.6656343111185884e-03	-1.8254283930899220e-05
 1.8591847149173970e+00	 1.6577027191607091e-03	-1.8254283931310783e-05
 1.8653206380689393e+00	 1.6497711272025707e-03	-1.8254283930908226e-05
 1.8714565612204823e+00	 1.6418395352447018e-03	-1.8254283931301954e-05
 1.8775924843720246e+00	 1.6339079432865543e-03	-1.8254283930916893e-05
 1.8837284075235674e+00	 1.6259763513286937e-03	-1.8254283931293524e-05
 1.8898643306751099e+00	 1.6180447593705392e-03	-1.8254283930924933e-05
 1.8960002538266525e+00	 1.6101131674126842e-03	-1.8254283931285779e-05
 1.9021361769781950e+00	 1.6021815754545254e-03	-1.8254283930932312e-05
 1.9082721001297376e+00	 1.5942499834966741e-03	-1.8254283931278857e-05
 1.9144080232812801e+00	 1.5863183915385114e-03	-1.8254283930938699e-05
 1.9205439464328224e+00	 1.5783867995806632e-03	-1.8254283931272890e-05
 1.9266798695843652e+00	 1.5704552076225007e-03	-1.8254283930944218e-05
 1.9328157927359080e+00	 1.5625236156646509e-03	-1.8254283931267798e-05
 1.9389517158874505e+00	 1.5545920237064880e-03	-1.8254283930948619e-05
 1.9450876390389933e+00	 1.5466604317486380e-03	-1.8254283931263820e-05
 1.9512235621905356e+00	 1.5387288397904766e-03	-1.8254283930952116e-05
 1.9573594853420782e+00	 1.5307972478326270e-03	-1.8254283931260832e-05
 1.9634954084936207e+00	 1.5228656558744656e-03	-1.8254283930954491e-05
 1.9696313316451632e+00	 1.5149340639166143e-03	-1.8254283931258914e-05
 1.9757672547967058e+00	 1.5070024719584531e-03	-1.8254283930956022e-05
 1.9819031779482483e+00	 1.4990708800006020e-03	-1.8254283931257773e-05
 1.9880391010997909e+00	 1.4911392880424413e-03	-1.8254283930956629e-05
 1.9941750242513334e+00	 1.4832076960845900e-03	-1.8254283931257603e-05
 2.0003109474028760e+00	 1.4752761041264301e-03	-1.8254283930956513e-05
 2.0064468705544187e+00	 1.4673445121685797e-03	-1.8254283931258054e-05
 2.0125827937059610e+00	 1.4594129202104161e-03	-1.8254283930955836e-05
 2.0187187168575038e+00	 1.4514813282525689e-03	-1.8254283931259057e-05
 2.0248546400090461e+00	 1.4435497362944032e-03	-1.8254283930954650e-05
 2.0309905631605889e+00	 1.4356181443365599e-03	-1.8254283931260480e-05
 2.0371264863121317e+00	 1.4276865523783887e-03	-1.8254283930953098e-05
 2.0432624094636740e+00	 1.4197549604205500e-03	-1.8254283931262086e-05
 2.0493983326152168e+00	 1.4118233684623741e-03	-1.8254283930951313e-05
 2.0555342557667591e+00	 1.4038917765045421e-03	-1.8254283931263875e-05
 2.0616701789183018e+00	 1.3959601845463584e-03	-1.8254283930949564e-05
 2.0678061020698442e+00	 1.3880285925885346e-03	-1.8254283931265616e-05
 2.0739420252213869e+00	 1.3800970006303415e-03	-1.8254283930947901e-05
 2.0800779483729293e+00	 1.3721654086725280e-03	-1.8254283931267141e-05
 2.0862138715244720e+00	 1.3642338167143245e-03	-1.8254283930946474e-05
 2.0923497946760143e+00	 1.3563022247565220e-03	-1.8254283931268411e-05
 2.0984857178275571e+00	 1.3483706327983059e-03	-1.8254283930945394e-05
 2.1046216409790999e+00	 1.3404390408405164e-03	-1.8254283931269228e-05
 2.1107575641306422e+00	 1.3325074488822865e-03	-1.8254283930944824e-05
 2.1168934872821850e+00	 1.3245758569245120e-03	-1.8254283931269540e-05
 2.1230294104337273e+00	 1.3166442649662690e-03	-1.8254283930944811e-05
 2.1291653335852700e+00	 1.3087126730085077e-03	-1.8254283931269269e-05
 2.1353012567368124e+00	 1.3007810810502490e-03	-1.8254283930945427e-05
 2.1414371798883551e+00	 1.2928494890925033e-03	-1.8254283931268391e-05
 2.1475731030398975e+00	 1.2849178971342293e-03	-1.8254283930946766e-05
 2.1537090261914402e+00	 1.2769863051764999e-03	-1.8254283931266738e-05
 2.1598449493429825e+00	 1.2690547132182086e-03	-1.8254283930948836e-05
 2.1659808724945253e+00	 1.2611231212604961e-03	-1.8254283931264366e-05
 2.1721167956460681e+00	 1.2531915293021881e-03	-1.8254283930951706e-05
 2.1782527187976104e+00	 1.2452599373444929e-03	-1.8254283931261164e-05
 2.1843886419491532e+00	 1.2373283453861682e-03	-1.8254283930955256e-05
 2.1905245651006955e+00	 1.2293967534284889e-03	-1.8254283931257237e-05
 2.1966604882522383e+00	 1.2214651614701492e-03	-1.8254283930959532e-05
 2.2027964114037806e+00	 1.2135335695124855e-03	-1.8254283931252490e-05
 2.2089323345553233e+00	 1.2056019775541272e-03	-1.8254283930964642e-05
 2.2150682577068657e+00	 1.1976703855964815e-03	-1.8254283931247012e-05
 2.2212041808584084e+00	 1.1897387936381084e-03	-1.8254283930970483e-05
 2.2273401040099512e+00	 1.1818072016804772e-03	-1.8254283931240896e-05
 2.2334760271614935e+00	 1.1738756097220886e-03	-1.8254283930976947e-05
 2.2396119503130363e+00	 1.1659440177644732e-03	-1.8254283931234076e-05
 2.2457478734645786e+00	 1.1580124258060696e-03	-1.8254283930983981e-05
 2.2518837966161214e+00	 1.1500808338484681e-03	-1.8254283931226673e-05
 2.2580197197676637e+00	 1.1421492418900517e-03	-1.8254283930991618e-05
 2.2641556429192065e+00	 1.1342176499324625e-03	-1.8254283931218694e-05
 2.2702915660707488e+00	 1.1262860579740336e-03	-1.8254283930999756e-05
 2.2764274892222915e+00	 1.1183544660164570e-03	-1.8254283931210281e-05
 2.2825634123738339e+00	 1.1104228740580163e-03	-1.8254283931008304e-05
 2.2886993355253766e+00	 1.1024912821004499e-03	-1.8254283931201401e-05
 2.2948352586769194e+00	 1.0945596901419988e-03	-1.8254283931017036e-05
 2.3009711818284617e+00	 1.0866280981844429e-03	-1.8254283931192172e-05
 2.3071071049800045e+00	 1.0786965062259827e-03	-1.8254283931026143e-05
 2.3132430281315468e+00	 1.0707649142684354e-03	-1.8254283931182627e-05
 2.3193789512830896e+00	 1.0628333223099695e-03	-1.8254283931035440e-05
 2.3255148744346319e+00	 1.0549017303524268e-03	-1.8254283931173059e-05
 2.3316507975861747e+00	 1.0469701383939540e-03	-1.8254283931045015e-05
 2.3377867207377170e+00	 1.0390385464364182e-03	-1.8254283931163413e-05
 2.3439226438892597e+00	 1.0311069544779406e-03	-1.8254283931054722e-05
 2.3500585670408021e+00	 1.0231753625204094e-03	-1.8254283931153743e-05
 2.3561944901923448e+00	 1.0152437705619271e-03	-1.8254283931064273e-05
 2.3623304133438876e+00	 1.0073121786043991e-03	-1.8254283931144077e-05
 2.3684663364954299e+00	 9.9938058664591481e-04	-1.8254283931073872e-05
 2.3746022596469727e+00	 9.9144899468838919e-04	-1.8254283931134519e-05
 2.3807381827985150e+00	 9.8351740272990340e-04	-1.8254283931083379e-05
 2.3868741059500578e+00	 9.7558581077237735e-04	-1.8254283931125070e-05
 2.3930100291016001e+00	 9.6765421881389298e-04	-1.8254283931092788e-05
 2.3991459522531429e+00	 9.5972262685636574e-04	-1.8254283931115945e-05
 2.4052818754046852e+00	 9.5179103489788093e-04	-1.8254283931102030e-05
 2.4114177985562280e+00	 9.4385944294035303e-04	-1.8254283931107018e-05
 2.4175537217077703e+00	 9.3592785098187072e-04	-1.8254283931110965e-05
 2.4236896448593130e+00	 9.2799625902434044e-04	-1.8254283931098334e-05
 2.4298255680108558e+00	 9.2006466706586138e-04	-1.8254283931119666e-05
 2.4359614911623981e+00	 9.1213307510832719e-04	-1.8254283931089941e-05
 2.4420974143139409e+00	 9.0420148314985203e-04	-1.8254283931128014e-05
 2.4482333374654832e+00	 8.9626989119231341e-04	-1.8254283931081851e-05
 2.4543692606170260e+00	 8.8833829923384280e-04	-1.8254283931136105e-05
 2.4605051837685683e+00	 8.8040670727629875e-04	-1.8254283931074071e-05
 2.4666411069201111e+00	 8.7247511531783335e-04	-1.8254283931143759e-05
 2.4727770300716534e+00	 8.6454352336028432e-04	-1.8254283931066648e-05
 2.4789129532231962e+00	 8.5661193140182498e-04	-1.8254283931151107e-05
 2.4850488763747385e+00	 8.4868033944426901e-04	-1.8254283931059533e-05
 2.4911847995262812e+00	 8.4074874748581597e-04	-1.8254283931158056e-05
 2.4973207226778240e+00	 8.3281715552825522e-04	-1.8254283931052747e-05
 2.5034566458293663e+00	 8.2488556356980674e-04	-1.8254283931164670e-05
 2.5095925689809091e+00	 8.1695397161223905e-04	-1.8254283931046299e-05
 2.5157284921324514e+00	 8.0902237965379989e-04	-1.8254283931170833e-05
 2.5218644152839942e+00	 8.0109078769622386e-04	-1.8254283931040187e-05
 2.5280003384355365e+00	 7.9315919573779109e-04	-1.8254283931176813e-05
 2.5341362615870793e+00	 7.8522760378020801e-04	-1.8254283931034481e-05
 2.5402721847386216e+00	 7.7729601182178381e-04	-1.8254283931182431e-05
 2.5464081078901644e+00	 7.6936441986419368e-04	-1.8254283931029121e-05
 2.5525440310417071e+00	 7.6143282790577479e-04	-1.8254283931187703e-05
 2.5586799541932495e+00	 7.5350123594817740e-04	-1.8254283931023958e-05
 2.5648158773447922e+00	 7.4556964398976697e-04	-1.8254283931192612e-05
 2.5709518004963345e+00	 7.3763805203216166e-04	-1.8254283931019075e-05
 2.5770877236478773e+00	 7.2970646007375893e-04	-1.8254283931197305e-05
 2.5832236467994196e+00	 7.2177486811614549e-04	-1.8254283931014478e-05
 2.5893595699509624e+00	 7.1384327615775164e-04	-1.8254283931201770e-05
 2.5954954931025047e+00	 7.0591168420013138e-04	-1.8254283931010124e-05
 2.6016314162540475e+00	 6.9798009224174306e-04	-1.8254283931205975e-05
 2.6077673394055898e+00	 6.9004850028411510e-04	-1.8254283931005956e-05
 2.6139032625571326e+00	 6.8211690832573491e-04	-1.8254283931209936e-05
 2.6200391857086753e+00	 6.7418531636809947e-04	-1.8254283931001958e-05
 2.6261751088602177e+00	 6.6625372440972687e-04	-1.8254283931213768e-05
 2.6323110320117604e+00	 6.5832213245208470e-04	-1.8254283930998140e-05
 2.6384469551633027e+00	 6.5039054049371905e-04	-1.8254283931217461e-05
 2.6445828783148455e+00	 6.4245894853606994e-04	-1.8254283930994562e-05
 2.6507188014663878e+00	 6.3452735657771166e-04	-1.8254283931221049e-05
 2.6568547246179306e+00	 6.2659576462005453e-04	-1.8254283930991069e-05
 2.6629906477694729e+00	 6.1866417266170286e-04	-1.8254283931224494e-05
 2.6691265709210157e+00	 6.1073258070403955e-04	-1.8254283930987677e-05
 2.6752624940725580e+00	 6.0280098874569482e-04	-1.8254283931227845e-05
 2.6813984172241008e+00	 5.9486939678802468e-04	-1.8254283930984330e-05
 2.6875343403756435e+00	 5.8693780482968580e-04	-1.8254283931231189e-05
 2.6936702635271859e+00	 5.7900621287200991e-04	-1.8254283930981081e-05
 2.6998061866787286e+00	 5.7107462091367765e-04	-1.8254283931234415e-05
 2.7059421098302709e+00	 5.6314302895599504e-04	-1.8254283930977893e-05
 2.7120780329818137e+00	 5.5521143699766950e-04	-1.8254283931237617e-05
 2.7182139561333560e+00	 5.4727984503997974e-04	-1.8254283930974698e-05
 2.7243498792848988e+00	 5.3934825308166049e-04	-1.8254283931240852e-05
 2.7304858024364411e+00	 5.3141666112396498e-04	-1.8254283930971533e-05
 2.7366217255879839e+00	 5.2348506916565234e-04	-1.8254283931244112e-05
 2.7427576487395262e+00	 5.1555347720795054e-04	-1.8254283930968348e-05
 2.7488935718910690e+00	 5.0762188524964332e-04	-1.8254283931247219e-05
 2.7550294950426117e+00	 4.9969029329193545e-04	-1.8254283930965126e-05
 2.7611654181941541e+00	 4.9175870133363463e-04	-1.8254283931250353e-05
 2.7673013413456968e+00	 4.8382710937592069e-04	-1.8254283930961931e-05
 2.7734372644972392e+00	 4.7589551741762551e-04	-1.8254283931253581e-05
 2.7795731876487819e+00	 4.6796392545990631e-04	-1.8254283930958695e-05
 2.7857091108003242e+00	 4.6003233350161790e-04	-1.8254283931256922e-05
 2.7918450339518670e+00	 4.5210074154389208e-04	-1.8254283930955568e-05
 2.7979809571034093e+00	 4.4416914958560845e-04	-1.8254283931260304e-05
 2.8041168802549521e+00	 4.3623755762787673e-04	-1.8254283930952319e-05
 2.8102528034064944e+00	 4.2830596566960079e-04	-1.8254283931263624e-05
 2.8163887265580372e+00	 4.2037437371186110e-04	-1.8254283930949053e-05
 2.8225246497095799e+00	 4.1244278175359183e-04	-1.8254283931267002e-05
 2.8286605728611223e+00	 4.0451118979584633e-04	-1.8254283930945749e-05
 2.8347964960126650e+00	 3.9657959783758351e-04	-1.8254283931270390e-05
 2.8409324191642074e+00	 3.8864800587983060e-04	-1.8254283930942483e-05
 2.8470683423157501e+00	 3.8071641392157515e-04	-1.8254283931273744e-05
 2.8532042654672924e+00	 3.7278482196381605e-04	-1.8254283930939132e-05
 2.8593401886188352e+00	 3.6485323000556640e-04	-1.8254283931277132e-05
 2.8654761117703775e+00	 3.5692163804780020e-04	-1.8254283930935798e-05
 2.8716120349219203e+00	 3.4899004608955815e-04	-1.8254283931280483e-05
 2.8777479580734626e+00	 3.4105845413178365e-04	-1.8254283930932400e-05
 2.8838838812250054e+00	 3.3312686217354983e-04	-1.8254283931283797e-05
 2.8900198043765482e+00	 3.2519527021576829e-04	-1.8254283930929083e-05
 2.8961557275280905e+00	 3.1726367825754271e-04	-1.8254283931287087e-05
 2.9022916506796332e+00	 3.0933208629975234e-04	-1.8254283930925742e-05
 2.9084275738311756e+00	 3.0140049434153522e-04	-1.8254283931290288e-05
 2.9145634969827183e+00	 2.9346890238373579e-04	-1.8254283930922470e-05
 2.9206994201342606e+00	 2.8553731042552653e-04	-1.8254283931293589e-05
 2.9268353432858034e+00	 2.7760571846771956e-04	-1.8254283930919275e-05
 2.9329712664373457e+00	 2.6967412650951957e-04	-1.8254283931296885e-05
 2.9391071895888885e+00	 2.6174253455170317e-04	-1.8254283930916262e-05
 2.9452431127404308e+00	 2.5381094259351180e-04	-1.8254283931299945e-05
 2.9513790358919736e+00	 2.4587935063568732e-04	-1.8254283930913220e-05
 2.9575149590435164e+00	 2.3794775867750422e-04	-1.8254283931302906e-05
 2.9636508821950587e+00	 2.3001616671966971e-04	-1.8254283930910167e-05
 2.9697868053466014e+00	 2.2208457476149726e-04	-1.8254283931305708e-05
 2.9759227284981438e+00	 2.1415298280365297e-04	-1.8254283930907250e-05
 2.9820586516496865e+00	 2.0622139084549104e-04	-1.8254283931308405e-05
 2.9881945748012289e+00	 1.9828979888763610e-04	-1.8254283930904529e-05
 2.9943304979527716e+00	 1.9035820692948416e-04	-1.8254283931310973e-05
 3.0004664211043139e+00	 1.8242661497161917e-04	-1.8254283930901968e-05
 3.0066023442558567e+00	 1.7449502301347799e-04	-1.8254283931313484e-05
 3.0127382674073995e+00	 1.6656343105560199e-04	-1.8254283930899600e-05
 3.0188741905589418e+00	 1.5863183909747120e-04	-1.8254283931315845e-05
 3.0250101137104846e+00	 1.5070024713958449e-04	-1.8254283930897468e-05
 3.0311460368620269e+00	 1.4276865518146541e-04	-1.8254283931318054e-05
 3.0372819600135696e+00	 1.3483706322356691e-04	-1.8254283930895466e-05
 3.0434178831651120e+00	 1.2690547126545970e-04	-1.8254283931320002e-05
 3.0495538063166547e+00	 1.1897387930754889e-04	-1.8254283930893616e-05
 3.0556897294681971e+00	 1.1104228734945285e-04	-1.8254283931321734e-05
 3.0618256526197398e+00	 1.0311069539153099e-04	-1.8254283930891942e-05
 3.0679615757712821e+00	 9.5179103433446464e-05	-1.8254283931323214e-05
 3.0740974989228249e+00	 8.7247511475512592e-05	-1.8254283930890526e-05
 3.0802334220743677e+00	 7.9315919517441134e-05	-1.8254283931324570e-05
 3.0863693452259100e+00	 7.1384327559494631e-05	-1.8254283930889252e-05
 3.0925052683774528e+00	 6.3452735601435750e-05	-1.8254283931325559e-05
 3.0986411915289951e+00	 5.5521143643476995e-05	-1.8254283930888263e-05
 3.1047771146805379e+00	 4.7589551685430040e-05	-1.8254283931326514e-05
 3.1109130378320802e+00	 3.9657959727458763e-05	-1.8254283930887595e-05
 3.1170489609836229e+00	 3.1726367769424168e-05	-1.8254283931327090e-05
 3.1231848841351653e+00	 2.3794775811440422e-05	-1.8254283930887003e-05
 3.1293208072867080e+00	 1.5863183853418784e-05	-1.8254283931327311e-05
 3.1354567304382504e+00	 7.9315918954225156e-06	-1.8254283930886681e-05
