%# 1. u 2. x_tilde 3. y 
%# N = 1024	L =  0.0000000000000000e+00
%# H/L =  3.1945866488930404e-04	c =  1.3000000000000000e-01	h = 1.500000e-02	y0 = 0.000000e+00

-3.1415926535897931e+00	-1.2438029210554135e-15	-3.1520364606372617e-05
-3.1354567304382504e+00	-1.1857041436547436e-05	-3.1520364606220686e-05
-3.1293208072867080e+00	-2.3714082871594119e-05	-3.1520364606392139e-05
-3.1231848841351653e+00	-3.5571124307126958e-05	-3.1520364606180950e-05
-3.1170489609836229e+00	-4.7428165741920589e-05	-3.1520364606449358e-05
-3.1109130378320802e+00	-5.9285207177741609e-05	-3.1520364606112585e-05
-3.1047771146805379e+00	-7.1142248612203907e-05	-3.1520364606523199e-05
-3.0986411915289951e+00	-8.2999290048403097e-05	-3.1520364606040905e-05
-3.0925052683774528e+00	-9.4856331482441689e-05	-3.1520364606585974e-05
-3.0863693452259100e+00	-1.0671337291910448e-04	-3.1520364605994176e-05
-3.0802334220743677e+00	-1.1857041435264911e-04	-3.1520364606611887e-05
-3.0740974989228249e+00	-1.3042745578982452e-04	-3.1520364605992326e-05
-3.0679615757712821e+00	-1.4228449722285220e-04	-3.1520364606588482e-05
-3.0618256526197398e+00	-1.5414153866053328e-04	-3.1520364606039245e-05
-3.0556897294681971e+00	-1.6599858009308391e-04	-3.1520364606521966e-05
-3.0495538063166547e+00	-1.7785562153120127e-04	-3.1520364606118859e-05
-3.0434178831651120e+00	-1.8971266296336333e-04	-3.1520364606437269e-05
-3.0372819600135696e+00	-2.0156970440181419e-04	-3.1520364606199653e-05
-3.0311460368620269e+00	-2.1342674583369522e-04	-3.1520364606369053e-05
-3.0250101137104846e+00	-2.2528378727238504e-04	-3.1520364606247412e-05
-3.0188741905589418e+00	-2.3714082870405877e-04	-3.1520364606347457e-05
-3.0127382674073995e+00	-2.4899787014293984e-04	-3.1520364606239958e-05
-3.0066023442558567e+00	-2.6085491157441798e-04	-3.1520364606383466e-05
-3.0004664211043139e+00	-2.7271195301351936e-04	-3.1520364606179039e-05
-2.9943304979527716e+00	-2.8456899444473513e-04	-3.1520364606462152e-05
-2.9881945748012289e+00	-2.9642603588415310e-04	-3.1520364606091605e-05
-2.9820586516496865e+00	-3.0828307731499199e-04	-3.1520364606547844e-05
-2.9759227284981438e+00	-3.2014011875484581e-04	-3.1520364606017981e-05
-2.9697868053466014e+00	-3.3199716018519725e-04	-3.1520364606600150e-05
-2.9636508821950587e+00	-3.4385420162557625e-04	-3.1520364605993736e-05
-2.9575149590435164e+00	-3.5571124305538299e-04	-3.1520364606593252e-05
-2.9513790358919736e+00	-3.6756828449630670e-04	-3.1520364606031737e-05
-2.9452431127404308e+00	-3.7942532592559215e-04	-3.1520364606528234e-05
-2.9391071895888885e+00	-3.9128236736699399e-04	-3.1520364606116745e-05
-2.9329712664373457e+00	-4.0313940879585459e-04	-3.1520364606432987e-05
-2.9268353432858034e+00	-4.1499645023762089e-04	-3.1520364606211803e-05
-2.9206994201342606e+00	-4.2685349166617835e-04	-3.1520364606348046e-05
-2.9145634969827183e+00	-4.3871053310819608e-04	-3.1520364606276977e-05
-2.9084275738311756e+00	-4.5056757453654076e-04	-3.1520364606308148e-05
-2.9022916506796332e+00	-4.6242461597874698e-04	-3.1520364606287785e-05
-2.8961557275280905e+00	-4.7428165740690480e-04	-3.1520364606325996e-05
-2.8900198043765482e+00	-4.8613869884931701e-04	-3.1520364606244620e-05
-2.8838838812250054e+00	-4.9799574027723599e-04	-3.1520364606388460e-05
-2.8777479580734626e+00	-5.0985278171993182e-04	-3.1520364606171145e-05
-2.8716120349219203e+00	-5.2170982314751725e-04	-3.1520364606464164e-05
-2.8654761117703775e+00	-5.3356686459059526e-04	-3.1520364606101912e-05
-2.8593401886188352e+00	-5.4542390601775405e-04	-3.1520364606519682e-05
-2.8532042654672924e+00	-5.5728094746129394e-04	-3.1520364606065747e-05
-2.8470683423157501e+00	-5.6913798888797058e-04	-3.1520364606534014e-05
-2.8409324191642074e+00	-5.8099503033199598e-04	-3.1520364606073289e-05
-2.8347964960126650e+00	-5.9285207175819763e-04	-3.1520364606507763e-05
-2.8286605728611223e+00	-6.0470911320267622e-04	-3.1520364606113520e-05
-2.8225246497095799e+00	-6.1656615462846003e-04	-3.1520364606460702e-05
-2.8163887265580372e+00	-6.2842319607331614e-04	-3.1520364606160174e-05
-2.8102528034064944e+00	-6.4028023749875809e-04	-3.1520364606421806e-05
-2.8041168802549521e+00	-6.5213727894392667e-04	-3.1520364606185592e-05
-2.7979809571034093e+00	-6.6399432036907556e-04	-3.1520364606414067e-05
-2.7918450339518670e+00	-6.7585136181453156e-04	-3.1520364606174425e-05
-2.7857091108003242e+00	-6.8770840323938371e-04	-3.1520364606443022e-05
-2.7795731876487819e+00	-6.9956544468515814e-04	-3.1520364606131822e-05
-2.7734372644972392e+00	-7.1142248610966041e-04	-3.1520364606493505e-05
-2.7673013413456968e+00	-7.2327952755582461e-04	-3.1520364606080519e-05
-2.7611654181941541e+00	-7.3513656897989527e-04	-3.1520364606538080e-05
-2.7550294950426117e+00	-7.4699361042652925e-04	-3.1520364606049775e-05
-2.7488935718910690e+00	-7.5885065185010096e-04	-3.1520364606549708e-05
-2.7427576487395262e+00	-7.7070769329725005e-04	-3.1520364606060340e-05
-2.7366217255879839e+00	-7.8256473472030350e-04	-3.1520364606515691e-05
-2.7304858024364411e+00	-7.9442177616795794e-04	-3.1520364606115708e-05
-2.7243498792848988e+00	-8.0627881759053456e-04	-3.1520364606443138e-05
-2.7182139561333560e+00	-8.1813585903862843e-04	-3.1520364606199341e-05
-2.7120780329818137e+00	-8.2999290046080921e-04	-3.1520364606355649e-05
-2.7059421098302709e+00	-8.4184994190925207e-04	-3.1520364606283292e-05
-2.6998061866787286e+00	-8.5370698333112765e-04	-3.1520364606282784e-05
-2.6936702635271859e+00	-8.6556402477983778e-04	-3.1520364606339427e-05
-2.6875343403756435e+00	-8.7742106620147342e-04	-3.1520364606247920e-05
-2.6813984172241008e+00	-8.8927810765041058e-04	-3.1520364606350885e-05
-2.6752624940725580e+00	-9.0113514907181865e-04	-3.1520364606259460e-05
-2.6691265709210157e+00	-9.1299219052099910e-04	-3.1520364606319301e-05
-2.6629906477694729e+00	-9.2484923194213395e-04	-3.1520364606305999e-05
-2.6568547246179306e+00	-9.3670627339162882e-04	-3.1520364606264813e-05
-2.6507188014663878e+00	-9.4856331481240187e-04	-3.1520364606360216e-05
-2.6445828783148455e+00	-9.6042035626230343e-04	-3.1520364606218979e-05
-2.6384469551633027e+00	-9.7227739768263087e-04	-3.1520364606389761e-05
-2.6323110320117604e+00	-9.8413443913300731e-04	-3.1520364606211030e-05
-2.6261751088602177e+00	-9.9599148055284697e-04	-3.1520364606372719e-05
-2.6200391857086753e+00	-1.0078485220037054e-03	-3.1520364606252819e-05
-2.6139032625571326e+00	-1.0197055634230850e-03	-3.1520364606309665e-05
-2.6077673394055898e+00	-1.0315626048743648e-03	-3.1520364606330082e-05
-2.6016314162540475e+00	-1.0434196462933763e-03	-3.1520364606227408e-05
-2.5954954931025047e+00	-1.0552766877449668e-03	-3.1520364606406661e-05
-2.5893595699509624e+00	-1.0671337291637208e-03	-3.1520364606167249e-05
-2.5832236467994196e+00	-1.0789907706155232e-03	-3.1520364606441532e-05
-2.5770877236478773e+00	-1.0908478120340956e-03	-3.1520364606163908e-05
-2.5709518004963345e+00	-1.1027048534860725e-03	-3.1520364606411519e-05
-2.5648158773447922e+00	-1.1145618949044535e-03	-3.1520364606224678e-05
-2.5586799541932495e+00	-1.1264189363566603e-03	-3.1520364606326166e-05
-2.5525440310417071e+00	-1.1382759777747568e-03	-3.1520364606324932e-05
-2.5464081078901644e+00	-1.1501330192273138e-03	-3.1520364606222760e-05
-2.5402721847386216e+00	-1.1619900606449920e-03	-3.1520364606419122e-05
-2.5341362615870793e+00	-1.1738471020980262e-03	-3.1520364606148343e-05
-2.5280003384355365e+00	-1.1857041435151831e-03	-3.1520364606466339e-05
-2.5218644152839942e+00	-1.1975611849687636e-03	-3.1520364606131992e-05
-2.5157284921324514e+00	-1.2094182263853728e-03	-3.1520364606452543e-05
-2.5095925689809091e+00	-1.2212752678394806e-03	-3.1520364606170874e-05
-2.5034566458293663e+00	-1.2331323092555971e-03	-3.1520364606396408e-05
-2.4973207226778240e+00	-1.2449893507101510e-03	-3.1520364606234266e-05
-2.4911847995262812e+00	-1.2568463921258737e-03	-3.1520364606335801e-05
-2.4850488763747385e+00	-1.2687034335807752e-03	-3.1520364606283313e-05
-2.4789129532231962e+00	-1.2805604749961869e-03	-3.1520364606304678e-05
-2.4727770300716534e+00	-1.2924175164513766e-03	-3.1520364606293138e-05
-2.4666411069201111e+00	-1.3042745578665045e-03	-3.1520364606315974e-05
-2.4605051837685683e+00	-1.3161315993219895e-03	-3.1520364606263993e-05
-2.4543692606170260e+00	-1.3279886407367978e-03	-3.1520364606357601e-05
-2.4482333374654832e+00	-1.3398456821926332e-03	-3.1520364606216343e-05
-2.4420974143139409e+00	-1.3517027236070592e-03	-3.1520364606405055e-05
-2.4359614911623981e+00	-1.3635597650633101e-03	-3.1520364606174743e-05
-2.4298255680108558e+00	-1.3754168064772942e-03	-3.1520364606437344e-05
-2.4236896448593130e+00	-1.3872738479340009e-03	-3.1520364606153445e-05
-2.4175537217077703e+00	-1.3991308893475229e-03	-3.1520364606447610e-05
-2.4114177985562280e+00	-1.4109879308046916e-03	-3.1520364606153032e-05
-2.4052818754046852e+00	-1.4228449722177550e-03	-3.1520364606440258e-05
-2.3991459522531429e+00	-1.4347020136753754e-03	-3.1520364606166076e-05
-2.3930100291016001e+00	-1.4465590550879984e-03	-3.1520364606423385e-05
-2.3868741059500578e+00	-1.4584160965460486e-03	-3.1520364606185490e-05
-2.3807381827985150e+00	-1.4702731379582527e-03	-3.1520364606402134e-05
-2.3746022596469727e+00	-1.4821301794167114e-03	-3.1520364606208130e-05
-2.3684663364954299e+00	-1.4939872208285165e-03	-3.1520364606378783e-05
-2.3623304133438876e+00	-1.5058442622873606e-03	-3.1520364606230952e-05
-2.3561944901923448e+00	-1.5177013036987985e-03	-3.1520364606358759e-05
-2.3500585670408021e+00	-1.5295583451579932e-03	-3.1520364606245250e-05
-2.3439226438892597e+00	-1.5414153865690946e-03	-3.1520364606353420e-05
-2.3377867207377170e+00	-1.5532724280286137e-03	-3.1520364606238643e-05
-2.3316507975861747e+00	-1.5651294694393981e-03	-3.1520364606374128e-05
-2.3255148744346319e+00	-1.5769865108992357e-03	-3.1520364606203014e-05
-2.3193789512830896e+00	-1.5888435523096879e-03	-3.1520364606423744e-05
-2.3132430281315468e+00	-1.6007005937698794e-03	-3.1520364606142265e-05
-2.3071071049800045e+00	-1.6125576351799481e-03	-3.1520364606491269e-05
-2.3009711818284617e+00	-1.6244146766405565e-03	-3.1520364606073079e-05
-2.2948352586769194e+00	-1.6362717180501750e-03	-3.1520364606556511e-05
-2.2886993355253766e+00	-1.6481287595112677e-03	-3.1520364606016700e-05
-2.2825634123738339e+00	-1.6599858009203761e-03	-3.1520364606600509e-05
-2.2764274892222915e+00	-1.6718428423819938e-03	-3.1520364605987312e-05
-2.2702915660707488e+00	-1.6836998837905701e-03	-3.1520364606615248e-05
-2.2641556429192065e+00	-1.6955569252527179e-03	-3.1520364605986140e-05
-2.2580197197676637e+00	-1.7074139666607745e-03	-3.1520364606605741e-05
-2.2518837966161214e+00	-1.7192710081234261e-03	-3.1520364606003209e-05
-2.2457478734645786e+00	-1.7311280495309993e-03	-3.1520364606585066e-05
-2.2396119503130363e+00	-1.7429850909941125e-03	-3.1520364606023490e-05
-2.2334760271614935e+00	-1.7548421324012470e-03	-3.1520364606568946e-05
-2.2273401040099512e+00	-1.7666991738647772e-03	-3.1520364606031527e-05
-2.2212041808584084e+00	-1.7785562152715061e-03	-3.1520364606571629e-05
-2.2150682577068657e+00	-1.7904132567354368e-03	-3.1520364606015792e-05
-2.2089323345553233e+00	-1.8022702981417668e-03	-3.1520364606601262e-05
-2.2027964114037806e+00	-1.8141273396061076e-03	-3.1520364605972872e-05
-2.1966604882522383e+00	-1.8259843810120042e-03	-3.1520364606654733e-05
-2.1905245651006955e+00	-1.8378414224768085e-03	-3.1520364605912861e-05
-2.1843886419491532e+00	-1.8496984638822060e-03	-3.1520364606715645e-05
-2.1782527187976104e+00	-1.8615555053475463e-03	-3.1520364605857519e-05
-2.1721167956460681e+00	-1.8734125467523700e-03	-3.1520364606758796e-05
-2.1659808724945253e+00	-1.8852695882183176e-03	-3.1520364605831898e-05
-2.1598449493429825e+00	-1.8971266296225143e-03	-3.1520364606763390e-05
-2.1537090261914402e+00	-1.9089836710890948e-03	-3.1520364605849943e-05
-2.1475731030398975e+00	-1.9208407124926637e-03	-3.1520364606724007e-05
-2.1414371798883551e+00	-1.9326977539598541e-03	-3.1520364605907515e-05
-2.1353012567368124e+00	-1.9445547953628451e-03	-3.1520364606653053e-05
-2.1291653335852700e+00	-1.9564118368305748e-03	-3.1520364605985780e-05
-2.1230294104337273e+00	-1.9682688782330666e-03	-3.1520364606573838e-05
-2.1168934872821850e+00	-1.9801259197012545e-03	-3.1520364606059757e-05
-2.1107575641306422e+00	-1.9919829611033252e-03	-3.1520364606510819e-05
-2.1046216409790999e+00	-2.0038400025719034e-03	-3.1520364606107157e-05
-2.0984857178275571e+00	-2.0156970439736068e-03	-3.1520364606482338e-05
-2.0923497946760143e+00	-2.0275540854425419e-03	-3.1520364606114950e-05
-2.0862138715244720e+00	-2.0394111268438862e-03	-3.1520364606495247e-05
-2.0800779483729293e+00	-2.0512681683131926e-03	-3.1520364606083352e-05
-2.0739420252213869e+00	-2.0631252097141417e-03	-3.1520364606542159e-05
-2.0678061020698442e+00	-2.0749822511838779e-03	-3.1520364606026411e-05
-2.0616701789183018e+00	-2.0868392925843552e-03	-3.1520364606603152e-05
-2.0555342557667591e+00	-2.0986963340546070e-03	-3.1520364605968101e-05
-2.0493983326152168e+00	-2.1105533754545284e-03	-3.1520364606652199e-05
-2.0432624094636740e+00	-2.1224104169253731e-03	-3.1520364605933976e-05
-2.0371264863121317e+00	-2.1342674583246742e-03	-3.1520364606667025e-05
-2.0309905631605889e+00	-2.1461244997961521e-03	-3.1520364605940508e-05
-2.0248546400090461e+00	-2.1579815411948214e-03	-3.1520364606639893e-05
-2.0187187168575038e+00	-2.1698385826669142e-03	-3.1520364605984737e-05
-2.0125827937059610e+00	-2.1816956240649963e-03	-3.1520364606584382e-05
-2.0064468705544187e+00	-2.1935526655376420e-03	-3.1520364606043785e-05
-2.0003109474028760e+00	-2.2054097069352072e-03	-3.1520364606529670e-05
-1.9941750242513334e+00	-2.2172667484083391e-03	-3.1520364606086828e-05
-1.9880391010997909e+00	-2.2291237898054393e-03	-3.1520364606502572e-05
-1.9819031779482483e+00	-2.2409808312790296e-03	-3.1520364606096423e-05
-1.9757672547967058e+00	-2.2528378726756606e-03	-3.1520364606507891e-05
-1.9696313316451632e+00	-2.2646949141497449e-03	-3.1520364606081739e-05
-1.9634954084936207e+00	-2.2765519555458498e-03	-3.1520364606523911e-05
-1.9573594853420782e+00	-2.2884089970204944e-03	-3.1520364606072042e-05
-1.9512235621905356e+00	-2.3002660384160061e-03	-3.1520364606520062e-05
-1.9450876390389933e+00	-2.3121230798912652e-03	-3.1520364606094384e-05
-1.9389517158874505e+00	-2.3239801212861589e-03	-3.1520364606477778e-05
-1.9328157927359080e+00	-2.3358371627620264e-03	-3.1520364606155194e-05
-1.9266798695843652e+00	-2.3476942041563338e-03	-3.1520364606402575e-05
-1.9205439464328224e+00	-2.3595512456327512e-03	-3.1520364606238237e-05
-1.9144080232812801e+00	-2.3714082870265490e-03	-3.1520364606319084e-05
-1.9082721001297376e+00	-2.3832653285034353e-03	-3.1520364606314409e-05
-1.9021361769781950e+00	-2.3951223698968046e-03	-3.1520364606257183e-05
-1.8960002538266525e+00	-2.4069794113740889e-03	-3.1520364606356815e-05
-1.8898643306751099e+00	-2.4188364527670779e-03	-3.1520364606237295e-05
-1.8837284075235674e+00	-2.4306934942447391e-03	-3.1520364606353508e-05
-1.8775924843720246e+00	-2.4425505356373391e-03	-3.1520364606261940e-05
-1.8714565612204823e+00	-2.4544075771154158e-03	-3.1520364606311326e-05
-1.8653206380689393e+00	-2.4662646185075660e-03	-3.1520364606316523e-05
-1.8591847149173970e+00	-2.4781216599861311e-03	-3.1520364606250719e-05
-1.8530487917658545e+00	-2.4899787013777470e-03	-3.1520364606376689e-05
-1.8469128686143119e+00	-2.5018357428568936e-03	-3.1520364606197715e-05
-1.8407769454627694e+00	-2.5136927842478881e-03	-3.1520364606416642e-05
-1.8346410223112268e+00	-2.5255498257276874e-03	-3.1520364606176004e-05
-1.8285050991596843e+00	-2.5374068671180075e-03	-3.1520364606416710e-05
-1.8223691760081417e+00	-2.5492639085984898e-03	-3.1520364606199429e-05
-1.8162332528565992e+00	-2.5611209499881342e-03	-3.1520364606370794e-05
-1.8100973297050564e+00	-2.5729779914692697e-03	-3.1520364606264597e-05
-1.8039614065535141e+00	-2.5848350328582952e-03	-3.1520364606292318e-05
-1.7978254834019713e+00	-2.5966920743400071e-03	-3.1520364606349076e-05
-1.7916895602504286e+00	-2.6085491157285083e-03	-3.1520364606210569e-05
-1.7855536370988863e+00	-2.6204061572106902e-03	-3.1520364606419075e-05
-1.7794177139473437e+00	-2.6322631985987643e-03	-3.1520364606160344e-05
-1.7732817907958012e+00	-2.6441202400813413e-03	-3.1520364606442921e-05
-1.7671458676442586e+00	-2.6559772814690403e-03	-3.1520364606166713e-05
-1.7610099444927161e+00	-2.6678343229519928e-03	-3.1520364606405685e-05
-1.7548740213411735e+00	-2.6796913643392945e-03	-3.1520364606232714e-05
-1.7487380981896310e+00	-2.6915484058226812e-03	-3.1520364606316448e-05
-1.7426021750380882e+00	-2.7034054472095002e-03	-3.1520364606337685e-05
-1.7364662518865459e+00	-2.7152624886934303e-03	-3.1520364606204769e-05
-1.7303303287350031e+00	-2.7271195300796413e-03	-3.1520364606447617e-05
-1.7241944055834606e+00	-2.7389765715642397e-03	-3.1520364606104982e-05
-1.7180584824319181e+00	-2.7508336129497273e-03	-3.1520364606530185e-05
-1.7119225592803755e+00	-2.7626906544350942e-03	-3.1520364606045249e-05
-1.7057866361288330e+00	-2.7745476958197838e-03	-3.1520364606563558e-05
-1.6996507129772904e+00	-2.7864047373059642e-03	-3.1520364606040560e-05
-1.6935147898257479e+00	-2.7982617786898394e-03	-3.1520364606539889e-05
-1.6873788666742053e+00	-2.8101188201768170e-03	-3.1520364606090162e-05
-1.6812429435226628e+00	-2.8219758615599297e-03	-3.1520364606470019e-05
-1.6751070203711202e+00	-2.8338329030476225e-03	-3.1520364606172019e-05
-1.6689710972195775e+00	-2.8456899444300756e-03	-3.1520364606386949e-05
-1.6628351740680349e+00	-2.8575469859183694e-03	-3.1520364606245189e-05
-1.6566992509164924e+00	-2.8694040273002761e-03	-3.1520364606334731e-05
-1.6505633277649499e+00	-2.8812610687890755e-03	-3.1520364606268201e-05
-1.6444274046134073e+00	-2.8931181101704943e-03	-3.1520364606345830e-05
-1.6382914814618650e+00	-2.9049751516597891e-03	-3.1520364606222848e-05
-1.6321555583103224e+00	-2.9168321930406831e-03	-3.1520364606421365e-05
-1.6260196351587797e+00	-2.9286892345305538e-03	-3.1520364606125520e-05
-1.6198837120072371e+00	-2.9405462759108029e-03	-3.1520364606529393e-05
-1.6137477888556946e+00	-2.9524033174013957e-03	-3.1520364606020265e-05
-1.6076118657041520e+00	-2.9642603587808451e-03	-3.1520364606618622e-05
-1.6014759425526093e+00	-2.9761174002723074e-03	-3.1520364605959095e-05
-1.5953400194010667e+00	-2.9879744416508379e-03	-3.1520364606642827e-05
-1.5892040962495240e+00	-2.9998314831432408e-03	-3.1520364605975223e-05
-1.5830681730979816e+00	-3.0116885245208358e-03	-3.1520364606587011e-05
-1.5769322499464391e+00	-3.0235455660141413e-03	-3.1520364606062190e-05
-1.5707963267948966e+00	-3.0354026073908919e-03	-3.1520364606479587e-05
-1.5646604036433540e+00	-3.0472596488849701e-03	-3.1520364606174323e-05
-1.5585244804918115e+00	-3.0591166902610174e-03	-3.1520364606376927e-05
-1.5523885573402689e+00	-3.0709737317557379e-03	-3.1520364606254500e-05
-1.5462526341887264e+00	-3.0828307731311879e-03	-3.1520364606327358e-05
-1.5401167110371838e+00	-3.0946878146264874e-03	-3.1520364606270079e-05
-1.5339807878856411e+00	-3.1065448560013489e-03	-3.1520364606344231e-05
-1.5278448647340985e+00	-3.1184018974972690e-03	-3.1520364606227917e-05
-1.5217089415825558e+00	-3.1302589388714575e-03	-3.1520364606402277e-05
-1.5155730184310134e+00	-3.1421159803681140e-03	-3.1520364606165927e-05
-1.5094370952794709e+00	-3.1539730217415018e-03	-3.1520364606456534e-05
-1.5033011721279284e+00	-3.1658300632390200e-03	-3.1520364606130040e-05
-1.4971652489763858e+00	-3.1776871046114985e-03	-3.1520364606466529e-05
-1.4910293258248433e+00	-3.1895441461099543e-03	-3.1520364606151094e-05
-1.4848934026733007e+00	-3.2014011874814861e-03	-3.1520364606413857e-05
-1.4787574795217582e+00	-3.2132582289808786e-03	-3.1520364606233189e-05
-1.4726215563702154e+00	-3.2251152703515035e-03	-3.1520364606307755e-05
-1.4664856332186729e+00	-3.2369723118517556e-03	-3.1520364606356252e-05
-1.4603497100671303e+00	-3.2488293532215778e-03	-3.1520364606176939e-05
-1.4542137869155878e+00	-3.2606863947225720e-03	-3.1520364606485015e-05
-1.4480778637640452e+00	-3.2725434360917132e-03	-3.1520364606060407e-05
-1.4419419406125029e+00	-3.2844004775933336e-03	-3.1520364606580004e-05
-1.4358060174609601e+00	-3.2962575189618920e-03	-3.1520364605994529e-05
-1.4296700943094176e+00	-3.3081145604640697e-03	-3.1520364606612144e-05
-1.4235341711578751e+00	-3.3199716018320730e-03	-3.1520364605996799e-05
-1.4173982480063327e+00	-3.3318286433348240e-03	-3.1520364606578947e-05
-1.4112623248547900e+00	-3.3436856847022189e-03	-3.1520364606054234e-05
-1.4051264017032472e+00	-3.3555427262056299e-03	-3.1520364606506292e-05
-1.3989904785517047e+00	-3.3673997675723079e-03	-3.1520364606132378e-05
-1.3928545554001621e+00	-3.3792568090764887e-03	-3.1520364606431028e-05
-1.3867186322486196e+00	-3.3911138504423479e-03	-3.1520364606198535e-05
-1.3805827090970770e+00	-3.4029708919473848e-03	-3.1520364606377530e-05
-1.3744467859455345e+00	-3.4148279333123649e-03	-3.1520364606238325e-05
-1.3683108627939919e+00	-3.4266849748182931e-03	-3.1520364606350845e-05
-1.3621749396424494e+00	-3.4385420161823794e-03	-3.1520364606254534e-05
-1.3560390164909069e+00	-3.4503990576891953e-03	-3.1520364606341514e-05
-1.3499030933393643e+00	-3.4622560990524068e-03	-3.1520364606261046e-05
-1.3437671701878215e+00	-3.4741131405600853e-03	-3.1520364606333281e-05
-1.3376312470362790e+00	-3.4859701819224438e-03	-3.1520364606274890e-05
-1.3314953238847365e+00	-3.4978272234309658e-03	-3.1520364606310180e-05
-1.3253594007331939e+00	-3.5096842647924843e-03	-3.1520364606309842e-05
-1.3192234775816516e+00	-3.5215413063018515e-03	-3.1520364606261723e-05
-1.3130875544301088e+00	-3.5333983476625143e-03	-3.1520364606372217e-05
-1.3069516312785661e+00	-3.5452553891727550e-03	-3.1520364606185172e-05
-1.3008157081270237e+00	-3.5571124305325188e-03	-3.1520364606462253e-05
-1.2946797849754810e+00	-3.5689694720436919e-03	-3.1520364606082559e-05
-1.2885438618239387e+00	-3.5808265134024777e-03	-3.1520364606574360e-05
-1.2824079386723961e+00	-3.5926835549146838e-03	-3.1520364605965723e-05
-1.2762720155208533e+00	-3.6045405962723742e-03	-3.1520364606688052e-05
-1.2701360923693108e+00	-3.6163976377857439e-03	-3.1520364605864919e-05
-1.2640001692177683e+00	-3.6282546791422047e-03	-3.1520364606764834e-05
-1.2578642460662257e+00	-3.6401117206568590e-03	-3.1520364605821991e-05
-1.2517283229146834e+00	-3.6519687620119984e-03	-3.1520364606767605e-05
-1.2455923997631406e+00	-3.6638258035279854e-03	-3.1520364605860914e-05
-1.2394564766115981e+00	-3.6756828448818112e-03	-3.1520364606691603e-05
-1.2333205534600555e+00	-3.6875398863990662e-03	-3.1520364605964442e-05
-1.2271846303085130e+00	-3.6993969277516843e-03	-3.1520364606574190e-05
-1.2210487071569704e+00	-3.7112539692700786e-03	-3.1520364606081278e-05
-1.2149127840054279e+00	-3.7231110106216224e-03	-3.1520364606471862e-05
-1.2087768608538849e+00	-3.7349680521410445e-03	-3.1520364606159239e-05
-1.2026409377023426e+00	-3.7468250934915878e-03	-3.1520364606424103e-05
-1.1965050145507998e+00	-3.7586821350120087e-03	-3.1520364606177081e-05
-1.1903690913992575e+00	-3.7705391763615250e-03	-3.1520364606430310e-05
-1.1842331682477150e+00	-3.7823962178830202e-03	-3.1520364606157193e-05
-1.1780972450961724e+00	-3.7942532592314050e-03	-3.1520364606450388e-05
-1.1719613219446299e+00	-3.8061103007540910e-03	-3.1520364606150505e-05
-1.1658253987930873e+00	-3.8179673421012347e-03	-3.1520364606432228e-05
-1.1596894756415448e+00	-3.8298243836251897e-03	-3.1520364606199673e-05
-1.1535535524900022e+00	-3.8416814249710688e-03	-3.1520364606351943e-05
-1.1474176293384595e+00	-3.8535384664962562e-03	-3.1520364606303994e-05
-1.1412817061869169e+00	-3.8653955078409583e-03	-3.1520364606236468e-05
-1.1351457830353744e+00	-3.8772525493672490e-03	-3.1520364606414345e-05
-1.1290098598838318e+00	-3.8891095907109185e-03	-3.1520364606147753e-05
-1.1228739367322893e+00	-3.9009666322381842e-03	-3.1520364606466455e-05
-1.1167380135807468e+00	-3.9128236735809169e-03	-3.1520364606142170e-05
-1.1106020904292042e+00	-3.9246807151091150e-03	-3.1520364606421779e-05
-1.1044661672776617e+00	-3.9365377564508858e-03	-3.1520364606234469e-05
-1.0983302441261191e+00	-3.9483947979801065e-03	-3.1520364606291159e-05
-1.0921943209745768e+00	-3.9602518393207680e-03	-3.1520364606390249e-05
-1.0860583978230340e+00	-3.9721088808511969e-03	-3.1520364606125670e-05
-1.0799224746714913e+00	-3.9839659221905521e-03	-3.1520364606551354e-05
-1.0737865515199487e+00	-3.9958229637223749e-03	-3.1520364605979241e-05
-1.0676506283684062e+00	-4.0076800050602634e-03	-3.1520364606678389e-05
-1.0615147052168636e+00	-4.0195370465936084e-03	-3.1520364605871533e-05
-1.0553787820653213e+00	-4.0313940879299331e-03	-3.1520364606770384e-05
-1.0492428589137786e+00	-4.0432511294648792e-03	-3.1520364605791756e-05
-1.0431069357622360e+00	-4.0551081707995637e-03	-3.1520364606838654e-05
-1.0369710126106935e+00	-4.0669652123361995e-03	-3.1520364605739992e-05
-1.0308350894591509e+00	-4.0788222536691319e-03	-3.1520364606863869e-05
-1.0246991663076084e+00	-4.0906792952075761e-03	-3.1520364605753876e-05
-1.0185632431560658e+00	-4.1025363365386654e-03	-3.1520364606799935e-05
-1.0124273200045231e+00	-4.1143933780789614e-03	-3.1520364605872759e-05
-1.0062913968529805e+00	-4.1262504194082301e-03	-3.1520364606630101e-05
-1.0001554737014380e+00	-4.1381074609502782e-03	-3.1520364606080784e-05
-9.9401955054989533e-01	-4.1499645022778876e-03	-3.1520364606402765e-05
-9.8788362739835278e-01	-4.1618215438214866e-03	-3.1520364606306596e-05
-9.8174770424681035e-01	-4.1736785851476483e-03	-3.1520364606195946e-05
-9.7561178109526792e-01	-4.1855356266926082e-03	-3.1520364606482169e-05
-9.6947585794372526e-01	-4.1973926680174767e-03	-3.1520364606059560e-05
-9.6333993479218272e-01	-4.2092497095636830e-03	-3.1520364606573269e-05
-9.5720401164064017e-01	-4.2211067508873355e-03	-3.1520364606019580e-05
-9.5106808848909752e-01	-4.2329637924347482e-03	-3.1520364606554221e-05
-9.4493216533755497e-01	-4.2448208337571769e-03	-3.1520364606102183e-05
-9.3879624218601254e-01	-4.2566778753058646e-03	-3.1520364606407298e-05
-9.3266031903446978e-01	-4.2685349166269202e-03	-3.1520364606302591e-05
-9.2652439588292723e-01	-4.2803919581771146e-03	-3.1520364606170860e-05
-9.2038847273138458e-01	-4.2922489994965101e-03	-3.1520364606549735e-05
-9.1425254957984214e-01	-4.3041060410485251e-03	-3.1520364605933684e-05
-9.0811662642829971e-01	-4.3159630823659534e-03	-3.1520364606757732e-05
-9.0198070327675706e-01	-4.3278201239200570e-03	-3.1520364605761046e-05
-8.9584478012521440e-01	-4.3396771652352969e-03	-3.1520364606886759e-05
-8.8970885697367186e-01	-4.3515342067916652e-03	-3.1520364605673686e-05
-8.8357293382212931e-01	-4.3633912481045754e-03	-3.1520364606921298e-05
-8.7743701067058666e-01	-4.3752482896633194e-03	-3.1520364605688966e-05
-8.7130108751904423e-01	-4.3871053309738279e-03	-3.1520364606841277e-05
-8.6516516436750157e-01	-4.3989623725349683e-03	-3.1520364605820067e-05
-8.5902924121595903e-01	-4.4108194138431159e-03	-3.1520364606647022e-05
-8.5289331806441637e-01	-4.4226764554065393e-03	-3.1520364606041712e-05
-8.4675739491287394e-01	-4.4345334967125010e-03	-3.1520364606386698e-05
-8.4062147176133140e-01	-4.4463905382779818e-03	-3.1520364606280629e-05
-8.3448554860978885e-01	-4.4582475795819998e-03	-3.1520364606146208e-05
-8.2834962545824620e-01	-4.4701046211493029e-03	-3.1520364606437818e-05
-8.2221370230670354e-01	-4.4819616624515723e-03	-3.1520364606016626e-05
-8.1607777915516100e-01	-4.4938187040205642e-03	-3.1520364606428223e-05
-8.0994185600361845e-01	-4.5056757453211067e-03	-3.1520364606047668e-05
-8.0380593285207591e-01	-4.5175327868918732e-03	-3.1520364606225254e-05
-7.9767000970053337e-01	-4.5293898281904684e-03	-3.1520364606208889e-05
-7.9153408654899082e-01	-4.5412468697633235e-03	-3.1520364605880701e-05
-7.8539816339744839e-01	-4.5531039110595526e-03	-3.1520364606383506e-05
-7.7926224024590574e-01	-4.5649609526349378e-03	-3.1520364605508569e-05
-7.7312631709436319e-01	-4.5768179939283220e-03	-3.1520364606398252e-05
-7.6699039394282054e-01	-4.5886750355066076e-03	-3.1520364605224318e-05
-7.6085447079127788e-01	-4.6005320767968432e-03	-3.1520364606097433e-05
-7.5471854763973545e-01	-4.6123891183780918e-03	-3.1520364605043141e-05
-7.4858262448819290e-01	-4.6242461596652119e-03	-3.1520364605435141e-05
-7.4244670133665036e-01	-4.6361032012490946e-03	-3.1520364604786673e-05
-7.3631077818510771e-01	-4.6479602425334035e-03	-3.1520364604490910e-05
-7.3017485503356516e-01	-4.6598172841193957e-03	-3.1520364604099723e-05
-7.2403893188202262e-01	-4.6716743254011026e-03	-3.1520364603335685e-05
-7.1790300873048007e-01	-4.6835313669888719e-03	-3.1520364602594179e-05
-7.1176708557893753e-01	-4.6953884082676514e-03	-3.1520364601795210e-05
-7.0563116242739499e-01	-4.7072454498573143e-03	-3.1520364599989058e-05
-6.9949523927585233e-01	-4.7191024911321707e-03	-3.1520364599263991e-05
-6.9335931612430979e-01	-4.7309595327240687e-03	-3.1520364596056420e-05
-6.8722339297276724e-01	-4.7428165739936646e-03	-3.1520364594704379e-05
-6.8108746982122470e-01	-4.7546736155876365e-03	-3.1520364590264991e-05
-6.7495154666968216e-01	-4.7665306568508503e-03	-3.1520364586816002e-05
-6.6881562351813950e-01	-4.7783876984454658e-03	-3.1520364581221884e-05
-6.6267970036659696e-01	-4.7902447397015014e-03	-3.1520364574084324e-05
-6.5654377721505441e-01	-4.8021017812939146e-03	-3.1520364566213375e-05
-6.5040785406351198e-01	-4.8139588225413112e-03	-3.1520364554238905e-05
-6.4427193091196933e-01	-4.8258158641278481e-03	-3.1520364541064046e-05
-6.3813600776042678e-01	-4.8376729053627313e-03	-3.1520364522980807e-05
-6.3200008460888413e-01	-4.8495299469391781e-03	-3.1520364499953207e-05
-6.2586416145734158e-01	-4.8613869881538882e-03	-3.1520364472403833e-05
-6.1972823830579904e-01	-4.8732440297139775e-03	-3.1520364434180021e-05
-6.1359231515425650e-01	-4.8851010708968051e-03	-3.1520364389558549e-05
-6.0745639200271395e-01	-4.8969581124285420e-03	-3.1520364329126956e-05
-6.0132046885117130e-01	-4.9088151535631609e-03	-3.1520364254729965e-05
-5.9518454569962886e-01	-4.9206721950446107e-03	-3.1520364159674932e-05
-5.8904862254808610e-01	-4.9325292361062827e-03	-3.1520364037400332e-05
-5.8291269939654355e-01	-4.9443862775020372e-03	-3.1520363884560169e-05
-5.7677677624500112e-01	-4.9562433184488141e-03	-3.1520363687712565e-05
-5.7064085309345847e-01	-4.9681003597048688e-03	-3.1520363438856080e-05
-5.6450492994191592e-01	-4.9799574004658420e-03	-3.1520363122888871e-05
-5.5836900679037338e-01	-4.9918144414966194e-03	-3.1520362719475755e-05
-5.5223308363883084e-01	-5.0036714819580615e-03	-3.1520362208430380e-05
-5.4609716048728829e-01	-5.0155285226214921e-03	-3.1520361558482016e-05
-5.3996123733574575e-01	-5.0273855626046275e-03	-3.1520360730643730e-05
-5.3382531418420309e-01	-5.0392426026684822e-03	-3.1520359680734845e-05
-5.2768939103266055e-01	-5.0510996418822425e-03	-3.1520358344679372e-05
-5.2155346788111800e-01	-5.0629566809768638e-03	-3.1520356645334626e-05
-5.1541754472957546e-01	-5.0748137189460616e-03	-3.1520354488194335e-05
-5.0928162157803292e-01	-5.0866707564745355e-03	-3.1520351742433523e-05
-5.0314569842649037e-01	-5.0985277924357076e-03	-3.1520348253988814e-05
-4.9700977527494766e-01	-5.1103848274268102e-03	-3.1520343820296150e-05
-4.9087385212340517e-01	-5.1222418601509423e-03	-3.1520338180951677e-05
-4.8473792897186263e-01	-5.1340988910355189e-03	-3.1520331015744799e-05
-4.7860200582032003e-01	-5.1459559185311823e-03	-3.1520321905555878e-05
-4.7246608266877754e-01	-5.1578129427805614e-03	-3.1520310323494715e-05
-4.6633015951723489e-01	-5.1696699618257883e-03	-3.1520295603419004e-05
-4.6019423636569234e-01	-5.1815269753517513e-03	-3.1520276887973382e-05
-4.5405831321414980e-01	-5.1933839807462778e-03	-3.1520253098272060e-05
-4.4792239006260720e-01	-5.2052409769362245e-03	-3.1520222857171780e-05
-4.4178646691106466e-01	-5.2170979602788143e-03	-3.1520184412526268e-05
-4.3565054375952217e-01	-5.2289549284493158e-03	-3.1520135543073188e-05
-4.2951462060797951e-01	-5.2408118761592187e-03	-3.1520073418749090e-05
-4.2337869745643697e-01	-5.2526687990494631e-03	-3.1519994445344526e-05
-4.1724277430489443e-01	-5.2645256891801686e-03	-3.1519894053120370e-05
-4.1110685115335188e-01	-5.2763825388936246e-03	-3.1519766433179672e-05
-4.0497092800180928e-01	-5.2882393359824963e-03	-3.1519604199061924e-05
-3.9883500485026663e-01	-5.3000960674366854e-03	-3.1519397964889281e-05
-3.9269908169872408e-01	-5.3119527141735345e-03	-3.1519135795681592e-05
-3.8656315854718160e-01	-5.3238092545163417e-03	-3.1518802521602217e-05
-3.8042723539563900e-01	-5.3356656582870549e-03	-3.1518378859700080e-05
-3.7429131224409640e-01	-5.3475218897891122e-03	-3.1517840296774250e-05
-3.6815538909255391e-01	-5.3593779009359771e-03	-3.1517155672421714e-05
-3.6201946594101131e-01	-5.3712336333539808e-03	-3.1516285376573482e-05
-3.5588354278946877e-01	-5.3830890100428309e-03	-3.1515179055448981e-05
-3.4974761963792622e-01	-5.3949439359626192e-03	-3.1513772696473966e-05
-3.4361169648638362e-01	-5.4067982874066323e-03	-3.1511984928273451e-05
-3.3747577333484102e-01	-5.4186519100600569e-03	-3.1509712303393460e-05
-3.3133985018329848e-01	-5.4305046047557325e-03	-3.1506823323171371e-05
-3.2520392703175588e-01	-5.4423561213601101e-03	-3.1503150824157620e-05
-3.1906800388021334e-01	-5.4542061387938450e-03	-3.1498482312736301e-05
-3.1293208072867085e-01	-5.4660542520619726e-03	-3.1492547668156318e-05
-3.0679615757712825e-01	-5.4778999431180720e-03	-3.1485003518654871e-05
-3.0066023442558570e-01	-5.4897425567034530e-03	-3.1475413358427856e-05
-2.9452431127404310e-01	-5.5015812565008789e-03	-3.1463222309282792e-05
-2.8838838812250062e-01	-5.5134149827911561e-03	-3.1447725001997374e-05
-2.8225246497095796e-01	-5.5252423849637532e-03	-3.1428024798206672e-05
-2.7611654181941536e-01	-5.5370617496841709e-03	-3.1402981909420568e-05
-2.6998061866787282e-01	-5.5488708953434556e-03	-3.1371147480533281e-05
-2.6384469551633033e-01	-5.5606670523997304e-03	-3.1330679762247278e-05
-2.5770877236478773e-01	-5.5724466964366046e-03	-3.1279237637591249e-05
-2.5157284921324513e-01	-5.5842053511297590e-03	-3.1213845235467969e-05
-2.4543692606170259e-01	-5.5959373223140249e-03	-3.1130719949011583e-05
-2.3930100291016002e-01	-5.6076353757996272e-03	-3.1025053732270391e-05
-2.3316507975861744e-01	-5.6192903115570778e-03	-3.0890735383073532e-05
-2.2702915660707490e-01	-5.6308904392523840e-03	-3.0719997573957795e-05
-2.2089323345553236e-01	-5.6424208945391480e-03	-3.0502968504017219e-05
-2.1475731030398976e-01	-5.6538627876116356e-03	-3.0227102390711128e-05
-2.0862138715244721e-01	-5.6651921032650938e-03	-2.9876456425345710e-05
-2.0248546400090464e-01	-5.6763783216013013e-03	-2.9430772719978438e-05
-1.9634954084936207e-01	-5.6873826465404682e-03	-2.8864313540135556e-05
-1.9021361769781950e-01	-5.6981557748519221e-03	-2.8144383806511197e-05
-1.8407769454627693e-01	-5.7086350422719092e-03	-2.7229458411802946e-05
-1.7794177139473438e-01	-5.7187408199848595e-03	-2.6066810256382612e-05
-1.7180584824319181e-01	-5.7283719184372849e-03	-2.4589509156855943e-05
-1.6566992509164927e-01	-5.7373997761540462e-03	-2.2712629450237445e-05
-1.5953400194010672e-01	-5.7456610653899409e-03	-2.0328465834289544e-05
-1.5339807878856412e-01	-5.7529483407543491e-03	-1.7300510807096867e-05
-1.4726215563702158e-01	-5.7589981681127082e-03	-1.3455894378948937e-05
-1.4112623248547898e-01	-5.7634761244198824e-03	-8.5759272416823904e-06
-1.3499030933393641e-01	-5.7659578096181368e-03	-2.3843276450657120e-06
-1.2885438618239387e-01	-5.7659049072420728e-03	 5.4673449390838882e-06
-1.2271846303085131e-01	-5.7626350026421828e-03	 1.5417562852795762e-05
-1.1658253987930872e-01	-5.7552836948765894e-03	 2.8016516301364896e-05
-1.1044661672776616e-01	-5.7427571332357734e-03	 4.3952020306434094e-05
-1.0431069357622361e-01	-5.7236728978283620e-03	 6.4079788835774595e-05
-9.8174770424681035e-02	-5.6962867404901571e-03	 8.9457671277227754e-05
-9.2038847273138463e-02	-5.6584026286489401e-03	 1.2138241250546259e-04
-8.5902924121595906e-02	-5.6072634785313252e-03	 1.6142566953148178e-04
-7.9767000970053348e-02	-5.5394206803626366e-03	 2.1146293435056810e-04
-7.3631077818510776e-02	-5.4505819968513527e-03	 2.7368399723658464e-04
-6.7495154666968205e-02	-5.3354410679394785e-03	 3.5056574110970621e-04
-6.1359231515425654e-02	-5.1874985986257284e-03	 4.4477634134141767e-04
-5.5223308363883082e-02	-4.9988986797975159e-03	 5.5896360181285085e-04
-4.9087385212340517e-02	-4.7603276801433279e-03	 6.9535993334257694e-04
-4.2951462060797953e-02	-4.4610657707680685e-03	 8.5511771827445301e-04
-3.6815538909255388e-02	-4.0893511918178530e-03	 1.0372880967142073e-03
-3.0679615757712820e-02	-3.6333201227017474e-03	 1.2374133935914636e-03
-2.4543692606170259e-02	-3.0828933718575649e-03	 1.4458946406905623e-03
-1.8407769454627694e-02	-2.4329735335163454e-03	 1.6467175292213801e-03
-1.2271846303085129e-02	-1.6878882850726402e-03	 1.8177537393623089e-03
-6.1359231515425638e-03	-8.6578866793653522e-04	 1.9342104505318610e-03
 0.0000000000000000e+00	 9.2229303057922378e-14	 1.9756976248767200e-03
 6.1359231515425638e-03	 8.6578866811650584e-04	 1.9342104505146202e-03
 1.2271846303085129e-02	 1.6878882852390173e-03	 1.8177537393310680e-03
 1.8407769454627694e-02	 2.4329735336643191e-03	 1.6467175291812169e-03
 2.4543692606170259e-02	 3.0828933719842079e-03	 1.4458946406466194e-03
 3.0679615757712820e-02	 3.6333201228079940e-03	 1.2374133935478377e-03
 3.6815538909255388e-02	 4.0893511919047575e-03	 1.0372880966735627e-03
 4.2951462060797953e-02	 4.4610657708387324e-03	 8.5511771823823838e-04
 4.9087385212340517e-02	 4.7603276801995911e-03	 6.9535993331128068e-04
 5.5223308363883082e-02	 4.9988986798424895e-03	 5.5896360178644446e-04
 6.1359231515425654e-02	 5.1874985986608124e-03	 4.4477634131946772e-04
 6.7495154666968205e-02	 5.3354410679672150e-03	 3.5056574109173773e-04
 7.3631077818510776e-02	 5.4505819968725198e-03	 2.7368399722195306e-04
 7.9767000970053348e-02	 5.5394206803792163e-03	 2.1146293433881244e-04
 8.5902924121595906e-02	 5.6072634785435775e-03	 1.6142566952200284e-04
 9.2038847273138463e-02	 5.6584026286584290e-03	 1.2138241249795177e-04
 9.8174770424681035e-02	 5.6962867404967803e-03	 8.9457671271182880e-05
 1.0431069357622361e-01	 5.7236728978333927e-03	 6.4079788831049994e-05
 1.1044661672776616e-01	 5.7427571332388733e-03	 4.3952020302608507e-05
 1.1658253987930872e-01	 5.7552836948788341e-03	 2.8016516298428029e-05
 1.2271846303085131e-01	 5.7626350026430840e-03	 1.5417562850378655e-05
 1.2885438618239387e-01	 5.7659049072425837e-03	 5.4673449372791202e-06
 1.3499030933393641e-01	 5.7659578096176754e-03	-2.3843276465989102e-06
 1.4112623248547898e-01	 5.7634761244193151e-03	-8.5759272427752628e-06
 1.4726215563702158e-01	 5.7589981681113976e-03	-1.3455894379931993e-05
 1.5339807878856412e-01	 5.7529483407531131e-03	-1.7300510807743059e-05
 1.5953400194010672e-01	 5.7456610653881073e-03	-2.0328465834932927e-05
 1.6566992509164927e-01	 5.7373997761523948e-03	-2.2712629450602584e-05
 1.7180584824319181e-01	 5.7283719184351260e-03	-2.4589509157292023e-05
 1.7794177139473438e-01	 5.7187408199829513e-03	-2.6066810256569102e-05
 1.8407769454627693e-01	 5.7086350422695508e-03	-2.7229458412114691e-05
 1.9021361769781950e-01	 5.6981557748498543e-03	-2.8144383806582805e-05
 1.9634954084936207e-01	 5.6873826465379876e-03	-2.8864313540374911e-05
 2.0248546400090464e-01	 5.6763783215991320e-03	-2.9430772719974200e-05
 2.0862138715244721e-01	 5.6651921032625395e-03	-2.9876456425544271e-05
 2.1475731030398976e-01	 5.6538627876094004e-03	-3.0227102390656589e-05
 2.2089323345553236e-01	 5.6424208945365538e-03	-3.0502968504193501e-05
 2.2702915660707490e-01	 5.6308904392501028e-03	-3.0719997573869459e-05
 2.3316507975861744e-01	 5.6192903115544618e-03	-3.0890735383237863e-05
 2.3930100291016002e-01	 5.6076353757973131e-03	-3.1025053732159999e-05
 2.4543692606170259e-01	 5.5959373223113994e-03	-3.1130719949169497e-05
 2.5157284921324513e-01	 5.5842053511274258e-03	-3.1213845235343035e-05
 2.5770877236478773e-01	 5.5724466964339730e-03	-3.1279237637745917e-05
 2.6384469551633033e-01	 5.5606670523973790e-03	-3.1330679762112620e-05
 2.6998061866787282e-01	 5.5488708953408241e-03	-3.1371147480686932e-05
 2.7611654181941536e-01	 5.5370617496818099e-03	-3.1402981909278483e-05
 2.8225246497095796e-01	 5.5252423849611225e-03	-3.1428024798361401e-05
 2.8838838812250062e-01	 5.5134149827887865e-03	-3.1447725001848702e-05
 2.9452431127404310e-01	 5.5015812564982516e-03	-3.1463222309440523e-05
 3.0066023442558570e-01	 5.4897425567010747e-03	-3.1475413358272605e-05
 3.0679615757712825e-01	 5.4778999431154465e-03	-3.1485003518817149e-05
 3.1293208072867085e-01	 5.4660542520595891e-03	-3.1492547667994264e-05
 3.1906800388021334e-01	 5.4542061387912247e-03	-3.1498482312904068e-05
 3.2520392703175588e-01	 5.4423561213577196e-03	-3.1503150823988782e-05
 3.3133985018329848e-01	 5.4305046047531209e-03	-3.1506823323344959e-05
 3.3747577333484102e-01	 5.4186519100576569e-03	-3.1509712303218361e-05
 3.4361169648638362e-01	 5.4067982874040276e-03	-3.1511984928452480e-05
 3.4974761963792622e-01	 5.3949439359602105e-03	-3.1513772696293432e-05
 3.5588354278946877e-01	 5.3830890100402349e-03	-3.1515179055632530e-05
 3.6201946594101131e-01	 5.3712336333515617e-03	-3.1516285376388781e-05
 3.6815538909255391e-01	 5.3593779009333889e-03	-3.1517155672608772e-05
 3.7429131224409640e-01	 5.3475218897866819e-03	-3.1517840296586406e-05
 3.8042723539563900e-01	 5.3356656582844789e-03	-3.1518378859889816e-05
 3.8656315854718160e-01	 5.3238092545139018e-03	-3.1518802521412252e-05
 3.9269908169872408e-01	 5.3119527141709671e-03	-3.1519135795872798e-05
 3.9883500485026663e-01	 5.3000960674342351e-03	-3.1519397964698258e-05
 4.0497092800180928e-01	 5.2882393359799384e-03	-3.1519604199253259e-05
 4.1110685115335188e-01	 5.2763825388911648e-03	-3.1519766432988860e-05
 4.1724277430489443e-01	 5.2645256891776203e-03	-3.1519894053311068e-05
 4.2337869745643697e-01	 5.2526687990469946e-03	-3.1519994445154967e-05
 4.2951462060797951e-01	 5.2408118761566791e-03	-3.1520073418938284e-05
 4.3565054375952217e-01	 5.2289549284468394e-03	-3.1520135542885160e-05
 4.4178646691106466e-01	 5.2170979602762808e-03	-3.1520184412713822e-05
 4.4792239006260720e-01	 5.2052409769337404e-03	-3.1520222856985202e-05
 4.5405831321414980e-01	 5.1933839807437512e-03	-3.1520253098458251e-05
 4.6019423636569234e-01	 5.1815269753492602e-03	-3.1520276887787692e-05
 4.6633015951723489e-01	 5.1696699618232695e-03	-3.1520295603604748e-05
 4.7246608266877754e-01	 5.1578129427780643e-03	-3.1520310323308916e-05
 4.7860200582032003e-01	 5.1459559185286696e-03	-3.1520321905742022e-05
 4.8473792897186263e-01	 5.1340988910330149e-03	-3.1520331015558317e-05
 4.9087385212340517e-01	 5.1222418601484373e-03	-3.1520338181138464e-05
 4.9700977527494766e-01	 5.1103848274242957e-03	-3.1520343820109308e-05
 5.0314569842649037e-01	 5.0985277924332131e-03	-3.1520348254175216e-05
 5.0928162157803292e-01	 5.0866707564720124e-03	-3.1520351742248056e-05
 5.1541754472957546e-01	 5.0748137189435783e-03	-3.1520354488378270e-05
 5.2155346788111800e-01	 5.0629566809743311e-03	-3.1520356645152690e-05
 5.2768939103266055e-01	 5.0510996418797697e-03	-3.1520358344858516e-05
 5.3382531418420309e-01	 5.0392426026659391e-03	-3.1520359680558805e-05
 5.3996123733574575e-01	 5.0273855626021616e-03	-3.1520360730816233e-05
 5.4609716048728829e-01	 5.0155285226189429e-03	-3.1520361558313009e-05
 5.5223308363883084e-01	 5.0036714819555999e-03	-3.1520362208595965e-05
 5.5836900679037338e-01	 4.9918144414940642e-03	-3.1520362719313416e-05
 5.6450492994191592e-01	 4.9799574004633848e-03	-3.1520363123048472e-05
 5.7064085309345847e-01	 4.9681003597023118e-03	-3.1520363438699135e-05
 5.7677677624500112e-01	 4.9562433184463604e-03	-3.1520363687868012e-05
 5.8291269939654355e-01	 4.9443862774994759e-03	-3.1520363884406253e-05
 5.8904862254808610e-01	 4.9325292361038315e-03	-3.1520364037553137e-05
 5.9518454569962886e-01	 4.9206721950420459e-03	-3.1520364159522913e-05
 6.0132046885117130e-01	 4.9088151535607123e-03	-3.1520364254880839e-05
 6.0745639200271395e-01	 4.8969581124259720e-03	-3.1520364328976787e-05
 6.1359231515425650e-01	 4.8851010708943652e-03	-3.1520364389707003e-05
 6.1972823830579904e-01	 4.8732440297114005e-03	-3.1520364434033654e-05
 6.2586416145734158e-01	 4.8613869881514553e-03	-3.1520364472547767e-05
 6.3200008460888413e-01	 4.8495299469365942e-03	-3.1520364499812240e-05
 6.3813600776042678e-01	 4.8376729053603027e-03	-3.1520364523118528e-05
 6.4427193091196933e-01	 4.8258158641252599e-03	-3.1520364540929923e-05
 6.5040785406351198e-01	 4.8139588225388887e-03	-3.1520364554369585e-05
 6.5654377721505441e-01	 4.8021017812913212e-03	-3.1520364566086402e-05
 6.6267970036659696e-01	 4.7902447396990806e-03	-3.1520364574208147e-05
 6.6881562351813950e-01	 4.7783876984428698e-03	-3.1520364581101335e-05
 6.7495154666968216e-01	 4.7665306568484330e-03	-3.1520364586933753e-05
 6.8108746982122470e-01	 4.7546736155850387e-03	-3.1520364590150188e-05
 6.8722339297276724e-01	 4.7428165739912482e-03	-3.1520364594816641e-05
 6.9335931612430979e-01	 4.7309595327214684e-03	-3.1520364595946793e-05
 6.9949523927585233e-01	 4.7191024911297577e-03	-3.1520364599370846e-05
 7.0563116242739499e-01	 4.7072454498547130e-03	-3.1520364599884948e-05
 7.1176708557893753e-01	 4.6953884082652402e-03	-3.1520364601896563e-05
 7.1790300873048007e-01	 4.6835313669862690e-03	-3.1520364602495551e-05
 7.2403893188202262e-01	 4.6716743253986922e-03	-3.1520364603431447e-05
 7.3017485503356516e-01	 4.6598172841167910e-03	-3.1520364604006508e-05
 7.3631077818510771e-01	 4.6479602425309940e-03	-3.1520364604581583e-05
 7.4244670133665036e-01	 4.6361032012464899e-03	-3.1520364604698392e-05
 7.4858262448819290e-01	 4.6242461596628015e-03	-3.1520364605521525e-05
 7.5471854763973545e-01	 4.6123891183754871e-03	-3.1520364604958668e-05
 7.6085447079127788e-01	 4.6005320767944346e-03	-3.1520364606180246e-05
 7.6699039394282054e-01	 4.5886750355040020e-03	-3.1520364605143003e-05
 7.7312631709436319e-01	 4.5768179939259150e-03	-3.1520364606477547e-05
 7.7926224024590574e-01	 4.5649609526323305e-03	-3.1520364605430825e-05
 7.8539816339744839e-01	 4.5531039110571483e-03	-3.1520364606458445e-05
 7.9153408654899082e-01	 4.5412468697607136e-03	-3.1520364605808764e-05
 7.9767000970053337e-01	 4.5293898281880650e-03	-3.1520364606277993e-05
 8.0380593285207591e-01	 4.5175327868892624e-03	-3.1520364606159680e-05
 8.0994185600361845e-01	 4.5056757453187041e-03	-3.1520364606109935e-05
 8.1607777915516100e-01	 4.4938187040179534e-03	-3.1520364606369432e-05
 8.2221370230670354e-01	 4.4819616624491680e-03	-3.1520364606072117e-05
 8.2834962545824620e-01	 4.4701046211466939e-03	-3.1520364606385343e-05
 8.3448554860978885e-01	 4.4582475795795920e-03	-3.1520364606196414e-05
 8.4062147176133140e-01	 4.4463905382753762e-03	-3.1520364606232524e-05
 8.4675739491287394e-01	 4.4345334967100906e-03	-3.1520364606433529e-05
 8.5289331806441637e-01	 4.4226764554039363e-03	-3.1520364605996101e-05
 8.5902924121595903e-01	 4.4108194138407037e-03	-3.1520364606691881e-05
 8.6516516436750157e-01	 4.3989623725323663e-03	-3.1520364605776048e-05
 8.7130108751904423e-01	 4.3871053309714157e-03	-3.1520364606884557e-05
 8.7743701067058666e-01	 4.3752482896607181e-03	-3.1520364605646615e-05
 8.8357293382212931e-01	 4.3633912481021641e-03	-3.1520364606962369e-05
 8.8970885697367186e-01	 4.3515342067890614e-03	-3.1520364605634424e-05
 8.9584478012521440e-01	 4.3396771652328857e-03	-3.1520364606924415e-05
 9.0198070327675706e-01	 4.3278201239174531e-03	-3.1520364605725660e-05
 9.0811662642829971e-01	 4.3159630823635430e-03	-3.1520364606790950e-05
 9.1425254957984214e-01	 4.3041060410459221e-03	-3.1520364605902873e-05
 9.2038847273138458e-01	 4.2922489994940988e-03	-3.1520364606578520e-05
 9.2652439588292723e-01	 4.2803919581745117e-03	-3.1520364606144135e-05
 9.3266031903446978e-01	 4.2685349166245090e-03	-3.1520364606327575e-05
 9.3879624218601254e-01	 4.2566778753032643e-03	-3.1520364606384089e-05
 9.4493216533755497e-01	 4.2448208337547621e-03	-3.1520364606123840e-05
 9.5106808848909752e-01	 4.2329637924321496e-03	-3.1520364606534258e-05
 9.5720401164064017e-01	 4.2211067508849190e-03	-3.1520364606037958e-05
 9.6333993479218272e-01	 4.2092497095610852e-03	-3.1520364606556586e-05
 9.6947585794372526e-01	 4.1973926680150594e-03	-3.1520364606074353e-05
 9.7561178109526792e-01	 4.1855356266900122e-03	-3.1520364606469423e-05
 9.8174770424681035e-01	 4.1736785851452284e-03	-3.1520364606206687e-05
 9.8788362739835278e-01	 4.1618215438188923e-03	-3.1520364606298180e-05
 9.9401955054989533e-01	 4.1499645022754642e-03	-3.1520364606409710e-05
 1.0001554737014380e+00	 4.1381074609476874e-03	-3.1520364606075993e-05
 1.0062913968529805e+00	 4.1262504194058015e-03	-3.1520364606633964e-05
 1.0124273200045231e+00	 4.1143933780763758e-03	-3.1520364605869974e-05
 1.0185632431560658e+00	 4.1025363365362342e-03	-3.1520364606802625e-05
 1.0246991663076084e+00	 4.0906792952049940e-03	-3.1520364605751552e-05
 1.0308350894591509e+00	 4.0788222536666972e-03	-3.1520364606866749e-05
 1.0369710126106935e+00	 4.0669652123336208e-03	-3.1520364605736990e-05
 1.0431069357622360e+00	 4.0551081707971247e-03	-3.1520364606842144e-05
 1.0492428589137786e+00	 4.0432511294623006e-03	-3.1520364605788083e-05
 1.0553787820653213e+00	 4.0313940879274958e-03	-3.1520364606773961e-05
 1.0615147052168636e+00	 4.0195370465910306e-03	-3.1520364605868605e-05
 1.0676506283684062e+00	 4.0076800050578261e-03	-3.1520364606680435e-05
 1.0737865515199487e+00	 3.9958229637197954e-03	-3.1520364605978604e-05
 1.0799224746714913e+00	 3.9839659221881140e-03	-3.1520364606550209e-05
 1.0860583978230340e+00	 3.9721088808486182e-03	-3.1520364606128699e-05
 1.0921943209745768e+00	 3.9602518393183289e-03	-3.1520364606385322e-05
 1.0983302441261191e+00	 3.9483947979775313e-03	-3.1520364606297638e-05
 1.1044661672776617e+00	 3.9365377564484424e-03	-3.1520364606226405e-05
 1.1106020904292042e+00	 3.9246807151065450e-03	-3.1520364606430866e-05
 1.1167380135807468e+00	 3.9128236735784709e-03	-3.1520364606132385e-05
 1.1228739367322893e+00	 3.9009666322356177e-03	-3.1520364606476307e-05
 1.1290098598838318e+00	 3.8891095907084656e-03	-3.1520364606138029e-05
 1.1351457830353744e+00	 3.8772525493646890e-03	-3.1520364606423073e-05
 1.1412817061869169e+00	 3.8653955078385015e-03	-3.1520364606228499e-05
 1.1474176293384595e+00	 3.8535384664936984e-03	-3.1520364606310248e-05
 1.1535535524900022e+00	 3.8416814249686093e-03	-3.1520364606346671e-05
 1.1596894756415448e+00	 3.8298243836226353e-03	-3.1520364606203332e-05
 1.1658253987930873e+00	 3.8179673420987736e-03	-3.1520364606429741e-05
 1.1719613219446299e+00	 3.8061103007515375e-03	-3.1520364606151697e-05
 1.1780972450961724e+00	 3.7942532592289435e-03	-3.1520364606449914e-05
 1.1842331682477150e+00	 3.7823962178804653e-03	-3.1520364606156685e-05
 1.1903690913992575e+00	 3.7705391763590643e-03	-3.1520364606430859e-05
 1.1965050145507998e+00	 3.7586821350094543e-03	-3.1520364606176017e-05
 1.2026409377023426e+00	 3.7468250934891280e-03	-3.1520364606424442e-05
 1.2087768608538849e+00	 3.7349680521384901e-03	-3.1520364606159036e-05
 1.2149127840054279e+00	 3.7231110106191638e-03	-3.1520364606470893e-05
 1.2210487071569704e+00	 3.7112539692675250e-03	-3.1520364606082728e-05
 1.2271846303085130e+00	 3.6993969277492236e-03	-3.1520364606571473e-05
 1.2333205534600555e+00	 3.6875398863965144e-03	-3.1520364605967695e-05
 1.2394564766115981e+00	 3.6756828448793475e-03	-3.1520364606687435e-05
 1.2455923997631406e+00	 3.6638258035254362e-03	-3.1520364605865312e-05
 1.2517283229146834e+00	 3.6519687620095312e-03	-3.1520364606763167e-05
 1.2578642460662257e+00	 3.6401117206543154e-03	-3.1520364605825759e-05
 1.2640001692177683e+00	 3.6282546791397332e-03	-3.1520364606762022e-05
 1.2701360923693108e+00	 3.6163976377832046e-03	-3.1520364605866118e-05
 1.2762720155208533e+00	 3.6045405962698987e-03	-3.1520364606688960e-05
 1.2824079386723961e+00	 3.5926835549121472e-03	-3.1520364605962307e-05
 1.2885438618239387e+00	 3.5808265134000005e-03	-3.1520364606580384e-05
 1.2946797849754810e+00	 3.5689694720411561e-03	-3.1520364606073811e-05
 1.3008157081270237e+00	 3.5571124305300416e-03	-3.1520364606473746e-05
 1.3069516312785661e+00	 3.5452553891702175e-03	-3.1520364606171328e-05
 1.3130875544301088e+00	 3.5333983476600419e-03	-3.1520364606388148e-05
 1.3192234775816516e+00	 3.5215413062993106e-03	-3.1520364606244302e-05
 1.3253594007331939e+00	 3.5096842647900123e-03	-3.1520364606328476e-05
 1.3314953238847365e+00	 3.4978272234284223e-03	-3.1520364606290909e-05
 1.3376312470362790e+00	 3.4859701819199757e-03	-3.1520364606294290e-05
 1.3437671701878215e+00	 3.4741131405575387e-03	-3.1520364606314056e-05
 1.3499030933393643e+00	 3.4622560990499422e-03	-3.1520364606279741e-05
 1.3560390164909069e+00	 3.4503990576866470e-03	-3.1520364606323333e-05
 1.3621749396424494e+00	 3.4385420161799169e-03	-3.1520364606272003e-05
 1.3683108627939919e+00	 3.4266849748157439e-03	-3.1520364606333640e-05
 1.3744467859455345e+00	 3.4148279333099008e-03	-3.1520364606255198e-05
 1.3805827090970770e+00	 3.4029708919448365e-03	-3.1520364606360210e-05
 1.3867186322486196e+00	 3.3911138504398820e-03	-3.1520364606216438e-05
 1.3928545554001621e+00	 3.3792568090739404e-03	-3.1520364606412075e-05
 1.3989904785517047e+00	 3.3673997675698415e-03	-3.1520364606152402e-05
 1.4051264017032472e+00	 3.3555427262030816e-03	-3.1520364606484574e-05
 1.4112623248547900e+00	 3.3436856846997534e-03	-3.1520364606077280e-05
 1.4173982480063327e+00	 3.3318286433322757e-03	-3.1520364606553902e-05
 1.4235341711578751e+00	 3.3199716018296097e-03	-3.1520364606023246e-05
 1.4296700943094176e+00	 3.3081145604615192e-03	-3.1520364606583887e-05
 1.4358060174609601e+00	 3.2962575189594313e-03	-3.1520364606024107e-05
 1.4419419406125029e+00	 3.2844004775907797e-03	-3.1520364606548956e-05
 1.4480778637640452e+00	 3.2725434360892577e-03	-3.1520364606092235e-05
 1.4542137869155878e+00	 3.2606863947200137e-03	-3.1520364606452367e-05
 1.4603497100671303e+00	 3.2488293532191262e-03	-3.1520364606209858e-05
 1.4664856332186729e+00	 3.2369723118491935e-03	-3.1520364606323137e-05
 1.4726215563702154e+00	 3.2251152703490571e-03	-3.1520364606340735e-05
 1.4787574795217582e+00	 3.2132582289783104e-03	-3.1520364606200751e-05
 1.4848934026733007e+00	 3.2014011874790444e-03	-3.1520364606445773e-05
 1.4910293258248433e+00	 3.1895441461073817e-03	-3.1520364606120276e-05
 1.4971652489763858e+00	 3.1776871046090599e-03	-3.1520364606496412e-05
 1.5033011721279284e+00	 3.1658300632364444e-03	-3.1520364606101634e-05
 1.5094370952794709e+00	 3.1539730217390667e-03	-3.1520364606484025e-05
 1.5155730184310134e+00	 3.1421159803655353e-03	-3.1520364606139866e-05
 1.5217089415825558e+00	 3.1302589388690245e-03	-3.1520364606427376e-05
 1.5278448647340985e+00	 3.1184018974946878e-03	-3.1520364606203678e-05
 1.5339807878856411e+00	 3.1065448559989156e-03	-3.1520364606367379e-05
 1.5401167110371838e+00	 3.0946878146239057e-03	-3.1520364606247202e-05
 1.5462526341887264e+00	 3.0828307731287567e-03	-3.1520364606349801e-05
 1.5523885573402689e+00	 3.0709737317531557e-03	-3.1520364606232131e-05
 1.5585244804918115e+00	 3.0591166902585879e-03	-3.1520364606399051e-05
 1.5646604036433540e+00	 3.0472596488823863e-03	-3.1520364606151948e-05
 1.5707963267948966e+00	 3.0354026073884659e-03	-3.1520364606501495e-05
 1.5769322499464391e+00	 3.0235455660115526e-03	-3.1520364606040390e-05
 1.5830681730979816e+00	 3.0116885245184133e-03	-3.1520364606607896e-05
 1.5892040962495240e+00	 2.9998314831406496e-03	-3.1520364605954189e-05
 1.5953400194010667e+00	 2.9879744416484205e-03	-3.1520364606662051e-05
 1.6014759425526093e+00	 2.9761174002697127e-03	-3.1520364605939851e-05
 1.6076118657041520e+00	 2.9642603587784313e-03	-3.1520364606635597e-05
 1.6137477888556946e+00	 2.9524033173987984e-03	-3.1520364606003758e-05
 1.6198837120072371e+00	 2.9405462759083930e-03	-3.1520364606543609e-05
 1.6260196351587797e+00	 2.9286892345279526e-03	-3.1520364606112314e-05
 1.6321555583103224e+00	 2.9168321930382766e-03	-3.1520364606432201e-05
 1.6382914814618650e+00	 2.9049751516571853e-03	-3.1520364606213415e-05
 1.6444274046134073e+00	 2.8931181101680917e-03	-3.1520364606352891e-05
 1.6505633277649499e+00	 2.8812610687864696e-03	-3.1520364606262862e-05
 1.6566992509164924e+00	 2.8694040272978752e-03	-3.1520364606337638e-05
 1.6628351740680349e+00	 2.8575469859157604e-03	-3.1520364606244315e-05
 1.6689710972195775e+00	 2.8456899444276773e-03	-3.1520364606385356e-05
 1.6751070203711202e+00	 2.8338329030450117e-03	-3.1520364606175977e-05
 1.6812429435226628e+00	 2.8219758615575319e-03	-3.1520364606463717e-05
 1.6873788666742053e+00	 2.8101188201742058e-03	-3.1520364606098897e-05
 1.6935147898257479e+00	 2.7982617786874425e-03	-3.1520364606529067e-05
 1.6996507129772904e+00	 2.7864047373033531e-03	-3.1520364606053319e-05
 1.7057866361288330e+00	 2.7745476958173860e-03	-3.1520364606549247e-05
 1.7119225592803755e+00	 2.7626906544324825e-03	-3.1520364606060868e-05
 1.7180584824319181e+00	 2.7508336129473299e-03	-3.1520364606513753e-05
 1.7241944055834606e+00	 2.7389765715616285e-03	-3.1520364606122532e-05
 1.7303303287350031e+00	 2.7271195300772439e-03	-3.1520364606429741e-05
 1.7364662518865459e+00	 2.7152624886908174e-03	-3.1520364606223648e-05
 1.7426021750380882e+00	 2.7034054472071054e-03	-3.1520364606318014e-05
 1.7487380981896310e+00	 2.6915484058200653e-03	-3.1520364606337672e-05
 1.7548740213411735e+00	 2.6796913643369041e-03	-3.1520364606209892e-05
 1.7610099444927161e+00	 2.6678343229493730e-03	-3.1520364606430825e-05
 1.7671458676442586e+00	 2.6559772814666533e-03	-3.1520364606138694e-05
 1.7732817907958012e+00	 2.6441202400787176e-03	-3.1520364606474457e-05
 1.7794177139473437e+00	 2.6322631985963791e-03	-3.1520364606124877e-05
 1.7855536370988863e+00	 2.6204061572080647e-03	-3.1520364606458723e-05
 1.7916895602504286e+00	 2.6085491157261239e-03	-3.1520364606166456e-05
 1.7978254834019713e+00	 2.5966920743373816e-03	-3.1520364606397161e-05
 1.8039614065535141e+00	 2.5848350328559091e-03	-3.1520364606240412e-05
 1.8100973297050564e+00	 2.5729779914666503e-03	-3.1520364606319362e-05
 1.8162332528565992e+00	 2.5611209499857425e-03	-3.1520364606313338e-05
 1.8223691760081417e+00	 2.5492639085958747e-03	-3.1520364606258606e-05
 1.8285050991596843e+00	 2.5374068671156122e-03	-3.1520364606356171e-05
 1.8346410223112268e+00	 2.5255498257250749e-03	-3.1520364606237098e-05
 1.8407769454627694e+00	 2.5136927842454916e-03	-3.1520364606354958e-05
 1.8469128686143119e+00	 2.5018357428542820e-03	-3.1520364606259697e-05
 1.8530487917658545e+00	 2.4899787013753501e-03	-3.1520364606313968e-05
 1.8591847149173970e+00	 2.4781216599835199e-03	-3.1520364606314300e-05
 1.8653206380689393e+00	 2.4662646185051704e-03	-3.1520364606251423e-05
 1.8714565612204823e+00	 2.4544075771128007e-03	-3.1520364606378431e-05
 1.8775924843720246e+00	 2.4425505356349456e-03	-3.1520364606192165e-05
 1.8837284075235674e+00	 2.4306934942421232e-03	-3.1520364606426495e-05
 1.8898643306751099e+00	 2.4188364527646857e-03	-3.1520364606160852e-05
 1.8960002538266525e+00	 2.4069794113714738e-03	-3.1520364606437066e-05
 1.9021361769781950e+00	 2.3951223698944119e-03	-3.1520364606173198e-05
 1.9082721001297376e+00	 2.3832653285008219e-03	-3.1520364606402182e-05
 1.9144080232812801e+00	 2.3714082870241542e-03	-3.1520364606227835e-05
 1.9205439464328224e+00	 2.3595512456301413e-03	-3.1520364606332867e-05
 1.9266798695843652e+00	 2.3476942041539325e-03	-3.1520364606305302e-05
 1.9328157927359080e+00	 2.3358371627594204e-03	-3.1520364606255286e-05
 1.9389517158874505e+00	 2.3239801212837532e-03	-3.1520364606375483e-05
 1.9450876390389933e+00	 2.3121230798886631e-03	-3.1520364606199056e-05
 1.9512235621905356e+00	 2.3002660384135966e-03	-3.1520364606413457e-05
 1.9573594853420782e+00	 2.2884089970178971e-03	-3.1520364606180652e-05
 1.9634954084936207e+00	 2.2765519555434360e-03	-3.1520364606413546e-05
 1.9696313316451632e+00	 2.2646949141471506e-03	-3.1520364606193771e-05
 1.9757672547967058e+00	 2.2528378726732424e-03	-3.1520364606394159e-05
 1.9819031779482483e+00	 2.2409808312764397e-03	-3.1520364606211640e-05
 1.9880391010997909e+00	 2.2291237898030185e-03	-3.1520364606385959e-05
 1.9941750242513334e+00	 2.2172667484057530e-03	-3.1520364606204749e-05
 2.0003109474028760e+00	 2.2054097069327829e-03	-3.1520364606410374e-05
 2.0064468705544187e+00	 2.1935526655350594e-03	-3.1520364606164287e-05
 2.0125827937059610e+00	 2.1816956240625668e-03	-3.1520364606462423e-05
 2.0187187168575038e+00	 2.1698385826643346e-03	-3.1520364606108234e-05
 2.0248546400090461e+00	 2.1579815411923902e-03	-3.1520364606514390e-05
 2.0309905631605889e+00	 2.1461244997935734e-03	-3.1520364606068146e-05
 2.0371264863121317e+00	 2.1342674583222417e-03	-3.1520364606536508e-05
 2.0432624094636740e+00	 2.1224104169227974e-03	-3.1520364606067414e-05
 2.0493983326152168e+00	 2.1105533754520924e-03	-3.1520364606515576e-05
 2.0555342557667591e+00	 2.0986963340520375e-03	-3.1520364606107990e-05
 2.0616701789183018e+00	 2.0868392925819140e-03	-3.1520364606460044e-05
 2.0678061020698442e+00	 2.0749822511813136e-03	-3.1520364606172392e-05
 2.0739420252213869e+00	 2.0631252097116914e-03	-3.1520364606393549e-05
 2.0800779483729293e+00	 2.0512681683106369e-03	-3.1520364606233778e-05
 2.0862138715244720e+00	 2.0394111268414281e-03	-3.1520364606343411e-05
 2.0923497946760143e+00	 2.0275540854399949e-03	-3.1520364606267422e-05
 2.0984857178275571e+00	 2.0156970439711387e-03	-3.1520364606329757e-05
 2.1046216409790999e+00	 2.0038400025693651e-03	-3.1520364606259209e-05
 2.1107575641306422e+00	 1.9919829611008515e-03	-3.1520364606359302e-05
 2.1168934872821850e+00	 1.9801259196987231e-03	-3.1520364606210353e-05
 2.1230294104337273e+00	 1.9682688782305864e-03	-3.1520364606423629e-05
 2.1291653335852700e+00	 1.9564118368280482e-03	-3.1520364606135265e-05
 2.1353012567368124e+00	 1.9445547953603620e-03	-3.1520364606503358e-05
 2.1414371798883551e+00	 1.9326977539573303e-03	-3.1520364606057229e-05
 2.1475731030398975e+00	 1.9208407124901771e-03	-3.1520364606573282e-05
 2.1537090261914402e+00	 1.9089836710865751e-03	-3.1520364606001583e-05
 2.1598449493429825e+00	 1.8971266296200237e-03	-3.1520364606610105e-05
 2.1659808724945253e+00	 1.8852695882158026e-03	-3.1520364605986512e-05
 2.1721167956460681e+00	 1.8734125467498731e-03	-3.1520364606602922e-05
 2.1782527187976104e+00	 1.8615555053450390e-03	-3.1520364606014647e-05
 2.1843886419491532e+00	 1.8496984638797025e-03	-3.1520364606557677e-05
 2.1905245651006955e+00	 1.8378414224743075e-03	-3.1520364606071473e-05
 2.1966604882522383e+00	 1.8259843810094929e-03	-3.1520364606495715e-05
 2.2027964114037806e+00	 1.8141273396036156e-03	-3.1520364606132188e-05
 2.2089323345553233e+00	 1.8022702981392454e-03	-3.1520364606442284e-05
 2.2150682577068657e+00	 1.7904132567329529e-03	-3.1520364606174364e-05
 2.2212041808584084e+00	 1.7785562152689784e-03	-3.1520364606413857e-05
 2.2273401040099512e+00	 1.7666991738623024e-03	-3.1520364606188513e-05
 2.2334760271614935e+00	 1.7548421323987100e-03	-3.1520364606413315e-05
 2.2396119503130363e+00	 1.7429850909916438e-03	-3.1520364606177854e-05
 2.2457478734645786e+00	 1.7311280495284564e-03	-3.1520364606432377e-05
 2.2518837966161214e+00	 1.7192710081209645e-03	-3.1520364606154116e-05
 2.2580197197676637e+00	 1.7074139666582238e-03	-3.1520364606457103e-05
 2.2641556429192065e+00	 1.6955569252502620e-03	-3.1520364606132575e-05
 2.2702915660707488e+00	 1.6836998837880149e-03	-3.1520364606471273e-05
 2.2764274892222915e+00	 1.6718428423795433e-03	-3.1520364606129139e-05
 2.2825634123738339e+00	 1.6599858009178172e-03	-3.1520364606460891e-05
 2.2886993355253766e+00	 1.6481287595088200e-03	-3.1520364606154564e-05
 2.2948352586769194e+00	 1.6362717180476135e-03	-3.1520364606420207e-05
 2.3009711818284617e+00	 1.6244146766381110e-03	-3.1520364606208577e-05
 2.3071071049800045e+00	 1.6125576351773844e-03	-3.1520364606356523e-05
 2.3132430281315468e+00	 1.6007005937674370e-03	-3.1520364606277085e-05
 2.3193789512830896e+00	 1.5888435523071184e-03	-3.1520364606289079e-05
 2.3255148744346319e+00	 1.5769865108967978e-03	-3.1520364606338038e-05
 2.3316507975861747e+00	 1.5651294694368229e-03	-3.1520364606239335e-05
 2.3377867207377170e+00	 1.5532724280261829e-03	-3.1520364606373173e-05
 2.3439226438892597e+00	 1.5414153865665112e-03	-3.1520364606220253e-05
 2.3500585670408021e+00	 1.5295583451555711e-03	-3.1520364606377218e-05
 2.3561944901923448e+00	 1.5177013036962064e-03	-3.1520364606229929e-05
 2.3623304133438876e+00	 1.5058442622849473e-03	-3.1520364606357445e-05
 2.3684663364954299e+00	 1.4939872208259168e-03	-3.1520364606256763e-05
 2.3746022596469727e+00	 1.4821301794143051e-03	-3.1520364606326789e-05
 2.3807381827985150e+00	 1.4702731379556467e-03	-3.1520364606288761e-05
 2.3868741059500578e+00	 1.4584160965436454e-03	-3.1520364606294954e-05
 2.3930100291016001e+00	 1.4465590550853898e-03	-3.1520364606319051e-05
 2.3991459522531429e+00	 1.4347020136729739e-03	-3.1520364606267151e-05
 2.4052818754046852e+00	 1.4228449722151453e-03	-3.1520364606343066e-05
 2.4114177985562280e+00	 1.4109879308022890e-03	-3.1520364606247859e-05
 2.4175537217077703e+00	 1.3991308893449128e-03	-3.1520364606355487e-05
 2.4236896448593130e+00	 1.3872738479315978e-03	-3.1520364606244064e-05
 2.4298255680108558e+00	 1.3754168064746843e-03	-3.1520364606348622e-05
 2.4359614911623981e+00	 1.3635597650609073e-03	-3.1520364606262279e-05
 2.4420974143139409e+00	 1.3517027236044470e-03	-3.1520364606319023e-05
 2.4482333374654832e+00	 1.3398456821902343e-03	-3.1520364606300944e-05
 2.4543692606170260e+00	 1.3279886407341836e-03	-3.1520364606274761e-05
 2.4605051837685683e+00	 1.3161315993195930e-03	-3.1520364606344895e-05
 2.4666411069201111e+00	 1.3042745578638873e-03	-3.1520364606237308e-05
 2.4727770300716534e+00	 1.2924175164489829e-03	-3.1520364606369337e-05
 2.4789129532231962e+00	 1.2805604749935675e-03	-3.1520364606230979e-05
 2.4850488763747385e+00	 1.2687034335783832e-03	-3.1520364606354267e-05
 2.4911847995262812e+00	 1.2568463921232512e-03	-3.1520364606267375e-05
 2.4973207226778240e+00	 1.2449893507077618e-03	-3.1520364606299914e-05
 2.5034566458293663e+00	 1.2331323092529740e-03	-3.1520364606333423e-05
 2.5095925689809091e+00	 1.2212752678370945e-03	-3.1520364606231074e-05
 2.5157284921324514e+00	 1.2094182263827462e-03	-3.1520364606395101e-05
 2.5218644152839942e+00	 1.1975611849663797e-03	-3.1520364606186493e-05
 2.5280003384355365e+00	 1.1857041435125548e-03	-3.1520364606415179e-05
 2.5341362615870793e+00	 1.1738471020956423e-03	-3.1520364606196238e-05
 2.5402721847386216e+00	 1.1619900606423621e-03	-3.1520364606374921e-05
 2.5464081078901644e+00	 1.1501330192249313e-03	-3.1520364606263458e-05
 2.5525440310417071e+00	 1.1382759777721269e-03	-3.1520364606288761e-05
 2.5586799541932495e+00	 1.1264189363542770e-03	-3.1520364606358868e-05
 2.5648158773447922e+00	 1.1145618949018254e-03	-3.1520364606196007e-05
 2.5709518004963345e+00	 1.1027048534836860e-03	-3.1520364606437276e-05
 2.5770877236478773e+00	 1.0908478120314708e-03	-3.1520364606141248e-05
 2.5832236467994196e+00	 1.0789907706131329e-03	-3.1520364606462077e-05
 2.5893595699509624e+00	 1.0671337291611007e-03	-3.1520364606148634e-05
 2.5954954931025047e+00	 1.0552766877425721e-03	-3.1520364606424198e-05
 2.6016314162540475e+00	 1.0434196462907571e-03	-3.1520364606210854e-05
 2.6077673394055898e+00	 1.0315626048719676e-03	-3.1520364606346284e-05
 2.6139032625571326e+00	 1.0197055634204679e-03	-3.1520364606294216e-05
 2.6200391857086753e+00	 1.0078485220013096e-03	-3.1520364606267707e-05
 2.6261751088602177e+00	 9.9599148055022841e-04	-3.1520364606359024e-05
 2.6323110320117604e+00	 9.8413443913061274e-04	-3.1520364606223275e-05
 2.6384469551633027e+00	 9.7227739768000981e-04	-3.1520364606379908e-05
 2.6445828783148455e+00	 9.6042035625991048e-04	-3.1520364606226155e-05
 2.6507188014663878e+00	 9.4856331480977930e-04	-3.1520364606356517e-05
 2.6568547246179306e+00	 9.3670627338923642e-04	-3.1520364606264651e-05
 2.6629906477694729e+00	 9.2484923193951137e-04	-3.1520364606310140e-05
 2.6691265709210157e+00	 9.1299219051860681e-04	-3.1520364606310892e-05
 2.6752624940725580e+00	 9.0113514906919867e-04	-3.1520364606271766e-05
 2.6813984172241008e+00	 8.8927810764801406e-04	-3.1520364606334846e-05
 2.6875343403756435e+00	 8.7742106619885963e-04	-3.1520364606267063e-05
 2.6936702635271859e+00	 8.6556402477743475e-04	-3.1520364606317553e-05
 2.6998061866787286e+00	 8.5370698332851939e-04	-3.1520364606306535e-05
 2.7059421098302709e+00	 8.4184994190684287e-04	-3.1520364606257949e-05
 2.7120780329818137e+00	 8.2999290045820625e-04	-3.1520364606382063e-05
 2.7182139561333560e+00	 8.1813585903621434e-04	-3.1520364606172487e-05
 2.7243498792848988e+00	 8.0627881758793703e-04	-3.1520364606470520e-05
 2.7304858024364411e+00	 7.9442177616553897e-04	-3.1520364606088312e-05
 2.7366217255879839e+00	 7.8256473471770922e-04	-3.1520364606543569e-05
 2.7427576487395262e+00	 7.7070769329482826e-04	-3.1520364606032774e-05
 2.7488935718910690e+00	 7.5885065184750841e-04	-3.1520364606577951e-05
 2.7550294950426117e+00	 7.4699361042410595e-04	-3.1520364606021200e-05
 2.7611654181941541e+00	 7.3513656897730326e-04	-3.1520364606567577e-05
 2.7673013413456968e+00	 7.2327952755340066e-04	-3.1520364606050026e-05
 2.7734372644972392e+00	 7.1142248610706960e-04	-3.1520364606525530e-05
 2.7795731876487819e+00	 6.9956544468273364e-04	-3.1520364606097921e-05
 2.7857091108003242e+00	 6.8770840323679409e-04	-3.1520364606479072e-05
 2.7918450339518670e+00	 6.7585136181210652e-04	-3.1520364606135942e-05
 2.7979809571034093e+00	 6.6399432036648692e-04	-3.1520364606455443e-05
 2.8041168802549521e+00	 6.5213727894149827e-04	-3.1520364606141384e-05
 2.8102528034064944e+00	 6.4028023749617238e-04	-3.1520364606469158e-05
 2.8163887265580372e+00	 6.2842319607088297e-04	-3.1520364606110125e-05
 2.8225246497095799e+00	 6.1656615462588179e-04	-3.1520364606513380e-05
 2.8286605728611223e+00	 6.0470911320023460e-04	-3.1520364606058795e-05
 2.8347964960126650e+00	 5.9285207175562807e-04	-3.1520364606563897e-05
 2.8409324191642074e+00	 5.8099503032954763e-04	-3.1520364606016490e-05
 2.8470683423157501e+00	 5.6913798888540872e-04	-3.1520364606590779e-05
 2.8532042654672924e+00	 5.5728094745883660e-04	-3.1520364606009795e-05
 2.8593401886188352e+00	 5.4542390601519967e-04	-3.1520364606574224e-05
 2.8654761117703775e+00	 5.3356686458813109e-04	-3.1520364606049335e-05
 2.8716120349219203e+00	 5.2170982314496796e-04	-3.1520364606514688e-05
 2.8777479580734626e+00	 5.0985278171746320e-04	-3.1520364606122702e-05
 2.8838838812250054e+00	 4.9799574027468833e-04	-3.1520364606435114e-05
 2.8900198043765482e+00	 4.8613869884684823e-04	-3.1520364606199077e-05
 2.8961557275280905e+00	 4.7428165740435806e-04	-3.1520364606370970e-05
 2.9022916506796332e+00	 4.6242461597627998e-04	-3.1520364606242574e-05
 2.9084275738311756e+00	 4.5056757453399348e-04	-3.1520364606354362e-05
 2.9145634969827183e+00	 4.3871053310572697e-04	-3.1520364606229550e-05
 2.9206994201342606e+00	 4.2685349166363265e-04	-3.1520364606397465e-05
 2.9268353432858034e+00	 4.1499645023514913e-04	-3.1520364606160608e-05
 2.9329712664373457e+00	 4.0313940879331284e-04	-3.1520364606486018e-05
 2.9391071895888885e+00	 3.9128236736451626e-04	-3.1520364606062352e-05
 2.9452431127404308e+00	 3.7942532592305685e-04	-3.1520364606583860e-05
 2.9513790358919736e+00	 3.6756828449382149e-04	-3.1520364605976327e-05
 2.9575149590435164e+00	 3.5571124305285511e-04	-3.1520364606648878e-05
 2.9636508821950587e+00	 3.4385420162308356e-04	-3.1520364605939641e-05
 2.9697868053466014e+00	 3.3199716018267620e-04	-3.1520364606653066e-05
 2.9759227284981438e+00	 3.2014011875234705e-04	-3.1520364605967735e-05
 2.9820586516496865e+00	 3.0828307731247686e-04	-3.1520364606596166e-05
 2.9881945748012289e+00	 2.9642603588164783e-04	-3.1520364606046164e-05
 2.9943304979527716e+00	 2.8456899444222384e-04	-3.1520364606505398e-05
 3.0004664211043139e+00	 2.7271195301101187e-04	-3.1520364606138443e-05
 3.0066023442558567e+00	 2.6085491157190908e-04	-3.1520364606422138e-05
 3.0127382674073995e+00	 2.4899787014043089e-04	-3.1520364606203366e-05
 3.0188741905589418e+00	 2.3714082870155239e-04	-3.1520364606382361e-05
 3.0250101137104846e+00	 2.2528378726987327e-04	-3.1520364606214195e-05
 3.0311460368620269e+00	 2.1342674583118979e-04	-3.1520364606400806e-05
 3.0372819600135696e+00	 2.0156970439930204e-04	-3.1520364606169356e-05
 3.0434178831651120e+00	 1.8971266296085969e-04	-3.1520364606466163e-05
 3.0495538063166547e+00	 1.7785562152868598e-04	-3.1520364606091144e-05
 3.0556897294681971e+00	 1.6599858009058060e-04	-3.1520364606548244e-05
 3.0618256526197398e+00	 1.5414153865801782e-04	-3.1520364606014132e-05
 3.0679615757712821e+00	 1.4228449722035119e-04	-3.1520364606612354e-05
 3.0740974989228249e+00	 1.3042745578730765e-04	-3.1520364605969551e-05
 3.0802334220743677e+00	 1.1857041435014932e-04	-3.1520364606633415e-05
 3.0863693452259100e+00	 1.0671337291658523e-04	-3.1520364605973739e-05
 3.0925052683774528e+00	 9.4856331479945531e-05	-3.1520364606604975e-05
 3.0986411915289951e+00	 8.2999290045880538e-05	-3.1520364606023050e-05
 3.1047771146805379e+00	 7.1142248609710297e-05	-3.1520364606538981e-05
 3.1109130378320802e+00	 5.9285207175217586e-05	-3.1520364606098063e-05
 3.1170489609836229e+00	 4.7428165739430068e-05	-3.1520364606461013e-05
 3.1231848841351653e+00	 3.5571124304599683e-05	-3.1520364606171606e-05
 3.1293208072867080e+00	 2.3714082869105875e-05	-3.1520364606398285e-05
 3.1354567304382504e+00	 1.1857041434019076e-05	-3.1520364606217644e-05
