%# 1. u 2. x_tilde 3. y 
%# N = 1024	L =  0.0000000000000000e+00
%# H/L =  2.7383419692114940e-04	c =  1.4000000000000001e-01	h = 1.800000e-02	y0 = 0.000000e+00

-3.1415926535897931e+00	-1.3197170879526533e-15	-3.7928952544623080e-05
-3.1354567304382504e+00	-1.2176556107877927e-05	-3.7928952544613438e-05
-3.1293208072867080e+00	-2.4353112214406890e-05	-3.7928952544603450e-05
-3.1231848841351653e+00	-3.6529668321111331e-05	-3.7928952544651602e-05
-3.1170489609836229e+00	-4.8706224427513389e-05	-3.7928952544548724e-05
-3.1109130378320802e+00	-6.0882780534318986e-05	-3.7928952544719053e-05
-3.1047771146805379e+00	-7.3059336640651654e-05	-3.7928952544471502e-05
-3.0986411915289951e+00	-8.5235892747489344e-05	-3.7928952544801838e-05
-3.0925052683774528e+00	-9.7412448853828083e-05	-3.7928952544388080e-05
-3.0863693452259100e+00	-1.0958900496062154e-04	-3.7928952544882001e-05
-3.0802334220743677e+00	-1.2176556106704203e-04	-3.7928952544315241e-05
-3.0740974989228249e+00	-1.3394211717371925e-04	-3.7928952544943516e-05
-3.0679615757712821e+00	-1.4611867328028503e-04	-3.7928952544268268e-05
-3.0618256526197398e+00	-1.5829522938679485e-04	-3.7928952544973373e-05
-3.0556897294681971e+00	-1.7047178549354407e-04	-3.7928952544257697e-05
-3.0495538063166547e+00	-1.8264834159986308e-04	-3.7928952544964042e-05
-3.0434178831651120e+00	-1.9482489770680095e-04	-3.7928952544286964e-05
-3.0372819600135696e+00	-2.0700145381294128e-04	-3.7928952544916154e-05
-3.0311460368620269e+00	-2.1917800992003874e-04	-3.7928952544351610e-05
-3.0250101137104846e+00	-2.3135456602604680e-04	-3.7928952544838057e-05
-3.0188741905589418e+00	-2.4353112213324358e-04	-3.7928952544439430e-05
-3.0127382674073995e+00	-2.5570767823919005e-04	-3.7928952544745216e-05
-3.0066023442558567e+00	-2.6788423434641025e-04	-3.7928952544532861e-05
-3.0004664211043139e+00	-2.8006079045237234e-04	-3.7928952544656257e-05
-2.9943304979527716e+00	-2.9223734655953789e-04	-3.7928952544613221e-05
-2.9881945748012289e+00	-3.0441390266558628e-04	-3.7928952544588826e-05
-2.9820586516496865e+00	-3.1659045877264168e-04	-3.7928952544665263e-05
-2.9759227284981438e+00	-3.2876701487881800e-04	-3.7928952544554240e-05
-2.9697868053466014e+00	-3.4094357098573766e-04	-3.7928952544681831e-05
-2.9636508821950587e+00	-3.5312012709204799e-04	-3.7928952544555250e-05
-2.9575149590435164e+00	-3.6529668319884275e-04	-3.7928952544665534e-05
-2.9513790358919736e+00	-3.7747323930526020e-04	-3.7928952544584124e-05
-2.9452431127404308e+00	-3.8964979541197337e-04	-3.7928952544627729e-05
-2.9391071895888885e+00	-4.0182635151844341e-04	-3.7928952544626862e-05
-2.9329712664373457e+00	-4.1400290762513370e-04	-3.7928952544584998e-05
-2.9268353432858034e+00	-4.2617946373159625e-04	-3.7928952544665513e-05
-2.9206994201342606e+00	-4.3835601983832227e-04	-3.7928952544554173e-05
-2.9145634969827183e+00	-4.5053257594472894e-04	-3.7928952544685151e-05
-2.9084275738311756e+00	-4.6270913205152575e-04	-3.7928952544547979e-05
-2.9022916506796332e+00	-4.7488568815785284e-04	-3.7928952544676789e-05
-2.8961557275280905e+00	-4.8706224426472809e-04	-3.7928952544570598e-05
-2.8900198043765482e+00	-4.9923880037098698e-04	-3.7928952544641234e-05
-2.8838838812250054e+00	-5.1141535647791195e-04	-3.7928952544616697e-05
-2.8777479580734626e+00	-5.2359191258414498e-04	-3.7928952544588162e-05
-2.8716120349219203e+00	-5.3576846869106745e-04	-3.7928952544672364e-05
-2.8654761117703775e+00	-5.4794502479733496e-04	-3.7928952544534562e-05
-2.8593401886188352e+00	-5.6012158090419043e-04	-3.7928952544719154e-05
-2.8532042654672924e+00	-5.7229813701055205e-04	-3.7928952544498634e-05
-2.8470683423157501e+00	-5.8447469311729238e-04	-3.7928952544740337e-05
-2.8409324191642074e+00	-5.9665124922378431e-04	-3.7928952544494406e-05
-2.8347964960126650e+00	-6.0882780533039107e-04	-3.7928952544726513e-05
-2.8286605728611223e+00	-6.2100436143700877e-04	-3.7928952544525753e-05
-2.8225246497095799e+00	-6.3318091754350483e-04	-3.7928952544679601e-05
-2.8163887265580372e+00	-6.4535747365020906e-04	-3.7928952544584401e-05
-2.8102528034064944e+00	-6.5753402975665155e-04	-3.7928952544613431e-05
-2.8041168802549521e+00	-6.6971058586337182e-04	-3.7928952544652530e-05
-2.7979809571034093e+00	-6.8188714196983720e-04	-3.7928952544548907e-05
-2.7918450339518670e+00	-6.9406369807649740e-04	-3.7928952544708061e-05
-2.7857091108003242e+00	-7.0624025418305298e-04	-3.7928952544506759e-05
-2.7795731876487819e+00	-7.1841681028959891e-04	-3.7928952544733113e-05
-2.7734372644972392e+00	-7.3059336639628579e-04	-3.7928952544500728e-05
-2.7673013413456968e+00	-7.4276992250269804e-04	-3.7928952544719906e-05
-2.7611654181941541e+00	-7.5494647860950754e-04	-3.7928952544531838e-05
-2.7550294950426117e+00	-7.6712303471581506e-04	-3.7928952544673157e-05
-2.7488935718910690e+00	-7.7929959082270468e-04	-3.7928952544589667e-05
-2.7427576487395262e+00	-7.9147614692896319e-04	-3.7928952544609074e-05
-2.7366217255879839e+00	-8.0365270303586712e-04	-3.7928952544654773e-05
-2.7304858024364411e+00	-8.1582925914214460e-04	-3.7928952544547979e-05
-2.7243498792848988e+00	-8.2800581524899834e-04	-3.7928952544706923e-05
-2.7182139561333560e+00	-8.4018237135535432e-04	-3.7928952544508196e-05
-2.7120780329818137e+00	-8.5235892746211134e-04	-3.7928952544731778e-05
-2.7059421098302709e+00	-8.6453548356857021e-04	-3.7928952544498926e-05
-2.6998061866787286e+00	-8.7671203967522717e-04	-3.7928952544726567e-05
-2.6936702635271859e+00	-8.8888859578177461e-04	-3.7928952544516361e-05
-2.6875343403756435e+00	-9.0106515188836239e-04	-3.7928952544700919e-05
-2.6813984172241008e+00	-9.1324170799495256e-04	-3.7928952544545492e-05
-2.6752624940725580e+00	-9.2541826410152571e-04	-3.7928952544673618e-05
-2.6691265709210157e+00	-9.3759482020810579e-04	-3.7928952544565936e-05
-2.6629906477694729e+00	-9.4977137631470864e-04	-3.7928952544664307e-05
-2.6568547246179306e+00	-9.6194793242124752e-04	-3.7928952544561335e-05
-2.6507188014663878e+00	-9.7412448852789385e-04	-3.7928952544683809e-05
-2.6445828783148455e+00	-9.8630104463439837e-04	-3.7928952544528158e-05
-2.6384469551633027e+00	-9.9847760074105911e-04	-3.7928952544727760e-05
-2.6323110320117604e+00	-1.0106541568475778e-03	-3.7928952544478671e-05
-2.6261751088602177e+00	-1.0228307129541898e-03	-3.7928952544776827e-05
-2.6200391857086753e+00	-1.0350072690607950e-03	-3.7928952544436570e-05
-2.6139032625571326e+00	-1.0471838251672851e-03	-3.7928952544805714e-05
-2.6077673394055898e+00	-1.0593603812740395e-03	-3.7928952544426027e-05
-2.6016314162540475e+00	-1.0715369373803642e-03	-3.7928952544794506e-05
-2.5954954931025047e+00	-1.0837134934872849e-03	-3.7928952544459786e-05
-2.5893595699509624e+00	-1.0958900495934543e-03	-3.7928952544739673e-05
-2.5832236467994196e+00	-1.1080666057005058e-03	-3.7928952544531960e-05
-2.5770877236478773e+00	-1.1202431618065837e-03	-3.7928952544655857e-05
-2.5709518004963345e+00	-1.1324197179136857e-03	-3.7928952544620722e-05
-2.5648158773447922e+00	-1.1445962740197527e-03	-3.7928952544569229e-05
-2.5586799541932495e+00	-1.1567728301268253e-03	-3.7928952544698805e-05
-2.5525440310417071e+00	-1.1689493862329591e-03	-3.7928952544504597e-05
-2.5464081078901644e+00	-1.1811259423399388e-03	-3.7928952544746767e-05
-2.5402721847386216e+00	-1.1933024984461761e-03	-3.7928952544473521e-05
-2.5341362615870793e+00	-1.2054790545530515e-03	-3.7928952544762285e-05
-2.5280003384355365e+00	-1.2176556106593846e-03	-3.7928952544469896e-05
-2.5218644152839942e+00	-1.2298321667661820e-03	-3.7928952544758545e-05
-2.5157284921324514e+00	-1.2420087228725730e-03	-3.7928952544475764e-05
-2.5095925689809091e+00	-1.2541852789793287e-03	-3.7928952544755116e-05
-2.5034566458293663e+00	-1.2663618350857500e-03	-3.7928952544473542e-05
-2.4973207226778240e+00	-1.2785383911924813e-03	-3.7928952544764182e-05
-2.4911847995262812e+00	-1.2907149472989282e-03	-3.7928952544458437e-05
-2.4850488763747385e+00	-1.3028915034056208e-03	-3.7928952544782539e-05
-2.4789129532231962e+00	-1.3150680595121289e-03	-3.7928952544441632e-05
-2.4727770300716534e+00	-1.3272446156187396e-03	-3.7928952544792433e-05
-2.4666411069201111e+00	-1.3394211717253450e-03	-3.7928952544443990e-05
-2.4605051837685683e+00	-1.3515977278318473e-03	-3.7928952544773547e-05
-2.4543692606170260e+00	-1.3637742839385635e-03	-3.7928952544481653e-05
-2.4482333374654832e+00	-1.3759508400449662e-03	-3.7928952544717501e-05
-2.4420974143139409e+00	-1.3881273961517558e-03	-3.7928952544552702e-05
-2.4359614911623981e+00	-1.4003039522581255e-03	-3.7928952544637886e-05
-2.4298255680108558e+00	-1.4124805083648988e-03	-3.7928952544632892e-05
-2.4236896448593130e+00	-1.4246570644713369e-03	-3.7928952544566770e-05
-2.4175537217077703e+00	-1.4368336205779939e-03	-3.7928952544686154e-05
-2.4114177985562280e+00	-1.4490101766845857e-03	-3.7928952544538675e-05
-2.4052818754046852e+00	-1.4611867327910691e-03	-3.7928952544684724e-05
-2.3991459522531429e+00	-1.4733632888978328e-03	-3.7928952544570551e-05
-2.3930100291016001e+00	-1.4855398450041644e-03	-3.7928952544626258e-05
-2.3868741059500578e+00	-1.4977164011110401e-03	-3.7928952544648715e-05
-2.3807381827985150e+00	-1.5098929572173179e-03	-3.7928952544538614e-05
-2.3746022596469727e+00	-1.5220695133241848e-03	-3.7928952544733818e-05
-2.3684663364954299e+00	-1.5342460694305281e-03	-3.7928952544466969e-05
-2.3623304133438876e+00	-1.5464226255372806e-03	-3.7928952544782038e-05
-2.3561944901923448e+00	-1.5585991816437744e-03	-3.7928952544448395e-05
-2.3500585670408021e+00	-1.5707757377503651e-03	-3.7928952544769427e-05
-2.3439226438892597e+00	-1.5829522938570061e-03	-3.7928952544489717e-05
-2.3377867207377170e+00	-1.5951288499634810e-03	-3.7928952544707059e-05
-2.3316507975861747e+00	-1.6073054060701901e-03	-3.7928952544563320e-05
-2.3255148744346319e+00	-1.6194819621766574e-03	-3.7928952544634044e-05
-2.3193789512830896e+00	-1.6316585182833167e-03	-3.7928952544624449e-05
-2.3132430281315468e+00	-1.6438350743898768e-03	-3.7928952544593319e-05
-2.3071071049800045e+00	-1.6560116304964179e-03	-3.7928952544640306e-05
-2.3009711818284617e+00	-1.6681881866031035e-03	-3.7928952544602772e-05
-2.2948352586769194e+00	-1.6803647427095308e-03	-3.7928952544610266e-05
-2.2886993355253766e+00	-1.6925412988162975e-03	-3.7928952544645910e-05
-2.2825634123738339e+00	-1.7047178549226870e-03	-3.7928952544564052e-05
-2.2764274892222915e+00	-1.7168944110294529e-03	-3.7928952544685903e-05
-2.2702915660707488e+00	-1.7290709671358730e-03	-3.7928952544537950e-05
-2.2641556429192065e+00	-1.7412475232425912e-03	-3.7928952544694231e-05
-2.2580197197676637e+00	-1.7534240793490598e-03	-3.7928952544546800e-05
-2.2518837966161214e+00	-1.7656006354557472e-03	-3.7928952544673049e-05
-2.2457478734645786e+00	-1.7777771915622154e-03	-3.7928952544572191e-05
-2.2396119503130363e+00	-1.7899537476689380e-03	-3.7928952544652998e-05
-2.2334760271614935e+00	-1.8021303037753403e-03	-3.7928952544578120e-05
-2.2273401040099512e+00	-1.8143068598821504e-03	-3.7928952544667655e-05
-2.2212041808584084e+00	-1.8264834159884577e-03	-3.7928952544541006e-05
-2.2150682577068657e+00	-1.8386599720953485e-03	-3.7928952544724745e-05
-2.2089323345553233e+00	-1.8508365282016105e-03	-3.7928952544470750e-05
-2.2027964114037806e+00	-1.8630130843084983e-03	-3.7928952544798769e-05
-2.1966604882522383e+00	-1.8751896404148117e-03	-3.7928952544403590e-05
-2.1905245651006955e+00	-1.8873661965216064e-03	-3.7928952544850526e-05
-2.1843886419491532e+00	-1.8995427526280460e-03	-3.7928952544373185e-05
-2.1782527187976104e+00	-1.9117193087347022e-03	-3.7928952544859301e-05
-2.1721167956460681e+00	-1.9238958648412710e-03	-3.7928952544383573e-05
-2.1659808724945253e+00	-1.9360724209478192e-03	-3.7928952544837210e-05
-2.1598449493429825e+00	-1.9482489770544691e-03	-3.7928952544409337e-05
-2.1537090261914402e+00	-1.9604255331609633e-03	-3.7928952544815831e-05
-2.1475731030398975e+00	-1.9726020892676492e-03	-3.7928952544421568e-05
-2.1414371798883551e+00	-1.9847786453741100e-03	-3.7928952544813805e-05
-2.1353012567368124e+00	-1.9969552014808445e-03	-3.7928952544417292e-05
-2.1291653335852700e+00	-2.0091317575872299e-03	-3.7928952544816421e-05
-2.1230294104337273e+00	-2.0213083136940706e-03	-3.7928952544426359e-05
-2.1168934872821850e+00	-2.0334848698003224e-03	-3.7928952544786178e-05
-2.1107575641306422e+00	-2.0456614259073093e-03	-3.7928952544484485e-05
-2.1046216409790999e+00	-2.0578379820134253e-03	-3.7928952544697829e-05
-2.0984857178275571e+00	-2.0700145381205098e-03	-3.7928952544599377e-05
-2.0923497946760143e+00	-2.0821910942265876e-03	-3.7928952544565889e-05
-2.0862138715244720e+00	-2.0943676503336365e-03	-3.7928952544734943e-05
-2.0800779483729293e+00	-2.1065442064398341e-03	-3.7928952544442242e-05
-2.0739420252213869e+00	-2.1187207625466813e-03	-3.7928952544831965e-05
-2.0678061020698442e+00	-2.1308973186531456e-03	-3.7928952544383966e-05
-2.0616701789183018e+00	-2.1430738747596893e-03	-3.7928952544844535e-05
-2.0555342557667591e+00	-2.1552504308664632e-03	-3.7928952544418464e-05
-2.0493983326152168e+00	-2.1674269869727193e-03	-3.7928952544766805e-05
-2.0432624094636740e+00	-2.1796035430797318e-03	-3.7928952544530557e-05
-2.0371264863121317e+00	-2.1917800991858223e-03	-3.7928952544632296e-05
-2.0309905631605889e+00	-2.2039566552929154e-03	-3.7928952544673638e-05
-2.0248546400090461e+00	-2.2161332113990119e-03	-3.7928952544494636e-05
-2.0187187168575038e+00	-2.2283097675060161e-03	-3.7928952544792894e-05
-2.0125827937059610e+00	-2.2404863236122727e-03	-3.7928952544404627e-05
-2.0064468705544187e+00	-2.2526628797190635e-03	-3.7928952544845613e-05
-2.0003109474028760e+00	-2.2648394358255617e-03	-3.7928952544393589e-05
-1.9941750242513334e+00	-2.2770159919321084e-03	-3.7928952544813974e-05
-1.9880391010997909e+00	-2.2891925480388290e-03	-3.7928952544463947e-05
-1.9819031779482483e+00	-2.3013691041452013e-03	-3.7928952544711971e-05
-1.9757672547967058e+00	-2.3135456602520229e-03	-3.7928952544585438e-05
-1.9696313316451632e+00	-2.3257222163583823e-03	-3.7928952544585201e-05
-1.9634954084936207e+00	-2.3378987724651289e-03	-3.7928952544701719e-05
-1.9573594853420782e+00	-2.3500753285716444e-03	-3.7928952544494508e-05
-1.9512235621905356e+00	-2.3622518846781672e-03	-3.7928952544754411e-05
-1.9450876390389933e+00	-2.3744284407849468e-03	-3.7928952544487589e-05
-1.9389517158874505e+00	-2.3866049968911977e-03	-3.7928952544714025e-05
-1.9328157927359080e+00	-2.3987815529982258e-03	-3.7928952544570266e-05
-1.9266798695843652e+00	-2.4109581091042837e-03	-3.7928952544599228e-05
-1.9205439464328224e+00	-2.4231346652114271e-03	-3.7928952544701990e-05
-1.9144080232812801e+00	-2.4353112213174556e-03	-3.7928952544466813e-05
-1.9082721001297376e+00	-2.4474877774245439e-03	-3.7928952544818569e-05
-1.9021361769781950e+00	-2.4596643335306977e-03	-3.7928952544378247e-05
-1.8960002538266525e+00	-2.4718408896376130e-03	-3.7928952544871241e-05
-1.8898643306751099e+00	-2.4840174457439620e-03	-3.7928952544362391e-05
-1.8837284075235674e+00	-2.4961940018506899e-03	-3.7928952544853853e-05
-1.8775924843720246e+00	-2.5083705579571885e-03	-3.7928952544403367e-05
-1.8714565612204823e+00	-2.5205471140638184e-03	-3.7928952544800537e-05
-1.8653206380689393e+00	-2.5327236701703625e-03	-3.7928952544456642e-05
-1.8591847149173970e+00	-2.5449002262769951e-03	-3.7928952544757000e-05
-1.8530487917658545e+00	-2.5570767823834997e-03	-3.7928952544483062e-05
-1.8469128686143119e+00	-2.5692533384901930e-03	-3.7928952544750068e-05
-1.8407769454627694e+00	-2.5814298945966330e-03	-3.7928952544471570e-05
-1.8346410223112268e+00	-2.5936064507033787e-03	-3.7928952544774909e-05
-1.8285050991596843e+00	-2.6057830068097875e-03	-3.7928952544439376e-05
-1.8223691760081417e+00	-2.6179595629165393e-03	-3.7928952544807442e-05
-1.8162332528565992e+00	-2.6301361190229659e-03	-3.7928952544411634e-05
-1.8100973297050564e+00	-2.6423126751296822e-03	-3.7928952544827005e-05
-1.8039614065535141e+00	-2.6544892312361499e-03	-3.7928952544400317e-05
-1.7978254834019713e+00	-2.6666657873428302e-03	-3.7928952544832623e-05
-1.7916895602504286e+00	-2.6788423434493253e-03	-3.7928952544395845e-05
-1.7855536370988863e+00	-2.6910188995559895e-03	-3.7928952544840795e-05
-1.7794177139473437e+00	-2.7031954556624880e-03	-3.7928952544379169e-05
-1.7732817907958012e+00	-2.7153720117691501e-03	-3.7928952544868801e-05
-1.7671458676442586e+00	-2.7275485678756664e-03	-3.7928952544340558e-05
-1.7610099444927161e+00	-2.7397251239822855e-03	-3.7928952544913958e-05
-1.7548740213411735e+00	-2.7519016800888786e-03	-3.7928952544295888e-05
-1.7487380981896310e+00	-2.7640782361953780e-03	-3.7928952544949181e-05
-1.7426021750380882e+00	-2.7762547923021346e-03	-3.7928952544280716e-05
-1.7364662518865459e+00	-2.7884313484084393e-03	-3.7928952544936760e-05
-1.7303303287350031e+00	-2.8006079045154019e-03	-3.7928952544326029e-05
-1.7241944055834606e+00	-2.8127844606215132e-03	-3.7928952544858474e-05
-1.7180584824319181e+00	-2.8249610167286328e-03	-3.7928952544432816e-05
-1.7119225592803755e+00	-2.8371375728346443e-03	-3.7928952544732890e-05
-1.7057866361288330e+00	-2.8493141289417890e-03	-3.7928952544564235e-05
-1.6996507129772904e+00	-2.8614906850478543e-03	-3.7928952544610131e-05
-1.6935147898257479e+00	-2.8736672411548746e-03	-3.7928952544665215e-05
-1.6873788666742053e+00	-2.8858437972611208e-03	-3.7928952544540972e-05
-1.6812429435226628e+00	-2.8980203533679250e-03	-3.7928952544697396e-05
-1.6751070203711202e+00	-2.9101969094743958e-03	-3.7928952544545363e-05
-1.6689710972195775e+00	-2.9223734655809954e-03	-3.7928952544662647e-05
-1.6628351740680349e+00	-2.9345500216876289e-03	-3.7928952544600651e-05
-1.6566992509164924e+00	-2.9467265777941174e-03	-3.7928952544598686e-05
-1.6505633277649499e+00	-2.9589031339008112e-03	-3.7928952544662064e-05
-1.6444274046134073e+00	-2.9710796900072841e-03	-3.7928952544548806e-05
-1.6382914814618650e+00	-2.9832562461139635e-03	-3.7928952544696162e-05
-1.6321555583103224e+00	-2.9954328022204595e-03	-3.7928952544530320e-05
-1.6260196351587797e+00	-3.0076093583271250e-03	-3.7928952544703657e-05
-1.6198837120072371e+00	-3.0197859144336153e-03	-3.7928952544526363e-05
-1.6137477888556946e+00	-3.0319624705403090e-03	-3.7928952544712839e-05
-1.6076118657041520e+00	-3.0441390266467499e-03	-3.7928952544504076e-05
-1.6014759425526093e+00	-3.0563155827535026e-03	-3.7928952544753130e-05
-1.5953400194010667e+00	-3.0684921388598953e-03	-3.7928952544445136e-05
-1.5892040962495240e+00	-3.0806686949666684e-03	-3.7928952544827724e-05
-1.5830681730979816e+00	-3.0928452510730823e-03	-3.7928952544363251e-05
-1.5769322499464391e+00	-3.1050218071797791e-03	-3.7928952544906647e-05
-1.5707963267948966e+00	-3.1171983632863310e-03	-3.7928952544299392e-05
-1.5646604036433540e+00	-3.1293749193928373e-03	-3.7928952544943733e-05
-1.5585244804918115e+00	-3.1415514754996156e-03	-3.7928952544297738e-05
-1.5523885573402689e+00	-3.1537280316058821e-03	-3.7928952544905705e-05
-1.5462526341887264e+00	-3.1659045877128838e-03	-3.7928952544374480e-05
-1.5401167110371838e+00	-3.1780811438189716e-03	-3.7928952544797366e-05
-1.5339807878856411e+00	-3.1902576999260825e-03	-3.7928952544502171e-05
-1.5278448647340985e+00	-3.2024342560321487e-03	-3.7928952544666306e-05
-1.5217089415825558e+00	-3.2146108121391920e-03	-3.7928952544618859e-05
-1.5155730184310134e+00	-3.2267873682454025e-03	-3.7928952544579367e-05
-1.5094370952794709e+00	-3.2389639243522446e-03	-3.7928952544664348e-05
-1.5033011721279284e+00	-3.2511404804586811e-03	-3.7928952544580051e-05
-1.4971652489763858e+00	-3.2633170365653141e-03	-3.7928952544621169e-05
-1.4910293258248433e+00	-3.2754935926719089e-03	-3.7928952544654441e-05
-1.4848934026733007e+00	-3.2876701487784539e-03	-3.7928952544532970e-05
-1.4787574795217582e+00	-3.2998467048850530e-03	-3.7928952544736434e-05
-1.4726215563702154e+00	-3.3120232609916752e-03	-3.7928952544476266e-05
-1.4664856332186729e+00	-3.3241998170981408e-03	-3.7928952544754716e-05
-1.4603497100671303e+00	-3.3363763732049152e-03	-3.7928952544501291e-05
-1.4542137869155878e+00	-3.3485529293112515e-03	-3.7928952544691229e-05
-1.4480778637640452e+00	-3.3607294854180987e-03	-3.7928952544589599e-05
-1.4419419406125029e+00	-3.3729060415244420e-03	-3.7928952544597378e-05
-1.4358060174609601e+00	-3.3850825976311913e-03	-3.7928952544667987e-05
-1.4296700943094176e+00	-3.3972591537377115e-03	-3.7928952544551991e-05
-1.4235341711578751e+00	-3.4094357098442369e-03	-3.7928952544669213e-05
-1.4173982480063327e+00	-3.4216122659509905e-03	-3.7928952544596944e-05
-1.4112623248547900e+00	-3.4337888220573065e-03	-3.7928952544584218e-05
-1.4051264017032472e+00	-3.4459653781642148e-03	-3.7928952544709471e-05
-1.3989904785517047e+00	-3.4581419342704523e-03	-3.7928952544458986e-05
-1.3928545554001621e+00	-3.4703184903773585e-03	-3.7928952544831952e-05
-1.3867186322486196e+00	-3.4824950464836689e-03	-3.7928952544350871e-05
-1.3805827090970770e+00	-3.4946716025904458e-03	-3.7928952544917597e-05
-1.3744467859455345e+00	-3.5068481586969275e-03	-3.7928952544291741e-05
-1.3683108627939919e+00	-3.5190247148035084e-03	-3.7928952544949120e-05
-1.3621749396424494e+00	-3.5312012709101913e-03	-3.7928952544287134e-05
-1.3560390164909069e+00	-3.5433778270165814e-03	-3.7928952544929198e-05
-1.3499030933393643e+00	-3.5555543831234343e-03	-3.7928952544326402e-05
-1.3437671701878215e+00	-3.5677309392296852e-03	-3.7928952544876940e-05
-1.3376312470362790e+00	-3.5799074953366365e-03	-3.7928952544382503e-05
-1.3314953238847365e+00	-3.5920840514428306e-03	-3.7928952544825128e-05
-1.3253594007331939e+00	-3.6042606075498088e-03	-3.7928952544423174e-05
-1.3192234775816516e+00	-3.6164371636559878e-03	-3.7928952544796898e-05
-1.3130875544301088e+00	-3.6286137197629855e-03	-3.7928952544442344e-05
-1.3069516312785661e+00	-3.6407902758691262e-03	-3.7928952544776841e-05
-1.3008157081270237e+00	-3.6529668319761855e-03	-3.7928952544473467e-05
-1.2946797849754810e+00	-3.6651433880822521e-03	-3.7928952544725524e-05
-1.2885438618239387e+00	-3.6773199441893739e-03	-3.7928952544546692e-05
-1.2824079386723961e+00	-3.6894965002954149e-03	-3.7928952544634024e-05
-1.2762720155208533e+00	-3.7016730564025059e-03	-3.7928952544643829e-05
-1.2701360923693108e+00	-3.7138496125086449e-03	-3.7928952544544889e-05
-1.2640001692177683e+00	-3.7260261686155702e-03	-3.7928952544708007e-05
-1.2578642460662257e+00	-3.7382027247219313e-03	-3.7928952544516232e-05
-1.2517283229146834e+00	-3.7503792808286029e-03	-3.7928952544690342e-05
-1.2455923997631406e+00	-3.7625558369352137e-03	-3.7928952544579523e-05
-1.2394564766115981e+00	-3.7747323930416711e-03	-3.7928952544581664e-05
-1.2333205534600555e+00	-3.7869089491484272e-03	-3.7928952544718267e-05
-1.2271846303085130e+00	-3.7990855052548360e-03	-3.7928952544425424e-05
-1.2210487071569704e+00	-3.8112620613615263e-03	-3.7928952544864010e-05
-1.2149127840054279e+00	-3.8234386174681098e-03	-3.7928952544305531e-05
-1.2087768608538849e+00	-3.8356151735745338e-03	-3.7928952544929950e-05
-1.2026409377023426e+00	-3.8477917296814343e-03	-3.7928952544293137e-05
-1.1965050145507998e+00	-3.8599682857875352e-03	-3.7928952544876113e-05
-1.1903690913992575e+00	-3.8721448418947138e-03	-3.7928952544386548e-05
-1.1842331682477150e+00	-3.8843213980006117e-03	-3.7928952544742492e-05
-1.1780972450961724e+00	-3.8964979541078969e-03	-3.7928952544517472e-05
-1.1719613219446299e+00	-3.9086745102137766e-03	-3.7928952544606939e-05
-1.1658253987930873e+00	-3.9208510663209977e-03	-3.7928952544614149e-05
-1.1596894756415448e+00	-3.9330276224269888e-03	-3.7928952544518380e-05
-1.1535535524900022e+00	-3.9452041785340650e-03	-3.7928952544651249e-05
-1.1474176293384595e+00	-3.9573807346401984e-03	-3.7928952544477269e-05
-1.1412817061869169e+00	-3.9695572907471272e-03	-3.7928952544641458e-05
-1.1351457830353744e+00	-3.9817338468533872e-03	-3.7928952544461771e-05
-1.1290098598838318e+00	-3.9939104029601893e-03	-3.7928952544599397e-05
-1.1228739367322893e+00	-4.0060869590665465e-03	-3.7928952544459867e-05
-1.1167380135807468e+00	-4.0182635151732472e-03	-3.7928952544524459e-05
-1.1106020904292042e+00	-4.0304400712796642e-03	-3.7928952544468785e-05
-1.1044661672776617e+00	-4.0426166273863110e-03	-3.7928952544412969e-05
-1.0983302441261191e+00	-4.0547931834927099e-03	-3.7928952544475880e-05
-1.0921943209745768e+00	-4.0669697395993819e-03	-3.7928952544277423e-05
-1.0860583978230340e+00	-4.0791462957056593e-03	-3.7928952544443760e-05
-1.0799224746714913e+00	-4.0913228518124518e-03	-3.7928952544148261e-05
-1.0737865515199487e+00	-4.1034994079185054e-03	-3.7928952544319700e-05
-1.0676506283684062e+00	-4.1156759640254654e-03	-3.7928952544051645e-05
-1.0615147052168636e+00	-4.1278525201312770e-03	-3.7928952544064953e-05
-1.0553787820653213e+00	-4.1400290762383289e-03	-3.7928952543973420e-05
-1.0492428589137786e+00	-4.1522056323439966e-03	-3.7928952543682162e-05
-1.0431069357622360e+00	-4.1643821884509461e-03	-3.7928952543841371e-05
-1.0369710126106935e+00	-4.1765587445566450e-03	-3.7928952543210223e-05
-1.0308350894591509e+00	-4.1887353006632572e-03	-3.7928952543544855e-05
-1.0246991663076084e+00	-4.2009118567691182e-03	-3.7928952542682257e-05
-1.0185632431560658e+00	-4.2130884128752273e-03	-3.7928952542977458e-05
-1.0124273200045231e+00	-4.2252649689812427e-03	-3.7928952542075659e-05
-1.0062913968529805e+00	-4.2374415250868193e-03	-3.7928952542065881e-05
-1.0001554737014380e+00	-4.2496180811927905e-03	-3.7928952541285493e-05
-9.9401955054989533e-01	-4.2617946372979238e-03	-3.7928952540764872e-05
-9.8788362739835278e-01	-4.2739711934035160e-03	-3.7928952540126975e-05
-9.8174770424681035e-01	-4.2861477495083162e-03	-3.7928952539021909e-05
-9.7561178109526792e-01	-4.2983243056131408e-03	-3.7928952538354074e-05
-9.6947585794372526e-01	-4.3105008617176071e-03	-3.7928952536723156e-05
-9.6333993479218272e-01	-4.3226774178213197e-03	-3.7928952535680452e-05
-9.5720401164064017e-01	-4.3348539739252283e-03	-3.7928952533631994e-05
-9.5106808848909752e-01	-4.3470305300275730e-03	-3.7928952531784670e-05
-9.4493216533755497e-01	-4.3592070861303957e-03	-3.7928952529330748e-05
-9.3879624218601254e-01	-4.3713836422311610e-03	-3.7928952526285542e-05
-9.3266031903446978e-01	-4.3835601983320911e-03	-3.7928952523179222e-05
-9.2652439588292723e-01	-4.3957367544309308e-03	-3.7928952518662625e-05
-9.2038847273138458e-01	-4.4079133105289934e-03	-3.7928952514299735e-05
-9.1425254957984214e-01	-4.4200898666251565e-03	-3.7928952508103695e-05
-9.0811662642829971e-01	-4.4322664227193099e-03	-3.7928952501576697e-05
-9.0198070327675706e-01	-4.4444429788113755e-03	-3.7928952493304851e-05
-8.9584478012521440e-01	-4.4566195349004349e-03	-3.7928952483593448e-05
-8.8970885697367186e-01	-4.4687960909862625e-03	-3.7928952472299389e-05
-8.8357293382212931e-01	-4.4809726470685053e-03	-3.7928952458405677e-05
-8.7743701067058666e-01	-4.4931492031453279e-03	-3.7928952442353955e-05
-8.7130108751904423e-01	-4.5053257592178684e-03	-3.7928952423112579e-05
-8.6516516436750157e-01	-4.5175023152823450e-03	-3.7928952399853874e-05
-8.5902924121595903e-01	-4.5296788713405619e-03	-3.7928952373321997e-05
-8.5289331806441637e-01	-4.5418554273883339e-03	-3.7928952339966171e-05
-8.4675739491287394e-01	-4.5540319834256647e-03	-3.7928952302664196e-05
-8.4062147176133140e-01	-4.5662085394502167e-03	-3.7928952255857751e-05
-8.3448554860978885e-01	-4.5783850954581352e-03	-3.7928952202372493e-05
-8.2834962545824620e-01	-4.5905616514492799e-03	-3.7928952137433966e-05
-8.2221370230670354e-01	-4.6027382074166987e-03	-3.7928952060625805e-05
-8.1607777915516100e-01	-4.6149147633594428e-03	-3.7928951969916823e-05
-8.0994185600361845e-01	-4.6270913192706662e-03	-3.7928951861014698e-05
-8.0380593285207591e-01	-4.6392678751446667e-03	-3.7928951732571191e-05
-7.9767000970053337e-01	-4.6514444309760459e-03	-3.7928951579735365e-05
-7.9153408654899082e-01	-4.6636209867542376e-03	-3.7928951397095905e-05
-7.8539816339744839e-01	-4.6757975424711684e-03	-3.7928951182146468e-05
-7.7926224024590574e-01	-4.6879740981154161e-03	-3.7928950924131803e-05
-7.7312631709436319e-01	-4.7001506536703463e-03	-3.7928950619543234e-05
-7.6699039394282054e-01	-4.7123272091244058e-03	-3.7928950256903289e-05
-7.6085447079127788e-01	-4.7245037644526190e-03	-3.7928949824895425e-05
-7.5471854763973545e-01	-4.7366803196358066e-03	-3.7928949313708128e-05
-7.4858262448819290e-01	-4.7488568746450544e-03	-3.7928948703929340e-05
-7.4244670133665036e-01	-4.7610334294462802e-03	-3.7928947980387277e-05
-7.3631077818510771e-01	-4.7732099840027574e-03	-3.7928947120943807e-05
-7.3017485503356516e-01	-4.7853865382670958e-03	-3.7928946098149890e-05
-7.2403893188202262e-01	-4.7975630921828884e-03	-3.7928944883770544e-05
-7.1790300873048007e-01	-4.8097396456880217e-03	-3.7928943440667576e-05
-7.1176708557893753e-01	-4.8219161987012081e-03	-3.7928941724194644e-05
-7.0563116242739499e-01	-4.8340927511320774e-03	-3.7928939686315922e-05
-6.9949523927585233e-01	-4.8462693028708623e-03	-3.7928937262827544e-05
-6.9335931612430979e-01	-4.8584458537857403e-03	-3.7928934383310539e-05
-6.8722339297276724e-01	-4.8706224037226974e-03	-3.7928930961304784e-05
-6.8108746982122470e-01	-4.8827989524975694e-03	-3.7928926894448293e-05
-6.7495154666968216e-01	-4.8949754998900766e-03	-3.7928922060542577e-05
-6.6881562351813950e-01	-4.9071520456409751e-03	-3.7928916317340134e-05
-6.6267970036659696e-01	-4.9193285894411709e-03	-3.7928909490140711e-05
-6.5654377721505441e-01	-4.9315051309208628e-03	-3.7928901377685003e-05
-6.5040785406351198e-01	-4.9436816696463090e-03	-3.7928891736530761e-05
-6.4427193091196933e-01	-4.9558582050952338e-03	-3.7928880277660315e-05
-6.3813600776042678e-01	-4.9680347366518728e-03	-3.7928866661033263e-05
-6.3200008460888413e-01	-4.9802112635833643e-03	-3.7928850477556551e-05
-6.2586416145734158e-01	-4.9923877850160401e-03	-3.7928831244643884e-05
-6.1972823830579904e-01	-5.0045642999161054e-03	-3.7928808388582460e-05
-6.1359231515425650e-01	-5.0167408070513515e-03	-3.7928781224179063e-05
-6.0745639200271395e-01	-5.0289173049581247e-03	-3.7928748942505385e-05
-6.0132046885117130e-01	-5.0410937918995572e-03	-3.7928710577103797e-05
-5.9518454569962886e-01	-5.0532702658065663e-03	-3.7928664982269438e-05
-5.8904862254808610e-01	-5.0654467242255289e-03	-3.7928610796624413e-05
-5.8291269939654355e-01	-5.0776231642366111e-03	-3.7928546399507671e-05
-5.7677677624500112e-01	-5.0897995823710445e-03	-3.7928469868668937e-05
-5.7064085309345847e-01	-5.1019759745076125e-03	-3.7928378916651135e-05
-5.6450492994191592e-01	-5.1141523357460337e-03	-3.7928270826143589e-05
-5.5836900679037338e-01	-5.1263286602650513e-03	-3.7928142368829440e-05
-5.5223308363883084e-01	-5.1385049411454553e-03	-3.7927989705850698e-05
-5.4609716048728829e-01	-5.1506811701638360e-03	-3.7927808277617713e-05
-5.3996123733574575e-01	-5.1628573375490650e-03	-3.7927592663672158e-05
-5.3382531418420309e-01	-5.1750334316870488e-03	-3.7927336422934037e-05
-5.2768939103266055e-01	-5.1872094387770988e-03	-3.7927031900654418e-05
-5.2155346788111800e-01	-5.1993853424171831e-03	-3.7926669999353709e-05
-5.1541754472957546e-01	-5.2115611231156826e-03	-3.7926239907137676e-05
-5.0928162157803292e-01	-5.2237367577072109e-03	-3.7925728774513935e-05
-5.0314569842649037e-01	-5.2359122186624273e-03	-3.7925121330476645e-05
-4.9700977527494766e-01	-5.2480874732629568e-03	-3.7924399425439052e-05
-4.9087385212340517e-01	-5.2602624826255159e-03	-3.7923541490717150e-05
-4.8473792897186263e-01	-5.2724372005390450e-03	-3.7922521892254043e-05
-4.7860200582032003e-01	-5.2846115720838263e-03	-3.7921310166966883e-05
-4.7246608266877754e-01	-5.2967855319915368e-03	-3.7919870112192435e-05
-4.6633015951723489e-01	-5.3089590026953199e-03	-3.7918158704465902e-05
-4.6019423636569234e-01	-5.3211318920126909e-03	-3.7916124814443300e-05
-4.5405831321414980e-01	-5.3333040903930130e-03	-3.7913707679244003e-05
-4.4792239006260720e-01	-5.3454754676438348e-03	-3.7910835085454415e-05
-4.4178646691106466e-01	-5.3576458690413886e-03	-3.7907421212600858e-05
-4.3565054375952217e-01	-5.3698151107076358e-03	-3.7903364067115728e-05
-4.2951462060797951e-01	-5.3819829741145733e-03	-3.7898542437109290e-05
-4.2337869745643697e-01	-5.3941491995563428e-03	-3.7892812271635664e-05
-4.1724277430489443e-01	-5.4063134783894976e-03	-3.7886002379623296e-05
-4.1110685115335188e-01	-5.4184754438153489e-03	-3.7877909316255821e-05
-4.0497092800180928e-01	-5.4306346599216522e-03	-3.7868291306053082e-05
-3.9883500485026663e-01	-5.4427906086636710e-03	-3.7856861019216345e-05
-3.9269908169872408e-01	-5.4549426743838083e-03	-3.7843276987087817e-05
-3.8656315854718160e-01	-5.4670901254207285e-03	-3.7827133405789530e-05
-3.8042723539563900e-01	-5.4792320922488879e-03	-3.7807948017003345e-05
-3.7429131224409640e-01	-5.4913675415079284e-03	-3.7785147712929993e-05
-3.6815538909255391e-01	-5.5034952451377822e-03	-3.7758051421257524e-05
-3.6201946594101131e-01	-5.5156137437013262e-03	-3.7725849771285452e-05
-3.5588354278946877e-01	-5.5277213027892392e-03	-3.7687580925273232e-05
-3.4974761963792622e-01	-5.5398158612158530e-03	-3.7642101878622979e-05
-3.4361169648638362e-01	-5.5518949694642163e-03	-3.7588054351697371e-05
-3.3747577333484102e-01	-5.5639557165433999e-03	-3.7523824275582576e-05
-3.3133985018329848e-01	-5.5759946430781583e-03	-3.7447493639294015e-05
-3.2520392703175588e-01	-5.5880076380149550e-03	-3.7356783296622788e-05
-3.1906800388021334e-01	-5.5999898158898172e-03	-3.7248985044856691e-05
-3.1293208072867085e-01	-5.6119353710255221e-03	-3.7120880963604431e-05
-3.0679615757712825e-01	-5.6238374042984944e-03	-3.6968647572631453e-05
-3.0066023442558570e-01	-5.6356877172695644e-03	-3.6787742061397998e-05
-2.9452431127404310e-01	-5.6474765676653429e-03	-3.6572767243008202e-05
-2.8838838812250062e-01	-5.6591923789000471e-03	-3.6317311207223069e-05
-2.8225246497095796e-01	-5.6708213950018216e-03	-3.6013757046920997e-05
-2.7611654181941536e-01	-5.6823472707742354e-03	-3.5653057147923877e-05
-2.6998061866787282e-01	-5.6937505850996398e-03	-3.5224465462889938e-05
-2.6384469551633033e-01	-5.7050082629731729e-03	-3.4715220106170563e-05
-2.5770877236478773e-01	-5.7160928893351757e-03	-3.4110167257064031e-05
-2.5157284921324513e-01	-5.7269718945745359e-03	-3.3391315707007174e-05
-2.4543692606170259e-01	-5.7376065879030094e-03	-3.2537309641841752e-05
-2.3930100291016002e-01	-5.7479510105078535e-03	-3.1522805153970738e-05
-2.3316507975861744e-01	-5.7579505753341661e-03	-3.0317733573316459e-05
-2.2702915660707490e-01	-5.7675404543561298e-03	-2.8886432077566845e-05
-2.2089323345553236e-01	-5.7766436674045844e-03	-2.7186619090611556e-05
-2.1475731030398976e-01	-5.7851688184872851e-03	-2.5168188680172848e-05
-2.0862138715244721e-01	-5.7930074163434079e-03	-2.2771794882015687e-05
-2.0248546400090464e-01	-5.8000307053530428e-03	-1.9927193271652589e-05
-1.9634954084936207e-01	-5.8060859207840505e-03	-1.6551303876799413e-05
-1.9021361769781950e-01	-5.8109918687765305e-03	-1.2545956670345225e-05
-1.8407769454627693e-01	-5.8145337163271974e-03	-7.7952791784548721e-06
-1.7794177139473438e-01	-5.8164568600648408e-03	-2.1626858094659437e-06
-1.7180584824319181e-01	-5.8164597251249223e-03	 4.5125681907622727e-06
-1.6566992509164927e-01	-5.8141853277140975e-03	 1.2419297300897346e-05
-1.5953400194010672e-01	-5.8092114179221317e-03	 2.1778774497897050e-05
-1.5339807878856412e-01	-5.8010390052853789e-03	 3.2849585746921788e-05
-1.4726215563702158e-01	-5.7890790609305886e-03	 4.5932895857772310e-05
-1.4112623248547898e-01	-5.7726371917618544e-03	 6.1378006986742965e-05
-1.3499030933393641e-01	-5.7508961004490216e-03	 7.9587995633347694e-05
-1.2885438618239387e-01	-5.7228956897632721e-03	 1.0102507534461130e-04
-1.2271846303085131e-01	-5.6875107554735741e-03	 1.2621513591381075e-04
-1.1658253987930872e-01	-5.6434263586844207e-03	 1.5575063716310794e-04
-1.1044661672776616e-01	-5.5891112055799505e-03	 1.9029066540699800e-04
-1.0431069357622361e-01	-5.5227897304609445e-03	 2.3055647208064750e-04
-9.8174770424681035e-02	-5.4424141329972109e-03	 2.7732018942764903e-04
-9.2038847273138463e-02	-5.3456384382726454e-03	 3.3138365576281241e-04
-8.5902924121595906e-02	-5.2297978260045846e-03	 3.9354341391417745e-04
-7.9767000970053348e-02	-5.0918981320254028e-03	 4.6453706930903974e-04
-7.3631077818510776e-02	-4.9286226865819299e-03	 5.4496552587449869e-04
-6.7495154666968205e-02	-4.7363666151848394e-03	 6.3518557225485106e-04
-6.1359231515425654e-02	-4.5113123589534138e-03	 7.3516857792222995e-04
-5.5223308363883082e-02	-4.2495641293575706e-03	 8.4432477848611891e-04
-4.9087385212340517e-02	-3.9473622967907285e-03	 9.6130027419671254e-04
-4.2951462060797953e-02	-3.6013991439940245e-03	 1.0837670340299249e-03
-3.6815538909255388e-02	-3.2092510553884623e-03	 1.2082456732155358e-03
-3.0679615757712820e-02	-2.7699232629636284e-03	 1.3300245454399202e-03
-2.4543692606170259e-02	-2.2844657103802484e-03	 1.4432589259768026e-03
-1.8407769454627694e-02	-1.7565614034206276e-03	 1.5413345987222544e-03
-1.2271846303085129e-02	-1.1929249751692810e-03	 1.6175391476297748e-03
-6.1359231515425638e-03	-6.0331423091917330e-04	 1.6659881809928743e-03
 0.0000000000000000e+00	 6.4035954293638598e-14	 1.6826220501532342e-03
 6.1359231515425638e-03	 6.0331423104564288e-04	 1.6659881809858953e-03
 1.2271846303085129e-02	 1.1929249752916119e-03	 1.6175391476164200e-03
 1.8407769454627694e-02	 1.7565614035362075e-03	 1.5413345987036074e-03
 2.4543692606170259e-02	 2.2844657104875853e-03	 1.4432589259542319e-03
 3.0679615757712820e-02	 2.7699232630613740e-03	 1.3300245454148602e-03
 3.6815538909255388e-02	 3.2092510554763915e-03	 1.2082456731893252e-03
 4.2951462060797953e-02	 3.6013991440718967e-03	 1.0837670340036821e-03
 4.9087385212340517e-02	 3.9473622968591851e-03	 9.6130027417130903e-04
 5.5223308363883082e-02	 4.2495641294169762e-03	 8.4432477846215588e-04
 6.1359231515425654e-02	 4.5113123590047859e-03	 7.3516857790009813e-04
 6.7495154666968205e-02	 4.7363666152287400e-03	 6.3518557223473803e-04
 7.3631077818510776e-02	 4.9286226866194337e-03	 5.4496552585647448e-04
 7.9767000970053348e-02	 5.0918981320570451e-03	 4.6453706929305198e-04
 8.5902924121595906e-02	 5.2297978260313488e-03	 3.9354341390013281e-04
 9.2038847273138463e-02	 5.3456384382949522e-03	 3.3138365575055486e-04
 9.8174770424681035e-02	 5.4424141330159034e-03	 2.7732018941702396e-04
 1.0431069357622361e-01	 5.5227897304763090e-03	 2.3055647207147694e-04
 1.1044661672776616e-01	 5.5891112055926929e-03	 1.9029066539911921e-04
 1.1658253987930872e-01	 5.6434263586946989e-03	 1.5575063715636135e-04
 1.2271846303085131e-01	 5.6875107554819832e-03	 1.2621513590804786e-04
 1.2885438618239387e-01	 5.7228956897698649e-03	 1.0102507533970556e-04
 1.3499030933393641e-01	 5.7508961004543047e-03	 7.9587995629172283e-05
 1.4112623248547898e-01	 5.7726371917657931e-03	 6.1378006983204522e-05
 1.4726215563702158e-01	 5.7890790609336279e-03	 4.5932895854767139e-05
 1.5339807878856412e-01	 5.8010390052874155e-03	 3.2849585744383874e-05
 1.5953400194010672e-01	 5.8092114179235672e-03	 2.1778774495744648e-05
 1.6566992509164927e-01	 5.8141853277147767e-03	 1.2419297299083583e-05
 1.7180584824319181e-01	 5.8164597251252163e-03	 4.5125681892263250e-06
 1.7794177139473438e-01	 5.8164568600645545e-03	-2.1626858107593994e-06
 1.8407769454627693e-01	 5.8145337163266787e-03	-7.7952791795473363e-06
 1.9021361769781950e-01	 5.8109918687755573e-03	-1.2545956671266814e-05
 1.9634954084936207e-01	 5.8060859207829541e-03	-1.6551303877574211e-05
 2.0248546400090464e-01	 5.8000307053515830e-03	-1.9927193272308874e-05
 2.0862138715244721e-01	 5.7930074163418995e-03	-2.2771794882564226e-05
 2.1475731030398976e-01	 5.7851688184854802e-03	-2.5168188680639570e-05
 2.2089323345553236e-01	 5.7766436674027864e-03	-2.7186619091000097e-05
 2.2702915660707490e-01	 5.7675404543540811e-03	-2.8886432077897676e-05
 2.3316507975861744e-01	 5.7579505753321625e-03	-3.0317733573592649e-05
 2.3930100291016002e-01	 5.7479510105056305e-03	-3.1522805154204282e-05
 2.4543692606170259e-01	 5.7376065879008601e-03	-3.2537309642038583e-05
 2.5157284921324513e-01	 5.7269718945721889e-03	-3.3391315707171681e-05
 2.5770877236478773e-01	 5.7160928893329249e-03	-3.4110167257203893e-05
 2.6384469551633033e-01	 5.7050082629707339e-03	-3.4715220106287250e-05
 2.6998061866787282e-01	 5.6937505850973204e-03	-3.5224465462988438e-05
 2.7611654181941536e-01	 5.6823472707717322e-03	-3.5653057148007808e-05
 2.8225246497095796e-01	 5.6708213949994519e-03	-3.6013757046989037e-05
 2.8838838812250062e-01	 5.6591923788974980e-03	-3.6317311207284618e-05
 2.9452431127404310e-01	 5.6474765676629369e-03	-3.6572767243054044e-05
 3.0066023442558570e-01	 5.6356877172669840e-03	-3.6787742061443941e-05
 3.0679615757712825e-01	 5.6238374042960624e-03	-3.6968647572661722e-05
 3.1293208072867085e-01	 5.6119353710229200e-03	-3.7120880963639038e-05
 3.1906800388021334e-01	 5.5999898158873686e-03	-3.7248985044876179e-05
 3.2520392703175588e-01	 5.5880076380123329e-03	-3.7356783296649364e-05
 3.3133985018329848e-01	 5.5759946430756994e-03	-3.7447493639305467e-05
 3.3747577333484102e-01	 5.5639557165407666e-03	-3.7523824275604193e-05
 3.4361169648638362e-01	 5.5518949694617504e-03	-3.7588054351701789e-05
 3.4974761963792622e-01	 5.5398158612132101e-03	-3.7642101878642366e-05
 3.5588354278946877e-01	 5.5277213027867672e-03	-3.7687580925271429e-05
 3.6201946594101131e-01	 5.5156137436986764e-03	-3.7725849771304425e-05
 3.6815538909255391e-01	 5.5034952451353068e-03	-3.7758051421250599e-05
 3.7429131224409640e-01	 5.4913675415052743e-03	-3.7785147712949069e-05
 3.8042723539563900e-01	 5.4792320922464098e-03	-3.7807948016993072e-05
 3.8656315854718160e-01	 5.4670901254180726e-03	-3.7827133405807907e-05
 3.9269908169872408e-01	 5.4549426743813294e-03	-3.7843276987075749e-05
 3.9883500485026663e-01	 5.4427906086610117e-03	-3.7856861019234119e-05
 4.0497092800180928e-01	 5.4306346599191733e-03	-3.7868291306039719e-05
 4.1110685115335188e-01	 5.4184754438126861e-03	-3.7877909316273378e-05
 4.1724277430489443e-01	 5.4063134783870221e-03	-3.7886002379608130e-05
 4.2337869745643697e-01	 5.3941491995536757e-03	-3.7892812271654901e-05
 4.2951462060797951e-01	 5.3819829741120987e-03	-3.7898542437090981e-05
 4.3565054375952217e-01	 5.3698151107049652e-03	-3.7903364067137954e-05
 4.4178646691106466e-01	 5.3576458690389140e-03	-3.7907421212578375e-05
 4.4792239006260720e-01	 5.3454754676411607e-03	-3.7910835085480572e-05
 4.5405831321414980e-01	 5.3333040903905385e-03	-3.7913707679216959e-05
 4.6019423636569234e-01	 5.3211318920100186e-03	-3.7916124814473157e-05
 4.6633015951723489e-01	 5.3089590026928462e-03	-3.7918158704435131e-05
 4.7246608266877754e-01	 5.2967855319888636e-03	-3.7919870112225076e-05
 4.7860200582032003e-01	 5.2846115720813517e-03	-3.7921310166933795e-05
 4.8473792897186263e-01	 5.2724372005363727e-03	-3.7922521892288162e-05
 4.9087385212340517e-01	 5.2602624826230413e-03	-3.7923541490682550e-05
 4.9700977527494766e-01	 5.2480874732602819e-03	-3.7924399425474715e-05
 5.0314569842649037e-01	 5.2359122186599544e-03	-3.7925121330440249e-05
 5.0928162157803292e-01	 5.2237367577045359e-03	-3.7925728774551550e-05
 5.1541754472957546e-01	 5.2115611231132106e-03	-3.7926239907098625e-05
 5.2155346788111800e-01	 5.1993853424145064e-03	-3.7926669999394475e-05
 5.2768939103266055e-01	 5.1872094387746311e-03	-3.7927031900611734e-05
 5.3382531418420309e-01	 5.1750334316843704e-03	-3.7927336422978706e-05
 5.3996123733574575e-01	 5.1628573375465956e-03	-3.7927592663625111e-05
 5.4609716048728829e-01	 5.1506811701611558e-03	-3.7927808277666705e-05
 5.5223308363883084e-01	 5.1385049411429859e-03	-3.7927989705799273e-05
 5.5836900679037338e-01	 5.1263286602623729e-03	-3.7928142368882518e-05
 5.6450492994191592e-01	 5.1141523357435652e-03	-3.7928270826088206e-05
 5.7064085309345847e-01	 5.1019759745049333e-03	-3.7928378916707791e-05
 5.7677677624500112e-01	 5.0897995823685751e-03	-3.7928469868610647e-05
 5.8291269939654355e-01	 5.0776231642339336e-03	-3.7928546399566888e-05
 5.8904862254808610e-01	 5.0654467242230586e-03	-3.7928610796563772e-05
 5.9518454569962886e-01	 5.0532702658038905e-03	-3.7928664982331210e-05
 6.0132046885117130e-01	 5.0410937918970861e-03	-3.7928710577040378e-05
 6.0745639200271395e-01	 5.0289173049554462e-03	-3.7928748942570376e-05
 6.1359231515425650e-01	 5.0167408070488830e-03	-3.7928781224111585e-05
 6.1972823830579904e-01	 5.0045642999134261e-03	-3.7928808388652168e-05
 6.2586416145734158e-01	 4.9923877850135724e-03	-3.7928831244570877e-05
 6.3200008460888413e-01	 4.9802112635806859e-03	-3.7928850477632431e-05
 6.3813600776042678e-01	 4.9680347366494060e-03	-3.7928866660953987e-05
 6.4427193091196933e-01	 4.9558582050925554e-03	-3.7928880277742545e-05
 6.5040785406351198e-01	 4.9436816696438362e-03	-3.7928891736445333e-05
 6.5654377721505441e-01	 4.9315051309181896e-03	-3.7928901377772484e-05
 6.6267970036659696e-01	 4.9193285894386946e-03	-3.7928909490051142e-05
 6.6881562351813950e-01	 4.9071520456383053e-03	-3.7928916317430678e-05
 6.7495154666968216e-01	 4.8949754998875977e-03	-3.7928922060450995e-05
 6.8108746982122470e-01	 4.8827989524949031e-03	-3.7928926894540118e-05
 6.8722339297276724e-01	 4.8706224037202168e-03	-3.7928930961212186e-05
 6.9335931612430979e-01	 4.8584458537830749e-03	-3.7928934383403672e-05
 6.9949523927585233e-01	 4.8462693028683817e-03	-3.7928937262733198e-05
 7.0563116242739499e-01	 4.8340927511294129e-03	-3.7928939686411657e-05
 7.1176708557893753e-01	 4.8219161986987284e-03	-3.7928941724096714e-05
 7.1790300873048007e-01	 4.8097396456853563e-03	-3.7928943440767648e-05
 7.2403893188202262e-01	 4.7975630921804086e-03	-3.7928944883667511e-05
 7.3017485503356516e-01	 4.7853865382644330e-03	-3.7928946098255532e-05
 7.3631077818510771e-01	 4.7732099840002741e-03	-3.7928947120835115e-05
 7.4244670133665036e-01	 4.7610334294436209e-03	-3.7928947980498137e-05
 7.4858262448819290e-01	 4.7488568746425668e-03	-3.7928948703816244e-05
 7.5471854763973545e-01	 4.7366803196331516e-03	-3.7928949313822884e-05
 7.6085447079127788e-01	 4.7245037644501279e-03	-3.7928949824778718e-05
 7.6699039394282054e-01	 4.7123272091217526e-03	-3.7928950257021108e-05
 7.7312631709436319e-01	 4.7001506536678526e-03	-3.7928950619423782e-05
 7.7926224024590574e-01	 4.6879740981127654e-03	-3.7928950924253030e-05
 7.8539816339744839e-01	 4.6757975424686722e-03	-3.7928951182023608e-05
 7.9153408654899082e-01	 4.6636209867515904e-03	-3.7928951397221164e-05
 7.9767000970053337e-01	 4.6514444309735470e-03	-3.7928951579608249e-05
 8.0380593285207591e-01	 4.6392678751420221e-03	-3.7928951732701350e-05
 8.0994185600361845e-01	 4.6270913192681656e-03	-3.7928951860883069e-05
 8.1607777915516100e-01	 4.6149147633568035e-03	-3.7928951970051474e-05
 8.2221370230670354e-01	 4.6027382074141912e-03	-3.7928952060490225e-05
 8.2834962545824620e-01	 4.5905616514466448e-03	-3.7928952137571653e-05
 8.3448554860978885e-01	 4.5783850954556190e-03	-3.7928952202234738e-05
 8.4062147176133140e-01	 4.5662085394475868e-03	-3.7928952255997037e-05
 8.4675739491287394e-01	 4.5540319834231425e-03	-3.7928952302525262e-05
 8.5289331806441637e-01	 4.5418554273857084e-03	-3.7928952340106121e-05
 8.5902924121595903e-01	 4.5296788713380378e-03	-3.7928952373182148e-05
 8.6516516436750157e-01	 4.5175023152797230e-03	-3.7928952399994942e-05
 8.7130108751904423e-01	 4.5053257592153409e-03	-3.7928952422970704e-05
 8.7743701067058666e-01	 4.4931492031427085e-03	-3.7928952442497707e-05
 8.8357293382212931e-01	 4.4809726470659752e-03	-3.7928952458260523e-05
 8.8970885697367186e-01	 4.4687960909836465e-03	-3.7928952472446380e-05
 8.9584478012521440e-01	 4.4566195348979005e-03	-3.7928952483444689e-05
 9.0198070327675706e-01	 4.4444429788087665e-03	-3.7928952493455284e-05
 9.0811662642829971e-01	 4.4322664227167676e-03	-3.7928952501424969e-05
 9.1425254957984214e-01	 4.4200898666225509e-03	-3.7928952508256371e-05
 9.2038847273138458e-01	 4.4079133105264477e-03	-3.7928952514146205e-05
 9.2652439588292723e-01	 4.3957367544283357e-03	-3.7928952518816548e-05
 9.3266031903446978e-01	 4.3835601983295367e-03	-3.7928952523025278e-05
 9.3879624218601254e-01	 4.3713836422285693e-03	-3.7928952526439377e-05
 9.4493216533755497e-01	 4.3592070861278353e-03	-3.7928952529177401e-05
 9.5106808848909752e-01	 4.3470305300249874e-03	-3.7928952531937834e-05
 9.5720401164064017e-01	 4.3348539739226644e-03	-3.7928952533479406e-05
 9.6333993479218272e-01	 4.3226774178187393e-03	-3.7928952535833074e-05
 9.6947585794372526e-01	 4.3105008617150406e-03	-3.7928952536570826e-05
 9.7561178109526792e-01	 4.2983243056105621e-03	-3.7928952538506947e-05
 9.8174770424681035e-01	 4.2861477495057436e-03	-3.7928952538869138e-05
 9.8788362739835278e-01	 4.2739711934009434e-03	-3.7928952540280512e-05
 9.9401955054989533e-01	 4.2617946372953460e-03	-3.7928952540610977e-05
 1.0001554737014380e+00	 4.2496180811902214e-03	-3.7928952541440595e-05
 1.0062913968529805e+00	 4.2374415250842380e-03	-3.7928952541910169e-05
 1.0124273200045231e+00	 4.2252649689786771e-03	-3.7928952542232652e-05
 1.0185632431560658e+00	 4.2130884128726417e-03	-3.7928952542819829e-05
 1.0246991663076084e+00	 4.2009118567665595e-03	-3.7928952542840869e-05
 1.0308350894591509e+00	 4.1887353006606629e-03	-3.7928952543386087e-05
 1.0369710126106935e+00	 4.1765587445540915e-03	-3.7928952543369221e-05
 1.0431069357622360e+00	 4.1643821884483441e-03	-3.7928952543682921e-05
 1.0492428589137786e+00	 4.1522056323414517e-03	-3.7928952543840117e-05
 1.0553787820653213e+00	 4.1400290762357208e-03	-3.7928952543816603e-05
 1.0615147052168636e+00	 4.1278525201287383e-03	-3.7928952544220746e-05
 1.0676506283684062e+00	 4.1156759640228503e-03	-3.7928952543897173e-05
 1.0737865515199487e+00	 4.1034994079159736e-03	-3.7928952544473000e-05
 1.0799224746714913e+00	 4.0913228518098315e-03	-3.7928952543996330e-05
 1.0860583978230340e+00	 4.0791462957031318e-03	-3.7928952544594410e-05
 1.0921943209745768e+00	 4.0669697395967572e-03	-3.7928952544127959e-05
 1.0983302441261191e+00	 4.0547931834901876e-03	-3.7928952544624009e-05
 1.1044661672776617e+00	 4.0426166273836812e-03	-3.7928952544265937e-05
 1.1106020904292042e+00	 4.0304400712771454e-03	-3.7928952544614515e-05
 1.1167380135807468e+00	 4.0182635151706147e-03	-3.7928952544379711e-05
 1.1228739367322893e+00	 4.0060869590640329e-03	-3.7928952544603097e-05
 1.1290098598838318e+00	 3.9939104029575526e-03	-3.7928952544457116e-05
 1.1351457830353744e+00	 3.9817338468508788e-03	-3.7928952544602677e-05
 1.1412817061869169e+00	 3.9695572907444843e-03	-3.7928952544501623e-05
 1.1474176293384595e+00	 3.9573807346376944e-03	-3.7928952544616067e-05
 1.1535535524900022e+00	 3.9452041785314170e-03	-3.7928952544513047e-05
 1.1596894756415448e+00	 3.9330276224244865e-03	-3.7928952544655552e-05
 1.1658253987930873e+00	 3.9208510663183462e-03	-3.7928952544477662e-05
 1.1719613219446299e+00	 3.9086745102112821e-03	-3.7928952544742329e-05
 1.1780972450961724e+00	 3.8964979541052402e-03	-3.7928952544383038e-05
 1.1842331682477150e+00	 3.8843213979981232e-03	-3.7928952544875456e-05
 1.1903690913992575e+00	 3.8721448418920510e-03	-3.7928952544255278e-05
 1.1965050145507998e+00	 3.8599682857850537e-03	-3.7928952545004780e-05
 1.2026409377023426e+00	 3.8477917296787655e-03	-3.7928952544166374e-05
 1.2087768608538849e+00	 3.8356151735720575e-03	-3.7928952545053278e-05
 1.2149127840054279e+00	 3.8234386174654366e-03	-3.7928952544184426e-05
 1.2210487071569704e+00	 3.8112620613590538e-03	-3.7928952544981362e-05
 1.2271846303085130e+00	 3.7990855052521585e-03	-3.7928952544310261e-05
 1.2333205534600555e+00	 3.7869089491459574e-03	-3.7928952544829973e-05
 1.2394564766115981e+00	 3.7747323930389909e-03	-3.7928952544471922e-05
 1.2455923997631406e+00	 3.7625558369327470e-03	-3.7928952544686459e-05
 1.2517283229146834e+00	 3.7503792808259240e-03	-3.7928952544585059e-05
 1.2578642460662257e+00	 3.7382027247194645e-03	-3.7928952544619265e-05
 1.2640001692177683e+00	 3.7260261686128879e-03	-3.7928952544606424e-05
 1.2701360923693108e+00	 3.7138496125061825e-03	-3.7928952544644297e-05
 1.2762720155208533e+00	 3.7016730563998214e-03	-3.7928952544545987e-05
 1.2824079386723961e+00	 3.6894965002929546e-03	-3.7928952544729847e-05
 1.2885438618239387e+00	 3.6773199441866868e-03	-3.7928952544452671e-05
 1.2946797849754810e+00	 3.6651433880797958e-03	-3.7928952544817559e-05
 1.3008157081270237e+00	 3.6529668319734959e-03	-3.7928952544383221e-05
 1.3069516312785661e+00	 3.6407902758666716e-03	-3.7928952544865047e-05
 1.3130875544301088e+00	 3.6286137197602932e-03	-3.7928952544355967e-05
 1.3192234775816516e+00	 3.6164371636535362e-03	-3.7928952544881344e-05
 1.3253594007331939e+00	 3.6042606075471135e-03	-3.7928952544340591e-05
 1.3314953238847365e+00	 3.5920840514403812e-03	-3.7928952544905637e-05
 1.3376312470362790e+00	 3.5799074953339369e-03	-3.7928952544304108e-05
 1.3437671701878215e+00	 3.5677309392272405e-03	-3.7928952544953118e-05
 1.3499030933393643e+00	 3.5555543831207320e-03	-3.7928952544252839e-05
 1.3560390164909069e+00	 3.5433778270141376e-03	-3.7928952544999874e-05
 1.3621749396424494e+00	 3.5312012709074860e-03	-3.7928952544219323e-05
 1.3683108627939919e+00	 3.5190247148010685e-03	-3.7928952545013224e-05
 1.3744467859455345e+00	 3.5068481586942204e-03	-3.7928952544230721e-05
 1.3805827090970770e+00	 3.4946716025880072e-03	-3.7928952544975134e-05
 1.3867186322486196e+00	 3.4824950464809601e-03	-3.7928952544296763e-05
 1.3928545554001621e+00	 3.4703184903749221e-03	-3.7928952544882896e-05
 1.3989904785517047e+00	 3.4581419342677440e-03	-3.7928952544411092e-05
 1.4051264017032472e+00	 3.4459653781617767e-03	-3.7928952544754784e-05
 1.4112623248547900e+00	 3.4337888220545999e-03	-3.7928952544541284e-05
 1.4173982480063327e+00	 3.4216122659485523e-03	-3.7928952544637534e-05
 1.4235341711578751e+00	 3.4094357098415299e-03	-3.7928952544630507e-05
 1.4296700943094176e+00	 3.3972591537352720e-03	-3.7928952544588731e-05
 1.4358060174609601e+00	 3.3850825976284834e-03	-3.7928952544633109e-05
 1.4419419406125029e+00	 3.3729060415220052e-03	-3.7928952544630155e-05
 1.4480778637640452e+00	 3.3607294854153891e-03	-3.7928952544559024e-05
 1.4542137869155878e+00	 3.3485529293088151e-03	-3.7928952544719080e-05
 1.4603497100671303e+00	 3.3363763732022042e-03	-3.7928952544476320e-05
 1.4664856332186729e+00	 3.3241998170957078e-03	-3.7928952544776400e-05
 1.4726215563702154e+00	 3.3120232609889621e-03	-3.7928952544458017e-05
 1.4787574795217582e+00	 3.2998467048826192e-03	-3.7928952544751125e-05
 1.4848934026733007e+00	 3.2876701487757425e-03	-3.7928952544521694e-05
 1.4910293258248433e+00	 3.2754935926694751e-03	-3.7928952544662532e-05
 1.4971652489763858e+00	 3.2633170365626023e-03	-3.7928952544616196e-05
 1.5033011721279284e+00	 3.2511404804562447e-03	-3.7928952544582287e-05
 1.5094370952794709e+00	 3.2389639243495375e-03	-3.7928952544664673e-05
 1.5155730184310134e+00	 3.2267873682429644e-03	-3.7928952544576710e-05
 1.5217089415825558e+00	 3.2146108121364862e-03	-3.7928952544623900e-05
 1.5278448647340985e+00	 3.2024342560297084e-03	-3.7928952544658954e-05
 1.5339807878856411e+00	 3.1902576999233755e-03	-3.7928952544511997e-05
 1.5401167110371838e+00	 3.1780811438165317e-03	-3.7928952544784511e-05
 1.5462526341887264e+00	 3.1659045877101785e-03	-3.7928952544390573e-05
 1.5523885573402689e+00	 3.1537280316034410e-03	-3.7928952544886135e-05
 1.5585244804918115e+00	 3.1415514754969112e-03	-3.7928952544321157e-05
 1.5646604036433540e+00	 3.1293749193903922e-03	-3.7928952544917197e-05
 1.5707963267948966e+00	 3.1171983632836326e-03	-3.7928952544329248e-05
 1.5769322499464391e+00	 3.1050218071773292e-03	-3.7928952544874520e-05
 1.5830681730979816e+00	 3.0928452510703905e-03	-3.7928952544397085e-05
 1.5892040962495240e+00	 3.0806686949642133e-03	-3.7928952544792758e-05
 1.5953400194010667e+00	 3.0684921388572073e-03	-3.7928952544480616e-05
 1.6014759425526093e+00	 3.0563155827510432e-03	-3.7928952544717650e-05
 1.6076118657041520e+00	 3.0441390266440650e-03	-3.7928952544539861e-05
 1.6137477888556946e+00	 3.0319624705378496e-03	-3.7928952544676694e-05
 1.6198837120072371e+00	 3.0197859144309286e-03	-3.7928952544563578e-05
 1.6260196351587797e+00	 3.0076093583246651e-03	-3.7928952544664131e-05
 1.6321555583103224e+00	 2.9954328022177711e-03	-3.7928952544572380e-05
 1.6382914814618650e+00	 2.9832562461115054e-03	-3.7928952544650111e-05
 1.6444274046134073e+00	 2.9710796900045983e-03	-3.7928952544598523e-05
 1.6505633277649499e+00	 2.9589031338983496e-03	-3.7928952544607766e-05
 1.6566992509164924e+00	 2.9467265777914351e-03	-3.7928952544656460e-05
 1.6628351740680349e+00	 2.9345500216851621e-03	-3.7928952544539604e-05
 1.6689710972195775e+00	 2.9223734655783214e-03	-3.7928952544725714e-05
 1.6751070203711202e+00	 2.9101969094719200e-03	-3.7928952544480711e-05
 1.6812429435226628e+00	 2.8980203533652583e-03	-3.7928952544762231e-05
 1.6873788666742053e+00	 2.8858437972586410e-03	-3.7928952544476056e-05
 1.6935147898257479e+00	 2.8736672411522135e-03	-3.7928952544729651e-05
 1.6996507129772904e+00	 2.8614906850453689e-03	-3.7928952544545804e-05
 1.7057866361288330e+00	 2.8493141289391306e-03	-3.7928952544628251e-05
 1.7119225592803755e+00	 2.8371375728321584e-03	-3.7928952544668122e-05
 1.7180584824319181e+00	 2.8249610167259739e-03	-3.7928952544498506e-05
 1.7241944055834606e+00	 2.8127844606190252e-03	-3.7928952544790691e-05
 1.7303303287350031e+00	 2.8006079045127430e-03	-3.7928952544395669e-05
 1.7364662518865459e+00	 2.7884313484059500e-03	-3.7928952544864566e-05
 1.7426021750380882e+00	 2.7762547922994818e-03	-3.7928952544354957e-05
 1.7487380981896310e+00	 2.7640782361928826e-03	-3.7928952544872670e-05
 1.7548740213411735e+00	 2.7519016800862314e-03	-3.7928952544373694e-05
 1.7610099444927161e+00	 2.7397251239797849e-03	-3.7928952544835218e-05
 1.7671458676442586e+00	 2.7275485678730244e-03	-3.7928952544420077e-05
 1.7732817907958012e+00	 2.7153720117666464e-03	-3.7928952544788550e-05
 1.7794177139473437e+00	 2.7031954556598504e-03	-3.7928952544459793e-05
 1.7855536370988863e+00	 2.6910188995534828e-03	-3.7928952544759290e-05
 1.7916895602504286e+00	 2.6788423434466906e-03	-3.7928952544478577e-05
 1.7978254834019713e+00	 2.6666657873403174e-03	-3.7928952544748692e-05
 1.8039614065535141e+00	 2.6544892312335214e-03	-3.7928952544485414e-05
 1.8100973297050564e+00	 2.6423126751271664e-03	-3.7928952544740588e-05
 1.8162332528565992e+00	 2.6301361190203426e-03	-3.7928952544499156e-05
 1.8223691760081417e+00	 2.6179595629140162e-03	-3.7928952544718971e-05
 1.8285050991596843e+00	 2.6057830068071689e-03	-3.7928952544528280e-05
 1.8346410223112268e+00	 2.5936064507008495e-03	-3.7928952544685917e-05
 1.8407769454627694e+00	 2.5814298945940209e-03	-3.7928952544559878e-05
 1.8469128686143119e+00	 2.5692533384876577e-03	-3.7928952544662322e-05
 1.8530487917658545e+00	 2.5570767823808924e-03	-3.7928952544569528e-05
 1.8591847149173970e+00	 2.5449002262744572e-03	-3.7928952544671517e-05
 1.8653206380689393e+00	 2.5327236701677587e-03	-3.7928952544541196e-05
 1.8714565612204823e+00	 2.5205471140612771e-03	-3.7928952544716356e-05
 1.8775924843720246e+00	 2.5083705579545873e-03	-3.7928952544487359e-05
 1.8837284075235674e+00	 2.4961940018481486e-03	-3.7928952544769414e-05
 1.8898643306751099e+00	 2.4840174457413616e-03	-3.7928952544447446e-05
 1.8960002538266525e+00	 2.4718408896350673e-03	-3.7928952544785040e-05
 1.9021361769781950e+00	 2.4596643335281030e-03	-3.7928952544465153e-05
 1.9082721001297376e+00	 2.4474877774219952e-03	-3.7928952544730349e-05
 1.9144080232812801e+00	 2.4353112213148648e-03	-3.7928952544555643e-05
 1.9205439464328224e+00	 2.4231346652088728e-03	-3.7928952544612381e-05
 1.9266798695843652e+00	 2.4109581091016972e-03	-3.7928952544688952e-05
 1.9328157927359080e+00	 2.3987815529956645e-03	-3.7928952544480196e-05
 1.9389517158874505e+00	 2.3866049968886203e-03	-3.7928952544803376e-05
 1.9450876390389933e+00	 2.3744284407823798e-03	-3.7928952544398711e-05
 1.9512235621905356e+00	 2.3622518846755946e-03	-3.7928952544841452e-05
 1.9573594853420782e+00	 2.3500753285690713e-03	-3.7928952544408781e-05
 1.9634954084936207e+00	 2.3378987724625615e-03	-3.7928952544785419e-05
 1.9696313316451632e+00	 2.3257222163558049e-03	-3.7928952544503574e-05
 1.9757672547967058e+00	 2.3135456602494590e-03	-3.7928952544665378e-05
 1.9819031779482483e+00	 2.3013691041426222e-03	-3.7928952544634342e-05
 1.9880391010997909e+00	 2.2891925480362655e-03	-3.7928952544540756e-05
 1.9941750242513334e+00	 2.2770159919295271e-03	-3.7928952544738765e-05
 2.0003109474028760e+00	 2.2648394358229999e-03	-3.7928952544468717e-05
 2.0064468705544187e+00	 2.2526628797164818e-03	-3.7928952544770715e-05
 2.0125827937059610e+00	 2.2404863236097109e-03	-3.7928952544480230e-05
 2.0187187168575038e+00	 2.2283097675034310e-03	-3.7928952544716783e-05
 2.0248546400090461e+00	 2.2161332113964532e-03	-3.7928952544571798e-05
 2.0309905631605889e+00	 2.2039566552903263e-03	-3.7928952544596436e-05
 2.0371264863121317e+00	 2.1917800991832705e-03	-3.7928952544709661e-05
 2.0432624094636740e+00	 2.1796035430771341e-03	-3.7928952544454439e-05
 2.0493983326152168e+00	 2.1674269869701741e-03	-3.7928952544841581e-05
 2.0555342557667591e+00	 2.1552504308638616e-03	-3.7928952544346365e-05
 2.0616701789183018e+00	 2.1430738747571492e-03	-3.7928952544914094e-05
 2.0678061020698442e+00	 2.1308973186505383e-03	-3.7928952544317539e-05
 2.0739420252213869e+00	 2.1187207625441439e-03	-3.7928952544895588e-05
 2.0800779483729293e+00	 2.1065442064372268e-03	-3.7928952544381181e-05
 2.0862138715244720e+00	 2.0943676503310982e-03	-3.7928952544794425e-05
 2.0923497946760143e+00	 2.0821910942239812e-03	-3.7928952544507626e-05
 2.0984857178275571e+00	 2.0700145381179706e-03	-3.7928952544657870e-05
 2.1046216409790999e+00	 2.0578379820108197e-03	-3.7928952544639343e-05
 2.1107575641306422e+00	 2.0456614259047696e-03	-3.7928952544543859e-05
 2.1168934872821850e+00	 2.0334848697977116e-03	-3.7928952544726845e-05
 2.1230294104337273e+00	 2.0213083136915370e-03	-3.7928952544485719e-05
 2.1291653335852700e+00	 2.0091317575846122e-03	-3.7928952544758253e-05
 2.1353012567368124e+00	 1.9969552014783183e-03	-3.7928952544473704e-05
 2.1414371798883551e+00	 1.9847786453714858e-03	-3.7928952544760374e-05
 2.1475731030398975e+00	 1.9726020892651269e-03	-3.7928952544471760e-05
 2.1537090261914402e+00	 1.9604255331583374e-03	-3.7928952544769366e-05
 2.1598449493429825e+00	 1.9482489770519485e-03	-3.7928952544452305e-05
 2.1659808724945253e+00	 1.9360724209451950e-03	-3.7928952544797501e-05
 2.1721167956460681e+00	 1.9238958648387485e-03	-3.7928952544420904e-05
 2.1782527187976104e+00	 1.9117193087320812e-03	-3.7928952544823631e-05
 2.1843886419491532e+00	 1.8995427526255202e-03	-3.7928952544408185e-05
 2.1905245651006955e+00	 1.8873661965189868e-03	-3.7928952544815519e-05
 2.1966604882522383e+00	 1.8751896404122876e-03	-3.7928952544439437e-05
 2.2027964114037806e+00	 1.8630130843058778e-03	-3.7928952544762312e-05
 2.2089323345553233e+00	 1.8508365281990891e-03	-3.7928952544507620e-05
 2.2150682577068657e+00	 1.8386599720927217e-03	-3.7928952544688166e-05
 2.2212041808584084e+00	 1.8264834159859395e-03	-3.7928952544576507e-05
 2.2273401040099512e+00	 1.8143068598795188e-03	-3.7928952544634153e-05
 2.2334760271614935e+00	 1.8021303037728273e-03	-3.7928952544608525e-05
 2.2396119503130363e+00	 1.7899537476663008e-03	-3.7928952544626265e-05
 2.2457478734645786e+00	 1.7777771915597062e-03	-3.7928952544594844e-05
 2.2518837966161214e+00	 1.7656006354531105e-03	-3.7928952544654583e-05
 2.2580197197676637e+00	 1.7534240793465497e-03	-3.7928952544561423e-05
 2.2641556429192065e+00	 1.7412475232399568e-03	-3.7928952544682766e-05
 2.2702915660707488e+00	 1.7290709671333589e-03	-3.7928952544546908e-05
 2.2764274892222915e+00	 1.7168944110268242e-03	-3.7928952544678280e-05
 2.2825634123738339e+00	 1.7047178549201697e-03	-3.7928952544571079e-05
 2.2886993355253766e+00	 1.6925412988136710e-03	-3.7928952544638876e-05
 2.2948352586769194e+00	 1.6803647427070122e-03	-3.7928952544617815e-05
 2.3009711818284617e+00	 1.6681881866004763e-03	-3.7928952544594959e-05
 2.3071071049800045e+00	 1.6560116304938995e-03	-3.7928952544648200e-05
 2.3132430281315468e+00	 1.6438350743872476e-03	-3.7928952544586468e-05
 2.3193789512830896e+00	 1.6316585182808007e-03	-3.7928952544630006e-05
 2.3255148744346319e+00	 1.6194819621740244e-03	-3.7928952544631137e-05
 2.3316507975861747e+00	 1.6073054060676767e-03	-3.7928952544563808e-05
 2.3377867207377170e+00	 1.5951288499608475e-03	-3.7928952544709762e-05
 2.3439226438892597e+00	 1.5829522938544918e-03	-3.7928952544484180e-05
 2.3500585670408021e+00	 1.5707757377477333e-03	-3.7928952544777362e-05
 2.3561944901923448e+00	 1.5585991816412577e-03	-3.7928952544438773e-05
 2.3623304133438876e+00	 1.5464226255346531e-03	-3.7928952544792670e-05
 2.3684663364954299e+00	 1.5342460694280095e-03	-3.7928952544455978e-05
 2.3746022596469727e+00	 1.5220695133215585e-03	-3.7928952544744843e-05
 2.3807381827985150e+00	 1.5098929572147978e-03	-3.7928952544527596e-05
 2.3868741059500578e+00	 1.4977164011084124e-03	-3.7928952544659726e-05
 2.3930100291016001e+00	 1.4855398450016482e-03	-3.7928952544613912e-05
 2.3991459522531429e+00	 1.4733632888952030e-03	-3.7928952544584523e-05
 2.4052818754046852e+00	 1.4611867327885553e-03	-3.7928952544667607e-05
 2.4114177985562280e+00	 1.4490101766819541e-03	-3.7928952544559241e-05
 2.4175537217077703e+00	 1.4368336205754788e-03	-3.7928952544661488e-05
 2.4236896448593130e+00	 1.4246570644687072e-03	-3.7928952544595440e-05
 2.4298255680108558e+00	 1.4124805083623806e-03	-3.7928952544600881e-05
 2.4359614911623981e+00	 1.4003039522555015e-03	-3.7928952544672364e-05
 2.4420974143139409e+00	 1.3881273961492298e-03	-3.7928952544517167e-05
 2.4482333374654832e+00	 1.3759508400423507e-03	-3.7928952544753164e-05
 2.4543692606170260e+00	 1.3637742839360326e-03	-3.7928952544447223e-05
 2.4605051837685683e+00	 1.3515977278292354e-03	-3.7928952544806541e-05
 2.4666411069201111e+00	 1.3394211717228115e-03	-3.7928952544412840e-05
 2.4727770300716534e+00	 1.3272446156161271e-03	-3.7928952544822682e-05
 2.4789129532231962e+00	 1.3150680595095982e-03	-3.7928952544411946e-05
 2.4850488763747385e+00	 1.3028915034030040e-03	-3.7928952544813344e-05
 2.4911847995262812e+00	 1.2907149472964014e-03	-3.7928952544425850e-05
 2.4973207226778240e+00	 1.2785383911898631e-03	-3.7928952544800300e-05
 2.5034566458293663e+00	 1.2663618350832221e-03	-3.7928952544434111e-05
 2.5095925689809091e+00	 1.2541852789767099e-03	-3.7928952544798985e-05
 2.5157284921324514e+00	 1.2420087228700422e-03	-3.7928952544428778e-05
 2.5218644152839942e+00	 1.2298321667635675e-03	-3.7928952544808987e-05
 2.5280003384355365e+00	 1.2176556106568482e-03	-3.7928952544418254e-05
 2.5341362615870793e+00	 1.2054790545504453e-03	-3.7928952544815228e-05
 2.5402721847386216e+00	 1.1933024984436319e-03	-3.7928952544421547e-05
 2.5464081078901644e+00	 1.1811259423373378e-03	-3.7928952544798443e-05
 2.5525440310417071e+00	 1.1689493862304099e-03	-3.7928952544454561e-05
 2.5586799541932495e+00	 1.1567728301242264e-03	-3.7928952544748123e-05
 2.5648158773447922e+00	 1.1445962740172034e-03	-3.7928952544520583e-05
 2.5709518004963345e+00	 1.1324197179110886e-03	-3.7928952544669864e-05
 2.5770877236478773e+00	 1.1202431618040321e-03	-3.7928952544606113e-05
 2.5832236467994196e+00	 1.1080666056979087e-03	-3.7928952544583297e-05
 2.5893595699509624e+00	 1.0958900495909041e-03	-3.7928952544687069e-05
 2.5954954931025047e+00	 1.0837134934846896e-03	-3.7928952544514260e-05
 2.6016314162540475e+00	 1.0715369373778102e-03	-3.7928952544739198e-05
 2.6077673394055898e+00	 1.0593603812714472e-03	-3.7928952544482364e-05
 2.6139032625571326e+00	 1.0471838251647249e-03	-3.7928952544749458e-05
 2.6200391857086753e+00	 1.0350072690582079e-03	-3.7928952544492678e-05
 2.6261751088602177e+00	 1.0228307129516270e-03	-3.7928952544721526e-05
 2.6323110320117604e+00	 1.0106541568449929e-03	-3.7928952544533559e-05
 2.6384469551633027e+00	 9.9847760073849367e-04	-3.7928952544673387e-05
 2.6445828783148455e+00	 9.8630104463181493e-04	-3.7928952544582558e-05
 2.6507188014663878e+00	 9.7412448852532852e-04	-3.7928952544629064e-05
 2.6568547246179306e+00	 9.6194793241866430e-04	-3.7928952544617049e-05
 2.6629906477694729e+00	 9.4977137631214222e-04	-3.7928952544607651e-05
 2.6691265709210157e+00	 9.3759482020552495e-04	-3.7928952544623968e-05
 2.6752624940725580e+00	 9.2541826409895680e-04	-3.7928952544614474e-05
 2.6813984172241008e+00	 9.1324170799237444e-04	-3.7928952544605537e-05
 2.6875343403756435e+00	 9.0106515188578969e-04	-3.7928952544640292e-05
 2.6936702635271859e+00	 8.8888859577920050e-04	-3.7928952544577185e-05
 2.6998061866787286e+00	 8.7671203967265034e-04	-3.7928952544665601e-05
 2.7059421098302709e+00	 8.6453548356599935e-04	-3.7928952544559688e-05
 2.7120780329818137e+00	 8.5235892745952986e-04	-3.7928952544670955e-05
 2.7182139561333560e+00	 8.4018237135278649e-04	-3.7928952544568755e-05
 2.7243498792848988e+00	 8.2800581524641414e-04	-3.7928952544646330e-05
 2.7304858024364411e+00	 8.1582925913958133e-04	-3.7928952544608166e-05
 2.7366217255879839e+00	 8.0365270303327891e-04	-3.7928952544594878e-05
 2.7427576487395262e+00	 7.9147614692640328e-04	-3.7928952544667899e-05
 2.7488935718910690e+00	 7.7929959082011322e-04	-3.7928952544531723e-05
 2.7550294950426117e+00	 7.6712303471325883e-04	-3.7928952544729366e-05
 2.7611654181941541e+00	 7.5494647860691435e-04	-3.7928952544477086e-05
 2.7673013413456968e+00	 7.4276992250014247e-04	-3.7928952544772822e-05
 2.7734372644972392e+00	 7.3059336639369119e-04	-3.7928952544448388e-05
 2.7795731876487819e+00	 7.1841681028704291e-04	-3.7928952544784538e-05
 2.7857091108003242e+00	 7.0624025418046196e-04	-3.7928952544454697e-05
 2.7918450339518670e+00	 6.9406369807394064e-04	-3.7928952544760930e-05
 2.7979809571034093e+00	 6.8188714196724552e-04	-3.7928952544493938e-05
 2.8041168802549521e+00	 6.6971058586081603e-04	-3.7928952544709437e-05
 2.8102528034064944e+00	 6.5753402975405652e-04	-3.7928952544554464e-05
 2.8163887265580372e+00	 6.4535747364765804e-04	-3.7928952544644846e-05
 2.8225246497095799e+00	 6.3318091754090361e-04	-3.7928952544618594e-05
 2.8286605728611223e+00	 6.2100436143446491e-04	-3.7928952544586238e-05
 2.8347964960126650e+00	 6.0882780532778139e-04	-3.7928952544667451e-05
 2.8409324191642074e+00	 5.9665124922124685e-04	-3.7928952544551001e-05
 2.8470683423157501e+00	 5.8447469311467945e-04	-3.7928952544686567e-05
 2.8532042654672924e+00	 5.7229813700801870e-04	-3.7928952544549612e-05
 2.8593401886188352e+00	 5.6012158090157664e-04	-3.7928952544670650e-05
 2.8654761117703775e+00	 5.4794502479480020e-04	-3.7928952544581372e-05
 2.8716120349219203e+00	 5.3576846868845388e-04	-3.7928952544626191e-05
 2.8777479580734626e+00	 5.2359191258160838e-04	-3.7928952544634295e-05
 2.8838838812250054e+00	 5.1141535647529946e-04	-3.7928952544569812e-05
 2.8900198043765482e+00	 4.9923880036845223e-04	-3.7928952544688844e-05
 2.8961557275280905e+00	 4.8706224426211202e-04	-3.7928952544522263e-05
 2.9022916506796332e+00	 4.7488568815532209e-04	-3.7928952544725233e-05
 2.9084275738311756e+00	 4.6270913204890486e-04	-3.7928952544500349e-05
 2.9145634969827183e+00	 4.5053257594220269e-04	-3.7928952544731053e-05
 2.9206994201342606e+00	 4.3835601983569823e-04	-3.7928952544510655e-05
 2.9268353432858034e+00	 4.2617946372907402e-04	-3.7928952544706503e-05
 2.9329712664373457e+00	 4.1400290762250830e-04	-3.7928952544546746e-05
 2.9391071895888885e+00	 4.0182635151592150e-04	-3.7928952544662877e-05
 2.9452431127404308e+00	 3.8964979540934884e-04	-3.7928952544593014e-05
 2.9513790358919736e+00	 3.7747323930273569e-04	-3.7928952544618642e-05
 2.9575149590435164e+00	 3.6529668319621974e-04	-3.7928952544630927e-05
 2.9636508821950587e+00	 3.5312012708952299e-04	-3.7928952544590900e-05
 2.9697868053466014e+00	 3.4094357098311270e-04	-3.7928952544645171e-05
 2.9759227284981438e+00	 3.2876701487629577e-04	-3.7928952544591842e-05
 2.9820586516496865e+00	 3.1659045877001243e-04	-3.7928952544627966e-05
 2.9881945748012289e+00	 3.0441390266307126e-04	-3.7928952544625188e-05
 2.9943304979527716e+00	 2.9223734655690290e-04	-3.7928952544579170e-05
 3.0004664211043139e+00	 2.8006079044986252e-04	-3.7928952544687435e-05
 3.0066023442558567e+00	 2.6788423434377022e-04	-3.7928952544505932e-05
 3.0127382674073995e+00	 2.5570767823668197e-04	-3.7928952544768594e-05
 3.0188741905589418e+00	 2.4353112213060520e-04	-3.7928952544420165e-05
 3.0250101137104846e+00	 2.3135456602353541e-04	-3.7928952544854951e-05
 3.0311460368620269e+00	 2.1917800991740326e-04	-3.7928952544337156e-05
 3.0372819600135696e+00	 2.0700145381042498e-04	-3.7928952544930411e-05
 3.0434178831651120e+00	 1.9482489770416948e-04	-3.7928952544272781e-05
 3.0495538063166547e+00	 1.8264834159734366e-04	-3.7928952544979878e-05
 3.0556897294681971e+00	 1.7047178549091461e-04	-3.7928952544240933e-05
 3.0618256526197398e+00	 1.5829522938427614e-04	-3.7928952544992021e-05
 3.0679615757712821e+00	 1.4611867327765172e-04	-3.7928952544249383e-05
 3.0740974989228249e+00	 1.3394211717120423e-04	-3.7928952544963276e-05
 3.0802334220743677e+00	 1.2176556106440351e-04	-3.7928952544297196e-05
 3.0863693452259100e+00	 1.0958900495811085e-04	-3.7928952544899139e-05
 3.0925052683774528e+00	 9.7412448851185774e-05	-3.7928952544374215e-05
 3.0986411915289951e+00	 8.5235892744980988e-05	-3.7928952544813527e-05
 3.1047771146805379e+00	 7.3059336638008098e-05	-3.7928952544463696e-05
 3.1109130378320802e+00	 6.0882780531810034e-05	-3.7928952544724914e-05
 3.1170489609836229e+00	 4.8706224424871188e-05	-3.7928952544545709e-05
 3.1231848841351653e+00	 3.6529668318600753e-05	-3.7928952544653445e-05
 3.1293208072867080e+00	 2.4353112211766966e-05	-3.7928952544602670e-05
 3.1354567304382504e+00	 1.2176556105365777e-05	-3.7928952544613797e-05
